id,chapter_id,section_id,source_order,verse_number,text
33001f3b-215f-53fc-a2e2-2b23e4a7ed17,8fde9cce-05d9-5ad0-a4ed-9d451e173afc,929959c2-84c2-5ebe-ac19-c5979fdb6141,13,13,ነገር ግን የሕዝቡ ቍጥር ብዙ ነው፤ ጊዜውም የትልቅ ዝናብ ጊዜ ነው፤ በሜዳም ልንቆም አንችልም፤ በዚህም ነገር እጅግ በድለናልና ይህ ሥራ የአንድ ወይም የሁለት ቀን ሥራ አይደለም።
e412ecdf-e7c0-5cc2-a218-9f85b066a935,8fde9cce-05d9-5ad0-a4ed-9d451e173afc,929959c2-84c2-5ebe-ac19-c5979fdb6141,14,14,አለቆቻችንም በጉባኤው ፋንታ ሁሉ ይቁሙ፤ ስለዚህም ነገር የአምላካችን ጽኑ ቍጣ ከእኛ ይመለስ ዘንድ እንግዶቹን ሴቶች ያገቡት በከተሞቻችን ያሉት ሁሉ በተቀጠረው ጊዜ ይምጡ፤ ከእነርሱም ጋር የከተማው ሁሉ ሽማግሌዎችና ፈራጆች ይምጡ።”
45887d62-987e-54e5-a38f-4b350e8b881f,8fde9cce-05d9-5ad0-a4ed-9d451e173afc,929959c2-84c2-5ebe-ac19-c5979fdb6141,15,15,ነገር ግን የአሣሄል ልጅ ዮናታንና የቴቁዋ ልጅ የሐዝያ ስለዚህ ነገር ከእኔ ጋር ናቸው፤ ሜሱላምና ሌዋዊው ሰባታይም ይረዱአቸው ነበር።
2242dbd2-fefb-5d69-a205-b8d1ce6eb18f,8fde9cce-05d9-5ad0-a4ed-9d451e173afc,929959c2-84c2-5ebe-ac19-c5979fdb6141,16,16,የስደተኞቹም ልጆች እንዲህ አደረጉ፤ ካህኑ ዕዝራ፥ የአባቶችም ቤቶች አለቆች በየአባቶቻቸው ቤቶች ሁሉም በየስማቸው ተለዩ፤ በዐሥረኛውም ወር በመጀመሪያው ቀን ነገሩን ይመረምሩ ዘንድ ተቀመጡ።
c9f298cc-b4ca-5a18-a837-36255046def9,8fde9cce-05d9-5ad0-a4ed-9d451e173afc,929959c2-84c2-5ebe-ac19-c5979fdb6141,17,17,እስከ መጀመሪያውም ወር እስከ መጀመሪያው ቀን ድረስ ሠርተው እንግዶቹን ሴቶች ያገቡትን ሰዎች ሁሉ መርምረው ጨረሱ።
2a12a95b-512c-513c-a74c-49369c54e012,8fde9cce-05d9-5ad0-a4ed-9d451e173afc,84d0669c-c9d0-5bfa-a63c-d9a0cbe1c531,1,18,ከካህናቱም ወገን ልጆች እንግዶቹን ሴቶች ያገቡ ሰዎች ተገኙ፤ ከኢዮሴዴቅ ልጅ ከኢያሱ ልጆችና ከወንድሞቹ ማዓሥያ፥ አልዓዛር፥ ኦሬም፥ ገዳልያ።
12b60112-2616-5c6b-a218-ecf77a807ca0,8fde9cce-05d9-5ad0-a4ed-9d451e173afc,84d0669c-c9d0-5bfa-a63c-d9a0cbe1c531,2,19,ሚስቶቻቸውን ይፈቱ ዘንድ እጃቸውን ሰጡ፤ ስለ በደላቸውም ከመንጋው አንድ አውራ በግ ለበደል መሥዋዕት አቀረቡ።
ae6c6751-bd35-5628-a935-08d6d58392a9,8fde9cce-05d9-5ad0-a4ed-9d451e173afc,84d0669c-c9d0-5bfa-a63c-d9a0cbe1c531,3,20,ከኢሚር ልጆችም አናኒና ዝብድያ።
a0e10ddd-342c-5b72-a559-aadd8bdd9865,8fde9cce-05d9-5ad0-a4ed-9d451e173afc,84d0669c-c9d0-5bfa-a63c-d9a0cbe1c531,4,21,ከኤራም ልጆችም መሳሔል፥ ኤልያ፥ ሴሚያ፥ ያሔል፥ ዖዝያ።
45a45f64-74c1-5654-ad3b-6a5499b3b25d,8fde9cce-05d9-5ad0-a4ed-9d451e173afc,84d0669c-c9d0-5bfa-a63c-d9a0cbe1c531,5,22,ከጳሰኮር ልጆችም ኤልዮና፥ መሐሰዓ፥ ይስማኤል፥ ናትናኤል፥ ኢዮዛባድ፥ ኤልሣ።
822ff17e-ee8d-5bab-a9a4-1dd6878a1b7c,8fde9cce-05d9-5ad0-a4ed-9d451e173afc,84d0669c-c9d0-5bfa-a63c-d9a0cbe1c531,6,23,ከሌዋውያንም ኢዮዛባድ፥ ሰሜኢ፥ ቆሊጣስ የሚባል ቆልያ፥ ፈዲሓ፥ ይሁዳ፥ አልዓዛር።
17c53baa-1dc1-5a77-a0bb-062bbdc63f34,8fde9cce-05d9-5ad0-a4ed-9d451e173afc,84d0669c-c9d0-5bfa-a63c-d9a0cbe1c531,7,24,ከመዘምራንም ኤልያሴብ፤ ከበረኞችም ሰሎም፥ ጤሎም፥ ኡሪ።
9922b295-a316-5cb2-ac5d-b18f3ba2fd78,8fde9cce-05d9-5ad0-a4ed-9d451e173afc,84d0669c-c9d0-5bfa-a63c-d9a0cbe1c531,8,25,ከእስራኤልም ከፋሮስ ልጆች ራምያ፥ ዖዝያ፥ መልክያ፥ ሚያሚን፥ አልዓዛር፥ መልክያ፥ ቤንያህ።
acae0ebe-1bde-5787-aa60-018c3aff805a,8fde9cce-05d9-5ad0-a4ed-9d451e173afc,84d0669c-c9d0-5bfa-a63c-d9a0cbe1c531,9,26,ከኤላም ልጆችም መታንያ፥ ዘካርያስ፥ ኢያኤል፥ አብዲ፥ ይሬሞት፥ ኤልያ።
90c058e1-0cb7-5945-a1f1-0427fc8c68f1,8fde9cce-05d9-5ad0-a4ed-9d451e173afc,84d0669c-c9d0-5bfa-a63c-d9a0cbe1c531,10,27,ከዛቱ ልጆችም ዔሊዔናይ፥ ኤልያሴብ፥ መታንያ፥ ኤርሞት፥ ዛባድ፥ ዓዚዛ።
72708ff2-7790-5b11-a43e-627a8aef6969,8fde9cce-05d9-5ad0-a4ed-9d451e173afc,84d0669c-c9d0-5bfa-a63c-d9a0cbe1c531,11,28,ከቤባይ ልጆችም ዮሐናን፥ ሐናንያ፥ ዘባይ፥ አጥላይ።
54d4e732-78cd-5c61-acc9-8f7c08104962,8fde9cce-05d9-5ad0-a4ed-9d451e173afc,84d0669c-c9d0-5bfa-a63c-d9a0cbe1c531,12,29,ከባኒ ልጆችም ሜሱላም፥ መሉክ፥ ዓዳያ፥ ያሱብ፥ ሳዓል፥ ራሞት።
6a344aaf-b6b3-5da8-ad5e-bf6f8151f8cd,8fde9cce-05d9-5ad0-a4ed-9d451e173afc,84d0669c-c9d0-5bfa-a63c-d9a0cbe1c531,13,30,ከፈሐት ሞዓብ ልጆችም ዓድና፥ ክላል፥ በናያስ፥ ማዕሴያ፥ መታንያ፥ ባስልኤል፥ በነዊ፥ ምናሴ።
761293e8-a0be-5343-a40c-3725ee47413a,8fde9cce-05d9-5ad0-a4ed-9d451e173afc,84d0669c-c9d0-5bfa-a63c-d9a0cbe1c531,14,31,ከኤራም ልጆችም አልዓዛር፥ ይሲያ፥ ሚልክያ፥ ሰማያ፥ ስምዖን፥
f56d8bfe-4651-543b-a786-6c3f109a5cf7,8fde9cce-05d9-5ad0-a4ed-9d451e173afc,84d0669c-c9d0-5bfa-a63c-d9a0cbe1c531,15,32,ብንያም፥ መሉክ፥ ሰማርያ።
aa5a61d8-5145-5105-a3f3-0ee51f61f3df,8fde9cce-05d9-5ad0-a4ed-9d451e173afc,84d0669c-c9d0-5bfa-a63c-d9a0cbe1c531,16,33,ከሐሱም ልጆችም መታንያ፥ መታታ፥ ዛባድ፥ ኤሊፋልጥ፥ ይሬማይ፥ ምናሴ፥ ሰሜኢ።
3c417efe-d41f-5463-abc7-6d924b3da968,8fde9cce-05d9-5ad0-a4ed-9d451e173afc,84d0669c-c9d0-5bfa-a63c-d9a0cbe1c531,17,34,ከባኒ ልጆችም ማዕዳይ፥ ዓምራም፥ ኡኤል፥
3d455a12-4009-588a-a717-95e66c16c316,8fde9cce-05d9-5ad0-a4ed-9d451e173afc,84d0669c-c9d0-5bfa-a63c-d9a0cbe1c531,18,35,በናያስ፥ በዳያ፥ ኬልቅያ፥
4e0f31f5-d512-52bb-aa42-83069d5983e0,8fde9cce-05d9-5ad0-a4ed-9d451e173afc,84d0669c-c9d0-5bfa-a63c-d9a0cbe1c531,19,36,ውንያ፥ መሪሙት፥ ኤልያሴብ፤
aef8d920-2712-5d64-a25a-a9e236b49f96,8fde9cce-05d9-5ad0-a4ed-9d451e173afc,84d0669c-c9d0-5bfa-a63c-d9a0cbe1c531,20,37,መታንያ፥ መትናይ፥ የዕሡ፤
9fab70f8-7a2f-5ee0-a84d-e8ff98b7ac14,8fde9cce-05d9-5ad0-a4ed-9d451e173afc,84d0669c-c9d0-5bfa-a63c-d9a0cbe1c531,21,38,የባኔይ ልጆችና የሰሜይ ልጆች፤
8bf95cfa-bd8d-5661-ab7f-2ef3bb300f90,8fde9cce-05d9-5ad0-a4ed-9d451e173afc,84d0669c-c9d0-5bfa-a63c-d9a0cbe1c531,22,39,ሰሌምያ፥ ናታን፥ ሐዳያ፤
c8bd434c-9b96-56c7-aca2-c41043eeed73,8fde9cce-05d9-5ad0-a4ed-9d451e173afc,84d0669c-c9d0-5bfa-a63c-d9a0cbe1c531,23,40,መክነድባይ፥ ሴሴይ፥ ሰራይ፤
502124e0-d4f5-50ef-ac38-9495bb60aac7,8fde9cce-05d9-5ad0-a4ed-9d451e173afc,84d0669c-c9d0-5bfa-a63c-d9a0cbe1c531,24,41,ኤዛርኤል፥ ሰሌምያ፥ ሰማርያ፥
6d5f94d4-9b0d-561b-abfe-ccc6695f9c21,8fde9cce-05d9-5ad0-a4ed-9d451e173afc,84d0669c-c9d0-5bfa-a63c-d9a0cbe1c531,25,42,ሰሎም፥ አማርያ፥ ዮሴፍ።
991494e2-f08e-54cd-a9f6-e86120971800,8fde9cce-05d9-5ad0-a4ed-9d451e173afc,84d0669c-c9d0-5bfa-a63c-d9a0cbe1c531,26,43,ከናቡ ልጆችም ይዒኤል፥ መታትያ፥ ዛባድ፥ ዛብንያ፥ ያዳይ፥ ኢዮኤል፥ በናያስ።
2b091dca-646e-50f4-a6c5-694b9609e218,8fde9cce-05d9-5ad0-a4ed-9d451e173afc,84d0669c-c9d0-5bfa-a63c-d9a0cbe1c531,27,44,እነዚህ ሁሉ እንግዶቹን ሚስቶች አግብተው ነበር፤ ከእነዚህም ሚስቶች ዐያሌዎቹ ልጆችን ወልደው ነበር።
1d0a28f8-7055-5b2b-a064-18f16c9a933f,88a47b00-f0a8-5b11-a5d9-0e04007c3d56,60d01ab5-9ae8-5145-a888-8a8e9bf80d50,1,1,የኬልቅያ ልጅ የነህምያ ቃል።
410a36d9-9e4c-59a2-a00e-77ff1159a0ce,88a47b00-f0a8-5b11-a5d9-0e04007c3d56,60d01ab5-9ae8-5145-a888-8a8e9bf80d50,2,2,ከወንድሞች አንዱ ሐናኒ፥ ከእርሱም ጋር ሌሎች ሰዎች ከይሁዳ መጡ፤ እኔም የዳኑትን፥ ከምርኮም የተረፉትን የአይሁድን ነገር፥ የኢየሩሳሌምንም ነገር ጠየቅኋቸው።
81e2cfe0-38c8-5d56-a913-70561e811840,88a47b00-f0a8-5b11-a5d9-0e04007c3d56,60d01ab5-9ae8-5145-a888-8a8e9bf80d50,3,3,እነርሱም፥ “በዚያ ስፍራ ያሉት ከምርኮ የተረፉት ቅሬታዎች በታላቅ መከራና ስድብ አሉ፤ የኢየሩሳሌምም ቅጥር ፈርሶአል፥ በሮችዋም በእሳት ተቃጥለዋል” አሉኝ።
1eec6cc0-cd73-5219-a67e-865ade30f713,88a47b00-f0a8-5b11-a5d9-0e04007c3d56,60d01ab5-9ae8-5145-a888-8a8e9bf80d50,4,4,ይህንም ቃል በሰማሁ ጊዜ ተቀምጬ አለቀስሁ፤ አያሌ ቀንም አዝን ነበር፤ በሰማይም አምላክ ፊት እጾምና እጸልይ ነበር፤ እንዲህም አልሁ፦
683e8b29-89f9-5f9e-acb0-1326f8d58ee5,88a47b00-f0a8-5b11-a5d9-0e04007c3d56,60d01ab5-9ae8-5145-a888-8a8e9bf80d50,5,5,“አቤቱ የሰማይ አምላክ ሆይ፥ ለሚወድዱህና ትእዛዝህን ለሚያደርጉ ቃል ኪዳንንና ምሕረትን የምትጠብቅ፥ ታላቅና የተፈራህ አምላክ ሆይ፥
20b52c8e-75ff-5e22-a3d8-f5ab332ccba4,88a47b00-f0a8-5b11-a5d9-0e04007c3d56,60d01ab5-9ae8-5145-a888-8a8e9bf80d50,6,6,እኔ ባሪያህ ዛሬ በፊትህ ስለ ባሪያዎችህ ስለ እስራኤል ልጆች ሌሊትና ቀን የምጸልየውን ጸሎት ትሰማ ዘንድ ጆሮዎችህ ያድምጡ፤ ዐይኖችህም ይከፈቱ፤ በአንተ ላይም ያደረግነውን የእስራኤልን ልጆች ኀጢአት ለአንተ እንናዘዛለን፤ እኔም፥ የአባቴም ቤት በድለናል።
736d6977-a701-51f9-a6b6-78e1ccee1505,88a47b00-f0a8-5b11-a5d9-0e04007c3d56,60d01ab5-9ae8-5145-a888-8a8e9bf80d50,7,7,እኛም በአንተ ላይ እጅግ ክፉ ሠርተናል፤ ለባሪያህም ለሙሴ ያዘዝኸውን ትእዛዝና ሥርዐት፥ ሕጉንም አልጠበቅንም።
07164f3e-96bd-570c-a0f5-22199bfbb917,88a47b00-f0a8-5b11-a5d9-0e04007c3d56,60d01ab5-9ae8-5145-a888-8a8e9bf80d50,8,8,“አሁንም ለሙሴ ለባሪያህ እንዲህ ስትል ያዘዝሃትን ነገር አስብ። ብትበድሉም በአሕዛብ መካከል እበትናችኋለሁ።
a742ad18-40d2-5e8f-a2ca-eb923b92e5b3,88a47b00-f0a8-5b11-a5d9-0e04007c3d56,60d01ab5-9ae8-5145-a888-8a8e9bf80d50,9,9,ወደ እኔ ብትመለሱ ግን፥ ትእዛዜንም ብትጠብቁ፥ ብታደርጓትም ምንም ከእናንተ ሰዎች እስከ ሰማይ ዳርቻ ቢበተኑ፥ ከዚያ እሰበስባቸዋለሁ፤ ስሜም ይኖርበት ዘንድ ወደ መረጥሁት ስፍራ አመጣቸዋለሁ።
f598e871-ebe3-57ab-a99b-0b5e6f48ab68,88a47b00-f0a8-5b11-a5d9-0e04007c3d56,60d01ab5-9ae8-5145-a888-8a8e9bf80d50,10,10,“እነዚህም በታላቅ ኀይልህና በብርቱ እጅህ የተቤዥሃቸው ባሪያዎችህና ሕዝብህ ናቸው።
f88545f8-d680-5e1a-a423-ebe294498113,88a47b00-f0a8-5b11-a5d9-0e04007c3d56,60d01ab5-9ae8-5145-a888-8a8e9bf80d50,11,11,ጌታ ሆይ፥ ጆሮህ የባሪያህን ጸሎት፥ ስምህንም ይፈሩ ዘንድ የሚወድዱትን የባሪያዎችህን ጸሎት ያድምጥ፤ ዛሬም ለባሪያህ አከናውንለት፤ በዚህም ሰው ፊት ምሕረትን ስጠው።” እኔም ለንጉሡ ጠጅ አሳላፊ ነበርሁ።
d022bd46-2ef4-55f9-a5bc-12dab5ccb1dd,76fa970b-9b7f-5cb3-aed8-07ec85d704cc,bf2d765c-caa8-547b-a3bd-7f535b350f37,1,1,በንጉሡ በአርተሰስታ በሃያኛው ዓመተ መንግሥት በኔሳን ወር የወይን ጠጅ በፊቱ ነበር፤ ጠጁንም አንሥቼ ለንጉሡ ሰጠሁት። በፊቱም ሌላ ሰው አልነበረም።
758963ce-dcb3-53c7-a0dd-44b2d2e2c28c,76fa970b-9b7f-5cb3-aed8-07ec85d704cc,bf2d765c-caa8-547b-a3bd-7f535b350f37,2,2,ንጉሡም፥ “ሳትታመም ፊትህ ለምን አዘነ? ይህ የልብ ኀዘን ነው እንጂ ሌላ አይደለም” አለኝ። እጅግም ብዙ አድርጌ ፈራሁ።
903e38a3-f78d-57a8-a94c-0f1a3cb4b582,76fa970b-9b7f-5cb3-aed8-07ec85d704cc,bf2d765c-caa8-547b-a3bd-7f535b350f37,3,3,ንጉሡንም፥ “ንጉሡ ለዘለዓለም ይኑር፤ የአባቶች መቃብር ያለባት ከተማ ተፈትታለችና፥ በሮችዋም በእሳት ተቃጥለዋልና ፊቴ ስለ ምን አያዝን?” አልሁት።
f810ee0b-ac0c-54cd-ab24-9db2bb286556,76fa970b-9b7f-5cb3-aed8-07ec85d704cc,bf2d765c-caa8-547b-a3bd-7f535b350f37,4,4,ንጉሡም፥ “ምን ትለምነኛለህ?” አለኝ። እኔም ወደ ሰማይ አምላክ ጸለይሁ።
00509a3a-451e-5488-a3bc-abf6144aff33,76fa970b-9b7f-5cb3-aed8-07ec85d704cc,bf2d765c-caa8-547b-a3bd-7f535b350f37,5,5,ንጉሡንም፥ “ንጉሡን ደስ ቢያሰኝህ፥ ባሪያህም በፊትህ ሞገስ ቢያገኝ፥ እሠራው ዘንድ ወደ ይሁዳ ወደ አባቶች መቃብር ከተማ ስደደኝ” አልሁት።
554f69fe-f3ae-5b85-a814-73ab5d98043e,76fa970b-9b7f-5cb3-aed8-07ec85d704cc,bf2d765c-caa8-547b-a3bd-7f535b350f37,6,6,ንግሥቲቱም፦ በአጠገቡ ተቀምጣ ሳለች ንጉሡ፥ “መንገድህ እስከ መቼ ድረስ ይሆናል? መቼስ ትመለሳለህ?” አለኝ። ንጉሡም ይሰድደኝ ዘንድ ደስ አለው፤ እኔም ጊዜውን ነገርሁት፤ እርሱም አሰናበተኝ።
654f02a8-a731-512f-a508-dc21d4db9d9d,76fa970b-9b7f-5cb3-aed8-07ec85d704cc,bf2d765c-caa8-547b-a3bd-7f535b350f37,7,7,ንጉሡንም፥ “ንጉሥ ደስ ቢለው፥ እስከ ይሁዳ ሀገር እንዲያደርሱኝ በወንዝ ማዶ ላሉት ገዦች ደብዳቤ ይስጠኝ፤
1df8a4dc-52a7-59a8-a162-23f225e334d2,76fa970b-9b7f-5cb3-aed8-07ec85d704cc,bf2d765c-caa8-547b-a3bd-7f535b350f37,8,8,በቤቱም አጠገብ ላለው ለግንብ በሮች፥ ለከተማውም ቅጥር፥ ለምገባበትም ቤት እንጨት እንዲሰጠኝ ለንጉሡ ዱር ጠባቂ ለአሳፍ ደብዳቤ ይሰጠኝ” አልሁት። ንጉሡም ሁሉን ሰጠኝ። የከበረች የአምላኬ እጅ ከእኔ ጋር ነበረችና።
02349807-acae-5e24-a0e0-29dc678ac0fb,76fa970b-9b7f-5cb3-aed8-07ec85d704cc,bf2d765c-caa8-547b-a3bd-7f535b350f37,9,9,በወንዙም ማዶ ወዳሉት ሀገረ ገዦች መጥቼ የንጉሡን ደብዳቤዎች ሰጠኋቸው። ንጉሡም ከእኔ ጋር የሠራዊቱን አለቆችና ፈረሰኞች ልኮ ነበር።
a0a5bbe0-5b80-527a-ab3d-2f202f6643bc,76fa970b-9b7f-5cb3-aed8-07ec85d704cc,bf2d765c-caa8-547b-a3bd-7f535b350f37,10,10,ሖሮናዊውም ሰንባላጥና አገልጋዩ አሞናዊው ጦብያ ለእስራኤል ልጆች መልካምን ነገር የሚሻ ሰው እንደ መጣ በሰሙ ጊዜ እጅግ ተበሳጩ።
b4a0610e-47a6-5326-ae93-5ff42a56c5dc,76fa970b-9b7f-5cb3-aed8-07ec85d704cc,bf2d765c-caa8-547b-a3bd-7f535b350f37,11,11,ወደ ኢየሩሳሌምም ደረስሁ፤ በዚያም ሦስት ቀን ተቀመጥሁ።
2b0b0878-76a0-566c-abf3-673808849af4,76fa970b-9b7f-5cb3-aed8-07ec85d704cc,bf2d765c-caa8-547b-a3bd-7f535b350f37,12,12,በሌሊትም ተነሣሁ፤ ከእኔም ጋር ጥቂት ሰዎች ነበሩ፤ እግዚአብሔርም ለኢየሩሳሌም አደርገው ዘንድ በልቤ ያኖረውን ለማንም አላስታወቅሁም፤ ተቀምጬበት ከነበረው እንስሳ በቀር ከእኔ ጋር ምንም እንስሳ አልነበረም።
558caad2-e145-55ac-a6ca-804a94f6e562,76fa970b-9b7f-5cb3-aed8-07ec85d704cc,bf2d765c-caa8-547b-a3bd-7f535b350f37,13,13,በሸለቆውም በር ወጣሁ፤ ወደ በለስም ምንጭና ወደ ጕድፍ መጣያው በር ሄድሁ፤ የፈረሰውንም የኢየሩሳሌምን ቅጥር፥ በእሳትም የተቃጠሉትን በሮችዋን ተመለከትሁ።
257ba32a-ffeb-59f8-af7d-e9b040e4f2d9,76fa970b-9b7f-5cb3-aed8-07ec85d704cc,bf2d765c-caa8-547b-a3bd-7f535b350f37,14,14,ወደ ምንጩም በርና ወደ ንጉሡም መዋኛ አለፍሁ፤ ተቀምጬበት የነበረው እንስሳም የሚያልፍበት ስፍራ አልነበረም።
831161be-93e2-5e8e-a81c-228e28430976,76fa970b-9b7f-5cb3-aed8-07ec85d704cc,bf2d765c-caa8-547b-a3bd-7f535b350f37,15,15,በሌሊትም በፈፋው በኩል ወጥቼ ቅጥሩን ተመለከትሁ፤ በሸለቆውም በር ገባሁ፤ እንዲሁም ተመለስሁ።
2e9eea84-54b1-5071-a86d-1967678119f5,76fa970b-9b7f-5cb3-aed8-07ec85d704cc,bf2d765c-caa8-547b-a3bd-7f535b350f37,16,16,ጠባቆች ግን ወዴት እንደ ሄድሁ፥ ምን እንዳደረግሁም አላወቁም ነበር፤ ለአይሁድና ለካህናቱ፥ ለታላላቆችና ለሹሞቹም፥ ሥራም ይሠሩ ለነበሩት ለሌሎች እስከዚያ ጊዜ ገና አልተናገርሁም ነበር።
7163ba37-2c09-5208-ad30-ab13288f35fe,76fa970b-9b7f-5cb3-aed8-07ec85d704cc,bf2d765c-caa8-547b-a3bd-7f535b350f37,17,17,እኔም፥ “እኛ ያለንበትን ጕስቍልና፥ ኢየሩሳሌም እንደ ፈረሰች፥ በሮችዋም በእሳት እንደ ተቃጠሉ ታያላችሁ። አሁንም ከእንግዲህ ወዲህ መሳለቂያ እንዳንሆን ኑና የኢየሩሳሌምን ቅጥር እንሥራ” አልኋቸው።
ccf55938-5879-5de8-adeb-46481d02c56b,76fa970b-9b7f-5cb3-aed8-07ec85d704cc,bf2d765c-caa8-547b-a3bd-7f535b350f37,18,18,የአምላኬም እጅ በእኔ ላይ መልካም እንደ ሆነች፥ ንጉሡም የነገረኝን ቃል ነገርኋቸው። “ተነሡ እንሥራ” አልኋቸው። እጆቻቸውንም ለበጎ ሥራ አበረቱ።
367408c7-447d-5b64-a114-f9763060d21a,76fa970b-9b7f-5cb3-aed8-07ec85d704cc,bf2d765c-caa8-547b-a3bd-7f535b350f37,19,19,ሖሮናዊውም ሰንባላጥ፥ አገልጋዩም አሞናዊው ጦቢያ፥ ዓረባዊውም ጌሳም በሰሙ ጊዜ በንቀት ሳቁብን፤ ቀላል አድርገውንም ወደ እኛ መጡና፥ “ይህ የምታደርጉት ነገር ምንድን ነው? በውኑ በንጉሡ ላይ ትሸፍቱ ዘንድ ትወድዳላችሁን?” አሉ።
a5463088-6091-5c8b-a803-512dd3b24fb4,76fa970b-9b7f-5cb3-aed8-07ec85d704cc,bf2d765c-caa8-547b-a3bd-7f535b350f37,20,20,እኔም መልሼ፥ “የሰማይ አምላክ ያከናውንልናል፤ እኛም ንጹሓን ባሪያዎቹ ተነሥተን እንሠራለን፤ እናንተ ግን በኢየሩሳሌም ዕድል ፋንታና መብት፥ መታሰቢያም የላችሁም” አልኋቸው።
fd4c6da1-7494-5a80-aa23-ca811a26b0ec,26418710-63ce-548d-a059-e05b8542317d,da89902c-d2a2-5365-a5b1-8e4824d8c596,1,1,ታላቁም ካህን ኤልያሴብና ወንድሞቹ ካህናት ተነሥተው የበግ በር ሠሩ፤ ቀደሱትም፤ ሳንቃዎቹንም አቆሙ፤ እስከ መቶ ግንብና እስከ ሐናንኤል ግንብ ድረስ ቀደሱት።
92d3e178-aaa2-54d6-a329-8c8567ee6ab7,26418710-63ce-548d-a059-e05b8542317d,da89902c-d2a2-5365-a5b1-8e4824d8c596,2,2,በአጠገቡም የኢያሪኮ ሰዎች ሠሩ፤ በአጠገባቸውም የአምሪ ልጅ የዘኩር ልጆች ሠሩ።
bcc86235-47d5-568e-a406-3e6d7ed7ce4a,26418710-63ce-548d-a059-e05b8542317d,da89902c-d2a2-5365-a5b1-8e4824d8c596,3,3,የአስናሃ ልጆችም የዓሣ በር ሠሩ፤ ሠረገሎቹንም አኖሩ፤ ሳንቃዎቹንም አቆሙ፥ ቍልፎቹንና መወርወሪያዎቹንም አደረጉ።
84101268-2126-52bf-a814-36cfa1ef0fd1,26418710-63ce-548d-a059-e05b8542317d,da89902c-d2a2-5365-a5b1-8e4824d8c596,4,4,በአጠገባቸውም የቆስ ልጅ የኡርያ ልጅ ሚራሞት ይሠራ ጀመረ። በአጠገባቸውም የሜሴዜቤል ልጅ የበራክያ ልጅ ሜሱላም ይሠራ ጀመረ። በአጠገባቸውም የበሃና ልጅ ሳዶቅ ይሠራ ጀመረ።
8ea90a7e-fd6a-5654-ac82-90e6bfe09fd0,26418710-63ce-548d-a059-e05b8542317d,da89902c-d2a2-5365-a5b1-8e4824d8c596,5,5,በአጠገባቸውም ቴቁሓውያን ይሠሩ ጀመሩ፤ ታላላቆቻቸው ግን ለሥራው አንገታቸውን አላዋረዱም።
5f59c1b9-1428-5c7d-aae8-ca5753b9ac97,26418710-63ce-548d-a059-e05b8542317d,da89902c-d2a2-5365-a5b1-8e4824d8c596,6,6,የፋሴሓ ልጅ ኢዮዳሄና የበሶድያ ልጅ ሜሱላም አሮጌውን በር አደሱ፤ ሰረገሎቹን አኖሩ፤ ሳንቃዎቹንም አቆሙ፤ ቍልፎቹንና መወርወሪያዎቹንም አደረጉ።
4ef38fab-61ad-59ec-ab16-b4422b9c8a6b,26418710-63ce-548d-a059-e05b8542317d,da89902c-d2a2-5365-a5b1-8e4824d8c596,7,7,በአጠገባቸውም ገባዖናዊው መልጥያና ሜሮናታዊው ያዴን፥ እስከ ወንዙም ማዶ አለቃ ግዛት የሆኑ የገባዖንና የመሴፋ ሰዎች ሠሩ።
7077123c-f237-5c5a-abc9-ae909cc4edaa,26418710-63ce-548d-a059-e05b8542317d,da89902c-d2a2-5365-a5b1-8e4824d8c596,8,8,በአጠገባቸውም ወርቅ አንጥረኛው የሐሬህያ ልጅ ዑዝኤል ሠራ። በአጠገቡም ከሽቱ ቀማሚዎች የነበረ ሐናንያ ሠራ፤ እስከ ሰፊው ቅጥር ድረስ ኢየሩሳሌምን ጠገኑ።
9fd8d6e4-9d25-5791-ad5f-335314621c1c,26418710-63ce-548d-a059-e05b8542317d,da89902c-d2a2-5365-a5b1-8e4824d8c596,9,9,በአጠገባቸውም የኢየሩሳሌም ግዛት እኩሌታ አለቃ የሆር ልጅ ረፋያ ሠራ።
c9244277-9de3-5e39-aa53-dec2574121b3,26418710-63ce-548d-a059-e05b8542317d,da89902c-d2a2-5365-a5b1-8e4824d8c596,10,10,በአጠገባቸውም የኤርማፍ ልጅ ይዳያ በቤቱ አንጻር ያለውን ሠራ። በአጠገቡም የአሰብንብሔም ልጅ ሐጡስ ሠራ።
05677987-db57-5bd1-aedb-a2a6743d383d,26418710-63ce-548d-a059-e05b8542317d,da89902c-d2a2-5365-a5b1-8e4824d8c596,11,11,የካሪም ልጅ መልክያ፥ የፈሐት ሞዓብ ልጅም አሱብ ሌላውን ክፍልና የእቶኑን ግንብ ሠሩ።
1826da3c-31ee-5cd0-ae49-f454fb91d236,26418710-63ce-548d-a059-e05b8542317d,da89902c-d2a2-5365-a5b1-8e4824d8c596,12,12,በአጠገባቸውም የኢየሩሳሌም ግዛት እኩሌታ ገዢ የአሎኤስ ልጅ ሰሎምና ሴቶች ልጆቹ ሠሩ።
765ee0c6-b882-5d2c-a5a7-636aca6c6046,26418710-63ce-548d-a059-e05b8542317d,da89902c-d2a2-5365-a5b1-8e4824d8c596,13,13,ሐኖንና የዘናን ሰዎችም የሸለቆውን በር አደሱ፤ ሠሩት፤ ሳንቃዎቹንም አቆሙ፥ ቍልፎቹንና መወርወሪያዎቹንም አደረጉ፤ ደግሞም እስከ ጕድፍ መጣያ በር ድረስ አንድ ሺህ ክንድ የሚሆን ቅጥር ሠሩ።
bf519813-5663-50c7-a5d7-b988334a07e4,26418710-63ce-548d-a059-e05b8542317d,da89902c-d2a2-5365-a5b1-8e4824d8c596,14,14,የቤትሐካሪምም ግዛት ገዢ የሬካብ ልጅ መልክያ ከወንድሞቹና ከልጆቹ ጋር የጕድፍ መጣያውን በር ሠራ፤ ከደነው፤ ሳንቃዎቹንም አቆመ፤ ቍልፎቹንና መወርወሪያዎቹንም አደረገ።
167cf878-00e0-5de2-aa80-732bded22233,26418710-63ce-548d-a059-e05b8542317d,da89902c-d2a2-5365-a5b1-8e4824d8c596,15,15,የመሴፋም ገዢ የኮልሐዜ ልጅ ሰሎም የምንጩን በር አደሰ፤ ሠራው፤ ከደነውም፤ ሳንቃዎቹንም አቆመ፤ ቍልፎቹንና መወርወሪያዎቹንም አደረገ፤ ከዳዊትም ከተማ እስከሚወርደው ደረጃ ድረስ በንጉሡ አትክልት አጠገብ ያለውን የመዋኛ ቅጥር ሠራ።
370dcae2-55f4-58ae-a96f-86d17d399f03,26418710-63ce-548d-a059-e05b8542317d,da89902c-d2a2-5365-a5b1-8e4824d8c596,16,16,ከእርሱም በኋላ የቤሶር ግዛት እኩሌታ ገዢ የዓዛቡህ ልጅ ነህምያ በዳዊት መቃብር አንጻር እስካለው ስፍራ፥ እስከ ተሠራውም መዋኛ፥ እስከ ኀያላኑም ቤት ድረስ ሠራ።
293add05-bf6d-5cf5-a6bb-b959dce04b7e,26418710-63ce-548d-a059-e05b8542317d,da89902c-d2a2-5365-a5b1-8e4824d8c596,17,17,ከእርሱም በኋላ ሌዋውያንና የባኒ ልጅ ሬሁም ሠሩ። በአጠገባቸውም የቅዒላ ግዛት እኩሌታና የአውራጃዎችዋ ገዢ አሰብያ ሠራ።
789e6044-40f1-59e1-aacd-1187856a4653,26418710-63ce-548d-a059-e05b8542317d,da89902c-d2a2-5365-a5b1-8e4824d8c596,18,18,ከእርሱም በኋላ የቅዔላ ግዛት እኩሌታ ገዢ የኤንሐዳድ ልጅ ቤኒይና ወንድሞቹ ሠሩ።
dda8bdcc-6b10-5851-a1f1-a56076942e44,26418710-63ce-548d-a059-e05b8542317d,da89902c-d2a2-5365-a5b1-8e4824d8c596,19,19,በአጠገቡም የመሴፋ ገዢ የኢያሱ ልጅ አዙር በማዕዘኑ አጠገብ በመወጣጫው ግንብ አንጻር ያለውን ሌላውን ክፍል ሠራ።
416c237d-0933-5bd8-adee-31d319aaf888,26418710-63ce-548d-a059-e05b8542317d,da89902c-d2a2-5365-a5b1-8e4824d8c596,20,20,ከእርሱም በኋላ የዘቡር ልጅ ባሮክ ከማዕዘኑ ጀምሮ እስከ ታላቁ ካህን እስከ ኤልያሴብ ቤት መግቢያ ድረስ ሌላውን ክፍል ተግቶ ሠራ።
a581dfac-aa2e-538e-ae78-79c5e3098818,26418710-63ce-548d-a059-e05b8542317d,da89902c-d2a2-5365-a5b1-8e4824d8c596,21,21,ከእርሱም በኋላ የአቆስ ልጅ የኡርያ ልጅ ሚራሞት ከኤልያሴብ ቤት መግቢያ ጀምሮ እሰከ ኤልያሴብ ቤት መጨረሻ ድረስ ሌላውን ክፍል ሠራ።
8ec3c5d9-b70f-5c9f-a034-e5dd8426f4f8,26418710-63ce-548d-a059-e05b8542317d,da89902c-d2a2-5365-a5b1-8e4824d8c596,22,22,ከእርሱም በኋላ የአካባቢው ሰዎች ካህናቱ ሠሩ።
eb2b8562-91ae-5945-a462-716c93d5f271,26418710-63ce-548d-a059-e05b8542317d,da89902c-d2a2-5365-a5b1-8e4824d8c596,23,23,ከእነርሱም በኋላ ብንያምና አሴብ በቤታቸው አንጻር ያለውን ሠሩ። ከእነርሱም በኋላ የሐናንያ ልጅ የመዓስያ ልጅ ዓዛርያስ በቤቱ አጠገብ ያለውን ሠራ።
e7b59582-7017-509a-a531-a145006101de,26418710-63ce-548d-a059-e05b8542317d,da89902c-d2a2-5365-a5b1-8e4824d8c596,24,24,ከእርሱም በኋላ የኢንሓዳድ ልጅ ባኒ ከዓዛርያስ ቤት ጀምሮ እስከ ማዕዘኑ እስከ ግንቡመዞሪያ ድረስ ያለውን ሌላውን ክፍል ሠራ።
27068199-1215-543d-ac92-d7b7df9ee7e7,26418710-63ce-548d-a059-e05b8542317d,da89902c-d2a2-5365-a5b1-8e4824d8c596,25,25,የኡዛይ ልጅ ፋልል በማዕዘኑ አንጻር ያለውንና በዘበኞች አደባባይ አጠገብ ከላይኛው የንጉሡ ቤት ወጥቶ የቆመውን ግንብ ሠራ። ከእርሱም በኋላ የፋሮስ ልጅ ፈዳያ ሠራ።
4f0bd6bd-df89-5842-a85a-03f97236a02d,26418710-63ce-548d-a059-e05b8542317d,da89902c-d2a2-5365-a5b1-8e4824d8c596,26,26,ናታኒምም በዖፌል በውኃው በር አንጻር በምሥራቅ በኩል ወጥቶ በቆመው ግንብ አጠገብ እስካለው ስፍራ ድረስ ተቀመጡ።
6ce20629-04ca-5914-add1-a6e4dfa20c4f,26418710-63ce-548d-a059-e05b8542317d,da89902c-d2a2-5365-a5b1-8e4824d8c596,27,27,ከእርሱም በኋላ ቴቁሐውያን ወጥቶ በቆመው በታላቁ ግንብ አንጻር ያለውን እስከ ዖፌል ቅጥር ድረስ ሌላውን ክፍል ሠሩ።
01aed47b-53e1-5a05-a7a9-35cb7cdd6cc0,26418710-63ce-548d-a059-e05b8542317d,da89902c-d2a2-5365-a5b1-8e4824d8c596,28,28,ከፈረሶች በር በላይ ካህናቱ እያንዳንዳቸው በየቤታቸው አንጻር ሠሩ።
c87053f5-a7a9-54e4-aa91-2ed20d9fa2de,26418710-63ce-548d-a059-e05b8542317d,da89902c-d2a2-5365-a5b1-8e4824d8c596,29,29,ከዚያም በኋላ የሄሜር ልጅ ሳዶቅ በቤቱ አንጻር ያለውን ሠራ። ከእርሱም በኋላ የምሥራቁ በር ጠባቂ የሴኬንያ ልጅ ሰማያ ሠራ።
166c4acf-b004-5498-a23e-beb793a96b7a,26418710-63ce-548d-a059-e05b8542317d,da89902c-d2a2-5365-a5b1-8e4824d8c596,30,30,ከእርሱም በኋላ የሰሎምያ ልጅ ሐናንያና የሴሌፍ ስድስተኛው ልጁ ሐኖን ሌላውን ክፍል ሠሩ። ከዚያም በኋላ የበራክያ ልጅ ሜሱላም በሙዳየ ምጽዋቱ አንጻር ያለውን ሠራ።
dbe9c7aa-22a5-5bfb-a4e7-ec105c0f1da9,26418710-63ce-548d-a059-e05b8542317d,da89902c-d2a2-5365-a5b1-8e4824d8c596,31,31,ከእርሱም በኋላ የሰራፊ ልጅ መልክያ እስከ ናታኒምና እስከ ነጋዴዎቹ ቤት ድረስ በሐሜፍቃድ በር አንጻር ያለውን እስከ ማዕዘኑ መውጫ ድረስ ሠራ።
8b56a951-6273-5aa2-ab7e-8636fa5feb31,26418710-63ce-548d-a059-e05b8542317d,da89902c-d2a2-5365-a5b1-8e4824d8c596,32,32,ከማዕዘኑም መውጫ ጀምረው እስከ በጎች በር ድረስ ወርቅ አንጥረኞችና ነጋዴዎች ሠሩ።
8b0d4804-0399-5295-af34-a712fae0644a,d19254d1-d5a2-59eb-aadf-4d634a01c54b,8b284fa5-2c6c-545f-aaeb-e4f4ae20cb1e,1,1,ሰንባላጥም ቅጥሩን እንደ ሠራን በሰማ ጊዜ እጅግ ተቈጣ፤ ተበሳጨም፤ በአይሁድም ሳቀባቸው።
8250061c-6a8c-5467-a558-db2aa5bb5cbc,d19254d1-d5a2-59eb-aadf-4d634a01c54b,8b284fa5-2c6c-545f-aaeb-e4f4ae20cb1e,2,2,በወንድሞቹና በሰማርያ ሠራዊትም ፊት፥ “ከተማቸውን የሚሠሩ እነዚህ ደካሞች አይሁድ ኀይላቸው ምንድን ነው? ይተዉላቸዋልን? ይሠዋሉን? በአንድ ቀንስ ይጨርሳሉን? የተቃጠለውንስ ድንጋይ ከፍርስራሹ መልሰው ያድኑታልን?” ብሎ ተናገረ።
765e3b56-86c2-5594-a769-9fdae018d43a,d19254d1-d5a2-59eb-aadf-4d634a01c54b,8b284fa5-2c6c-545f-aaeb-e4f4ae20cb1e,3,3,አሞናዊውም ጦቢያ ወደ እርሱ ቀርቦ፥ “በድንጋይ በሚሠሩት ቅጥራቸው ላይ ቀበሮ ቢወጣበት ያፈርሰዋል” አለ።
aa454e84-4ca8-597e-ad83-b381f590633c,d19254d1-d5a2-59eb-aadf-4d634a01c54b,8b284fa5-2c6c-545f-aaeb-e4f4ae20cb1e,4,4,አምላካችን ሆይ፥ ተንቀናልና ስማ፤ ስድባቸውን በራሳቸው ላይ መልስባቸው፤ በምርኮ ሀገር ለብዝበዛ አሳልፈህ ስጣቸው።
8d152ec6-ff3f-51ec-a3f5-7053f1d20f4f,d19254d1-d5a2-59eb-aadf-4d634a01c54b,8b284fa5-2c6c-545f-aaeb-e4f4ae20cb1e,5,5,በደላቸውንም አትክደን፤ ኀጢአታቸውም ከፊትህ አይደምሰስ፤ በሠራተኞች ፊት አስቈጥተውሃልና።
0d74fd55-89d2-58cf-a343-57ff27ec0b77,d19254d1-d5a2-59eb-aadf-4d634a01c54b,8b284fa5-2c6c-545f-aaeb-e4f4ae20cb1e,6,6,ቅጥሩንም ሠራን፤ ቅጥሩም ሁሉ እስከ እኩሌታው ድረስ ተጋጠመ፤ ሕዝቡ ከልብ ይሠራ ነበርና።
b1324672-4cd5-5212-ac4b-4d7d738b77f4,d19254d1-d5a2-59eb-aadf-4d634a01c54b,8b284fa5-2c6c-545f-aaeb-e4f4ae20cb1e,7,7,ሰንባላጥና ጦብያም፥ ዓረባውያንም፥ አሞናውያንም፥ አዛጦናውያንም የኢየሩሳሌም ቅጥር እየታደሰ እንደ ሄደ፥ የፈረሰውም ሊጠገን እንደ ተጀመረ በሰሙ ጊዜ እጅግ ተቈጡ።
5a533f5f-cb1d-5d08-a538-235303537256,d19254d1-d5a2-59eb-aadf-4d634a01c54b,8b284fa5-2c6c-545f-aaeb-e4f4ae20cb1e,8,8,መጥተውም ኢየሩሳሌምን ይወጉና ያፈርሷት ዘንድ ሁሉም በአንድነት ተሰበሰቡ።
5b17671a-5244-5907-a137-cd2df6170b9d,d19254d1-d5a2-59eb-aadf-4d634a01c54b,8b284fa5-2c6c-545f-aaeb-e4f4ae20cb1e,9,9,እኛም ወደ አምላካችን ጸለይን፤ ከእነርሱም የተነሣ በአንጻራቸው ተጠባባቂዎችን በሌሊትና በቀን አደረግን።
7e45cee6-aabb-5a96-a636-2eb62f80a8ef,d19254d1-d5a2-59eb-aadf-4d634a01c54b,8b284fa5-2c6c-545f-aaeb-e4f4ae20cb1e,10,10,ይሁዳም፥ “የተሸካሚዎች ኀይል ደከመ፤ ፍርስራሹም ብዙ ነው፤ ቅጥሩንም እንሠራ ዘንድ አንችልም” አሉ።
f913eef5-8767-52d9-a0aa-a8a8a432b98f,d19254d1-d5a2-59eb-aadf-4d634a01c54b,8b284fa5-2c6c-545f-aaeb-e4f4ae20cb1e,11,11,ጠላቶቻችንም፥ “ወደ መካከላቸው እስክንመጣና እስክንገድላቸው ድረስ፥ ሥራቸውንም እስክናስተጓጕል ድረስ አያውቁም፤ አያዩም” አሉ።
62eff03c-e4bb-5b87-a2db-8b0118791d3c,d19254d1-d5a2-59eb-aadf-4d634a01c54b,8b284fa5-2c6c-545f-aaeb-e4f4ae20cb1e,12,12,በአጠገባቸውም የተቀመጡት አይሁድ መጥተው፥ “ከስፍራው ሁሉ ይመጡብናል ብለው ዐሥር ጊዜ ነገሩን።”
76f43782-9dea-593d-a9e5-e10432e97b7d,d19254d1-d5a2-59eb-aadf-4d634a01c54b,8b284fa5-2c6c-545f-aaeb-e4f4ae20cb1e,13,13,ከቅጥሩም በስተኋላ በኩል ባለው በታችኛው ክፍል በሰዋራ ስፍራ ሰይፋቸውንና ጦራቸውን፥ ቀስታቸውንም አስይዤ ሕዝቡን በየወገናቸው አቆምኋቸው፤
f4f6e3dd-1f21-5ae8-a53e-d127f9e58e25,d19254d1-d5a2-59eb-aadf-4d634a01c54b,8b284fa5-2c6c-545f-aaeb-e4f4ae20cb1e,14,14,አይችም ተነሣሁ፤ ታላላቆቹንና ሹሞቹንም፥ የቀሩትንም ሕዝብ፥ “አትፍሩአቸው፤ ታላቁንና የተፈራውን አምላካችንን አስቡ፤ ስለ ወንድሞቻችሁም፥ ስለ ወንዶችና ሴቶች ልጆቻችሁም፥ ስለ ሚስቶቻችሁም፥ ስለ ቤቶቻችሁም ተዋጉ” አልኋቸው።
0f8df5f4-8fe5-5448-ad4e-51db2b63deda,d19254d1-d5a2-59eb-aadf-4d634a01c54b,8b284fa5-2c6c-545f-aaeb-e4f4ae20cb1e,15,15,ጠላቶቻችንም እንደ ዐወቅንባቸው፥ እግዚአብሔርም ምክራቸውን ከንቱ እንዳደረገው ሰሙ፤ እኛም ሁላችን ወደ ቅጥሩ እያንዳንዳችን ወደ ሥራችን ተመለስን።
e46f83c5-dd7d-5962-a288-a6058ac5410d,d19254d1-d5a2-59eb-aadf-4d634a01c54b,8b284fa5-2c6c-545f-aaeb-e4f4ae20cb1e,16,16,ከዚያም ቀን ጀምሮ እኩሌቶቹ ብላቴኖች ሥራ ይሠሩ ነበር፤ እኩሌቶቹም ጋሻና ጦር፥ ቀስትና ጥሩርም ይዘው በፊትና በኋላ ይጠብቁ ነበር፤ አለቆቹም ከይሁዳ ቤት ሁሉ በኋላ ይቆሙ ነበር።
301ac7a6-ec5e-57f7-add1-6d8c7bfbdbbb,d19254d1-d5a2-59eb-aadf-4d634a01c54b,8b284fa5-2c6c-545f-aaeb-e4f4ae20cb1e,17,17,ቅጥሩንም የሚሠሩትና ሸክም ተሸካሚዎቹ በአንድ እጃቸው ይሠሩ ነበር፤ በአንድ እጃቸውም የጦር መሣሪያቸውን ይይዙ ነበር።
b298ef46-8d81-5968-a891-3c5dd0c0687b,d19254d1-d5a2-59eb-aadf-4d634a01c54b,8b284fa5-2c6c-545f-aaeb-e4f4ae20cb1e,18,18,አናጢዎቹም ሁሉ እያንዳንዱ ሰይፉን በወገቡ ታጥቆ ይሠራ ነበር፤ ቀንደ መለከትም የሚነፋ በአጠገቤ ነበረ።
eb9312a4-05db-55d2-a0fc-facd80889569,d19254d1-d5a2-59eb-aadf-4d634a01c54b,8b284fa5-2c6c-545f-aaeb-e4f4ae20cb1e,19,19,ታላላቆቹንና ሹሞቹን፥ የቀሩትንም ሕዝብ፥ “ሥራው ታላቅና ሰፊ ነው፤ እኛም በቅጥሩ ላይ ተበታትነናል፤ አንዱም ከሁለተኛው ርቆአል፤
86c3c2e2-6dac-5f13-a4db-96f09d68ca3e,d19254d1-d5a2-59eb-aadf-4d634a01c54b,8b284fa5-2c6c-545f-aaeb-e4f4ae20cb1e,20,20,የቀንደ መለከቱን ድምፅ ወደምትሰሙበት ስፍራ ወደዚያ ወደ እኛ ተሰብሰቡ፤ አምላካችን ስለ እኛ ይዋጋል” አልኋቸው።
a90c87ce-dfbf-568e-a460-140ccb13d573,d19254d1-d5a2-59eb-aadf-4d634a01c54b,8b284fa5-2c6c-545f-aaeb-e4f4ae20cb1e,21,21,ሥራውንም እንሠራ ነበር፤ ከማለዳ ወገግታም ጀምሮ ከዋክብት እስኪወጡ ድረስ እኩሌቶቹ ጦር ይይዙ ነበር።
f59c5829-1e59-5dd5-ac56-fd71e352cd0c,d19254d1-d5a2-59eb-aadf-4d634a01c54b,8b284fa5-2c6c-545f-aaeb-e4f4ae20cb1e,22,22,ደግሞም በዚያ ጊዜ ሕዝቡን፥ “ሁላችሁ ከብላቴኖቻችሁ ጋር በኢየሩሳሌም ውስጥ እደሩ፤ በሌሊትም ጠባቂዎች ሁኑልን፤ በቀንም ሥሩ” አልኋቸው።
776faba5-65ba-5bc7-af3c-defb85ec4ba1,d19254d1-d5a2-59eb-aadf-4d634a01c54b,8b284fa5-2c6c-545f-aaeb-e4f4ae20cb1e,23,23,እኔና ወንድሞችም፥ ብላቴኖችም በኋላዬም የነበሩት ጠባቂዎች ልብሳችንን አናወልቅም ነበር። ወደ ውኃም ስንሄድ መሣሪያችንን እንደታጠቅን እንሄድ ነበር።
c959b2b9-103f-5c2e-ae24-1f25d1bd00b3,031363c0-d1dd-54a4-a2b4-5232c29120b0,120dbc1c-252a-5ec5-ad2d-a89fbfa70738,1,1,በወንድሞቻቸውም በአይሁድ ላይ ትልቅ የሕዝቡና የሚስቶቻቸው ጩኸት ሆነ።
c3d5e0b9-de76-55ca-af8e-a223e7fb33b2,031363c0-d1dd-54a4-a2b4-5232c29120b0,120dbc1c-252a-5ec5-ad2d-a89fbfa70738,2,2,“ከወንዶችና ሴቶች ልጆቻችን ጋር ብዙዎች ነን፤ በልተንም በሕይወት እንድንኖር እህልን እንሸምት” የሚሉ ነበሩ።
f86127ae-3402-50b4-a3a9-37cb7a50d553,031363c0-d1dd-54a4-a2b4-5232c29120b0,120dbc1c-252a-5ec5-ad2d-a89fbfa70738,3,3,“ከራብ የተነሣም እህልን እንሸምት ዘንድ እርሻችንንና ወይናችንን፥ ቤታችንንም አስይዘናል” የሚሉ ነበሩ።
5ffcbc9e-a9ec-5c0c-af02-b5f8c3faec0c,031363c0-d1dd-54a4-a2b4-5232c29120b0,120dbc1c-252a-5ec5-ad2d-a89fbfa70738,4,4,ሌሎቹም “ለንጉሡ ግብር እርሻችንንና ወይናችንን አስይዘን ገንዘብ ተበድረናል፤
9e0b352a-b5bb-5335-a936-ae21e8799ad5,031363c0-d1dd-54a4-a2b4-5232c29120b0,120dbc1c-252a-5ec5-ad2d-a89fbfa70738,5,5,አሁንም ሥጋችን እንደ ወንድሞቻችን ሥጋ፥ ልጆቻችንም እንደ ልጆቻቸው ናቸው፤ እነሆም ወንዶችና ሴቶች ልጆቻችን ባሪያዎች ይሆኑ ዘንድ ሰጥተናል፤ ከሴቶችም ልጆቻችን ባሪያዎች ሆነው የሚኖሩ አሉ፤ ታላላቆችም እርሻችንንና ወይናችንን ይዘዋልና ልናድናቸው አንችልም” የሚሉ ነበሩ።
0c629ea9-a075-59db-a1a4-281881938c51,031363c0-d1dd-54a4-a2b4-5232c29120b0,120dbc1c-252a-5ec5-ad2d-a89fbfa70738,6,6,እኔም ጩኸታቸውንና ይህን ቃል በሰማሁ ጊዜ እጅግ ዐዘንሁ።
6af330b8-984a-5a68-ab4f-dcf7e04b59e8,031363c0-d1dd-54a4-a2b4-5232c29120b0,120dbc1c-252a-5ec5-ad2d-a89fbfa70738,7,7,በልቤም አሰብሁ፤ ታላላቆቹንና ሹሞቹንም፥ “ሁላችሁ እያንዳንዳችሁ ወለድ ትወስዳላችሁ” ብዬ ተጣላኋቸው፤ ትልቅም ጉባኤ ሰበሰብሁባቸው።
1d2d74c6-c0f6-5822-a6b5-d79bf35d2077,031363c0-d1dd-54a4-a2b4-5232c29120b0,120dbc1c-252a-5ec5-ad2d-a89fbfa70738,8,8,እኔም፥ “ለአሕዛብ የተሸጡትን ወንድሞቻችንን አይሁድን በፈቃዳችን ተቤዠን፤ እናንተስ ወንድሞቻችሁን ትሸጣላችሁን? እነርሱስ ለእኛ የተሸጡ ይሆናሉን?” አልኋቸው። እነርሱም ዝም አሉ፤ መልስም አላገኙም።
073f2f94-7777-5dc3-a8eb-64c013c8c47c,031363c0-d1dd-54a4-a2b4-5232c29120b0,120dbc1c-252a-5ec5-ad2d-a89fbfa70738,9,9,ደግሞም አልሁ፥ “የምታደርጉት ነገር መልካም አይደለም፤ ጠላቶቻችን አሕዛብ እንዳይሰድቡን አምላካችንን በመፍራት ትሄዱ ዘንድ አይገባችሁምን?
6bb15798-6d41-5ffc-a871-cfe29c75e42e,031363c0-d1dd-54a4-a2b4-5232c29120b0,120dbc1c-252a-5ec5-ad2d-a89fbfa70738,10,10,እኔ ደግሞ፥ ወንድሞችም፥ ብላቴኖችም ገንዘብና እህል ለእነርሱ አበድረናል፤ እባካችሁ፥ ይህን ወለድ እንተውላቸው።
f9b7e9f2-80f3-52da-a8be-a38f7b31f9d3,031363c0-d1dd-54a4-a2b4-5232c29120b0,120dbc1c-252a-5ec5-ad2d-a89fbfa70738,11,11,እርሻቸውን፥ የወይናቸውንና የወይራቸውን ቦታ፥ ቤታቸውንም፥ ከእነርሱም የወሰዳችሁትን ገንዘቡንና እህሉን፥ ወይን ጠጁንና ዘይቱን እባካችሁ ዛሬ መልሱላቸው።”
06ef0d45-9c78-5d44-adcc-d73dace5a7f8,031363c0-d1dd-54a4-a2b4-5232c29120b0,120dbc1c-252a-5ec5-ad2d-a89fbfa70738,12,12,እነርሱም፥ “እንመልስላቸዋለን፤ ከእነርሱም ምንም አንሻም፤ እንደተናገርህ እንዲሁ እናደርጋለን” አሉ። ካህናቱንም ጠርቼ እንደዚህ ነገር ያደርጉ ዘንድ አማልኋቸው።
7358eb34-6944-56df-a0ff-341f73bfa7e2,031363c0-d1dd-54a4-a2b4-5232c29120b0,120dbc1c-252a-5ec5-ad2d-a89fbfa70738,13,13,ደግሞም ልብሴን አራገፍሁና፥ “ይህን ነገር የማያደርገውን ሰው ከቤቱና ከሥራው እንዲሁ እግዚአብሔር ያራግፈው፤ እንዲሁ የተራገፈና ባዶ ይሁን” አልሁ። ጉባኤውም ሁሉ፥ “አሜን” አሉ፤ እግዚአብሔርንም አመሰገኑ፤ ሕዝቡም እንደዚህ ነገር አደረጉ።
6ff76d2d-303d-5d08-a598-f822af28f0a0,031363c0-d1dd-54a4-a2b4-5232c29120b0,120dbc1c-252a-5ec5-ad2d-a89fbfa70738,14,14,ንጉሡም በይሁዳ ምድር ላይ አለቃ እሆን ዘንድ ካዘዘኝ ጊዜ ጀምሮ ከንጉሡ ከአርተሰስታ ከሃያኛው ዓመት እስከ ሠላሳ ሁለተኛው ዓመት ድረስ ዐሥራ ሁለት ዓመት ያህል እኔና ወንድሞች ለአለቃ የሚገባውን ቀለብ አልበላንም።
bd4b8511-2e5c-56f2-ab50-3b58d839c72b,031363c0-d1dd-54a4-a2b4-5232c29120b0,120dbc1c-252a-5ec5-ad2d-a89fbfa70738,15,15,ከእኔ አስቀድመው የነበሩት አለቆች ግን በሕዝቡ ላይ አክብደው ነበር፤ ስለ እንጀራውና ስለ ወይኑ አርባ ሰቅል ብር ይወስዱ ነበር፤ ሎሌዎቻቸውም ደግሞ በሕዝቡ ላይ ይሰለጥኑ ነበር። እኔ ግን እግዚአብሔርን ስለ ፈራሁ እንዲህ አላደረግሁም።
2fb7d747-171c-58ec-a72a-f77c59ea0a29,031363c0-d1dd-54a4-a2b4-5232c29120b0,120dbc1c-252a-5ec5-ad2d-a89fbfa70738,16,16,ደግሞም የቅጥሩን ሥራ ሠራሁ፤ እርሻም አልገዛሁም፤ ብላቴኖችም ሁሉ ወደዚያው ወደ ሥራው ተሰበሰቡ።
ecf59b40-e515-5251-a3d2-375cdebdff72,031363c0-d1dd-54a4-a2b4-5232c29120b0,120dbc1c-252a-5ec5-ad2d-a89fbfa70738,17,17,ደግሞም በዙሪያችን ካሉት አሕዛብ ወደ እኛ ከመጡት ሌላ ከአይሁድና ከሹሞቹ መቶ አምሳ ሰዎች በገበታዬ ነበሩ።
13091024-1c40-5ced-a27c-f66579746b62,031363c0-d1dd-54a4-a2b4-5232c29120b0,120dbc1c-252a-5ec5-ad2d-a89fbfa70738,18,18,ለአንድ ቀን አንድ በሬና ስድስት የሰቡ በጎች፥ አንድ ፍየልም፥ በዐሥር በዐሥር ቀንም ብዙ ልዩ ልዩ ዓይነት ወይን ጠጅ ይዘጋጅልኝ ነበር፤ ነገር ግን አገዛዝ በሕዝቡ ላይ ከብዶ ነበርና ለአለቃ የሚገባውን ቀለብ አልሻም ነበር።
b4ee886e-ef5d-5250-af4c-3cab9601d094,031363c0-d1dd-54a4-a2b4-5232c29120b0,120dbc1c-252a-5ec5-ad2d-a89fbfa70738,19,19,አምላኬ ሆይ፥ ለዚህ ሕዝብ ያደረግሁትን ሁሉ ለበጎነት አስብልኝ።
f80c47ce-861c-5aec-a08d-67d2e4310deb,f89b48f7-ce54-58b8-a2ba-34d9ac11157a,66d8c5af-5d20-580d-a872-9076873d2031,1,1,እንዲህም ሆነ፤ ቅጥሩን እንደ ሠራሁ፥ ከፍራሹም አንዳች እንዳልቀረበት ሰንባላጥና ጦቢያ ዓረባዊውም ጌሳም የቀሩትም ጠላቶቻችን ሰሙ፤ ነገር ግን እስከዚያ ጊዜ ድረስ በበሮቹ ውስጥ ሳንቃዎቹን አላቆምሁም ነበር።
dd71df26-6ea3-576c-a9c6-9ec1f9fa8409,f89b48f7-ce54-58b8-a2ba-34d9ac11157a,66d8c5af-5d20-580d-a872-9076873d2031,2,2,ሰንባላጥና ጌሳም፥ “መጥተህ በኦኖ ቈላ ውስጥ ባሉት መንደሮች እንገናኝ” ብለው ላኩብኝ፤ ነገር ግን ክፉ ያደርጉብኝ ዘንድ ይመክሩ ነበር።
c83fed12-aa97-530a-a4dd-a65aa4e48903,f89b48f7-ce54-58b8-a2ba-34d9ac11157a,66d8c5af-5d20-580d-a872-9076873d2031,3,3,እኔም እንዲህ ስል መልእክተኞችን ላክሁባቸው፥ “እኔ ታላቅ ሥራ እሠራለሁ፤ እወርድም ዘንድ አይቻለኝም። ስለምን ወደ እናንተ በመምጣቴና በመውረዴ ሥራው ይታጐላል? ሥራውን እንደ ፈጸምሁ እመጣለሁ።”
ad898183-f169-5881-a086-c961fdd37a21,f89b48f7-ce54-58b8-a2ba-34d9ac11157a,66d8c5af-5d20-580d-a872-9076873d2031,4,4,እንዲህም ቃል አራት ጊዜ ላኩብኝ፤ እኔም እንደ ፊተኛው ቃል መለስሁላቸው።
38c9bb1c-9c55-5f1a-a1c6-9a0b78a2ac52,f89b48f7-ce54-58b8-a2ba-34d9ac11157a,66d8c5af-5d20-580d-a872-9076873d2031,5,5,ሰንባላጥም እንደ ፊተኛው ብላቴናውን አምስተኛ ጊዜ ላከብኝ፤ በእጁም ውስጥ እንዲህ የሚል ግልጥ ደብዳቤ ነበረ፦
ddbd12cc-57e4-5aa0-a2c4-20178b74bfd2,f89b48f7-ce54-58b8-a2ba-34d9ac11157a,66d8c5af-5d20-580d-a872-9076873d2031,6,6,“አንተና አይሁድ ዓመፃ እንድታስቡ፥ ስለዚህም ቅጥሩን እንድትሠራ፥ ንጉሣቸውም ትሆን ዘንድ እንድትወድድ በአሕዛብ ዘንድ ተሰምቶአል።
0b3c53a9-2b31-59b0-a559-c1b6ef803171,f89b48f7-ce54-58b8-a2ba-34d9ac11157a,66d8c5af-5d20-580d-a872-9076873d2031,7,7,ደግሞም፦ ንጉሥ በይሁዳ አለ ብለው ስለ አንተ በኢየሩሳሌም ይናገሩ ዘንድ ነቢያትን አቁመሃል፤ አሁንም ለንጉሡ ይህን ቃል ያወሩለታል፤ እንግዲህ መጥተህ በአንድነት እንማከር።”
453f2fb2-36d2-51db-aa59-f78d6546a89a,f89b48f7-ce54-58b8-a2ba-34d9ac11157a,66d8c5af-5d20-580d-a872-9076873d2031,8,8,እኔም፥ “አንተ ከልብህ ፈጥረኸዋል እንጂ እንደ ተናገርኸው ነገር አይደለም” ብዬ ላክሁበት።
e57245d5-8aeb-52fa-a83d-c19003b4007d,f89b48f7-ce54-58b8-a2ba-34d9ac11157a,66d8c5af-5d20-580d-a872-9076873d2031,9,9,እነርሱም ሁሉ ሥራው እንዳይፈጸም፥ “እጃቸው ይደክማል” ብለው አስፈራሩን፤ ስለዚህም እጆችን አበረታሁ።
9a762fe8-bff0-5341-a342-315b0ff0385d,f89b48f7-ce54-58b8-a2ba-34d9ac11157a,66d8c5af-5d20-580d-a872-9076873d2031,10,10,እኔም ወደ መሔጣብኤል ልጅ ወደ ዶልያ ልጅ ወደ ሴሜይ ቤት ገባሁ፤ እርሱም ተዘግቶ ነበርና፥ “በእግዚአብሔር ቤት በመቅደሱ ውስጥ እንግባ፤ የመቅደሱንም ደጆች እንዝጋ፤ እነርሱ በሌሊት ይገድሉህ ዘንድ ይመጣሉና” አለኝ።
0114842e-ce9a-5169-af5d-0d29fb76f815,f89b48f7-ce54-58b8-a2ba-34d9ac11157a,66d8c5af-5d20-580d-a872-9076873d2031,11,11,እኔም፥ “እንደ እኔ ያለ ሰው የሸሸና፥ ነፍሱንስ ያድን ዘንድ ወደ መቅደስ የገባ ማን ነው? እኔስ አልገባም” አልሁት።
4e775d4b-91ff-5b2f-af2e-d5efa371a19d,f89b48f7-ce54-58b8-a2ba-34d9ac11157a,66d8c5af-5d20-580d-a872-9076873d2031,12,12,እግዚአብሔርም ልኮት እንዳልነበረ፥ በእኔ ላይ ግን ትንቢት እንደ ተናገረ፥ እነሆ፥ ዐወቅሁ፤ ጦብያና ሰንባላጥም ገዝተውት ነበር።
ae128d6b-ee7a-5f3b-ac9f-109aba1e51a8,f89b48f7-ce54-58b8-a2ba-34d9ac11157a,66d8c5af-5d20-580d-a872-9076873d2031,13,13,ይህንም ነገር አደርግና እበድል ዘንድ፥ በእኔም ላይ ክፋት እንዲናገሩና እንዲያላግጡ ያስፈራራኝ ዘንድ ተገዝቶ ነበር።
79c11e68-b066-5896-afe2-637697102d98,f89b48f7-ce54-58b8-a2ba-34d9ac11157a,66d8c5af-5d20-580d-a872-9076873d2031,14,14,አምላኬ ሆይ፥ ስለዚህ ሥራቸው ጦቢያንና ሰንባላጥን፥ ነቢይቱንም ኖዓድያን ያስፈራሩኝ ዘንድ የፈለጉትን፥ የቀሩትንም ነቢያት አስብ።
0dfdb0a5-e4bf-54e8-ae2d-2e35971eb38b,f89b48f7-ce54-58b8-a2ba-34d9ac11157a,914ea4b2-3be0-5f61-aa7a-f648cb205afb,1,15,ቅጥሩም በኤሉል ወር በሃያ አምስተኛው ቀን በአምሳ ሁለት ቀን ውስጥ ተጨረሰ።
b5a495d0-de2a-533c-adff-3ae4b12dda17,f89b48f7-ce54-58b8-a2ba-34d9ac11157a,914ea4b2-3be0-5f61-aa7a-f648cb205afb,2,16,እንዲህም ሆነ፤ ጠላቶቻችን ሁሉ ይህን በሰሙ ጊዜ በዙሪያችን የነበሩ አሕዛብ ሁሉ ፈሩ፤ አይተውም እጅግ ተደናገጡ፤ ይህም ሥራ በአምላካችን እንደ ተፈጸመ አወቁ።
275a4cd2-201f-5885-ae7a-550b47a878d7,f89b48f7-ce54-58b8-a2ba-34d9ac11157a,914ea4b2-3be0-5f61-aa7a-f648cb205afb,3,17,በዚያም ወራት ብዙ የይሁዳ አለቆች ወደ ጦብያ ደብዳቤዎችን ይልኩ ነበር፤ የጦብያም ደብዳቤዎች ወደ እነርሱ ይመጡ ነበር።
fa8a6207-e4a4-58f4-a0ad-c04943c57fb1,f89b48f7-ce54-58b8-a2ba-34d9ac11157a,914ea4b2-3be0-5f61-aa7a-f648cb205afb,4,18,ጦብያ የአራሄ ልጅ የሴኬንያ አማች ስለ ነበረ፥ ልጁም ዮሐናን የቤራክያን ልጅ የሜሱላምን ሴት ልጅ ስላገባ፥ በይሁዳ ብዙ ሰዎች ከእርሱ ጋር ተማምለው ነበርና።
59b9ca8b-25aa-54f8-a1b4-4f729b3aba30,f89b48f7-ce54-58b8-a2ba-34d9ac11157a,914ea4b2-3be0-5f61-aa7a-f648cb205afb,5,19,ደግሞም በፊቴ ስለ እርሱ መልካምነት ይናገሩ ነበር፤ የእርሱን ነገር ወደ እኔ ያመጡ ነበር፤ የእኔንም ቃል ወደ እርሱ ይወስዱ ነበር፤ ጦቢያም ሊያስፈራራኝ ደብዳቤዎችን ይልክ ነበር።
3ea3de41-de36-5f4f-a657-127b4a144614,db40924a-912a-5e3a-a975-efd88cab0184,ffd6b93c-7aea-5b5b-a134-6a319212ac87,1,1,እንዲህም ሆነ፤ ቅጥሩ ከተሠራ በኋላ፥ ሳንቃዎቹን አቆምሁ፤ በረኞቹንና መዘምራኑን፥ ሌዋውያኑንም ሾምሁ፤
e18abba7-3286-59b1-adf6-d8beb9ccdc6c,db40924a-912a-5e3a-a975-efd88cab0184,ffd6b93c-7aea-5b5b-a134-6a319212ac87,2,2,ወንድሜን ሃናኒንና የግንቡን አለቃ ሐናንያንም በኢየሩሳሌም ላይ ሾምኋቸው፤ እርሱም እውነተኛ ከሌሎቹም ይልቅ እግዚአብሔርን የሚፈራ ሰው ነበረ።
6d1feeb3-1378-5bbe-a644-7a36b3321149,db40924a-912a-5e3a-a975-efd88cab0184,ffd6b93c-7aea-5b5b-a134-6a319212ac87,3,3,እኔም፥ “ፀሐይ እስኪሞቅ ድረስ የኢየሩሳሌም በሮች አይከፈቱ፤ እነርሱም ቆመው ሳሉ ደጆቹን ይዝጉ፤ ይቈልፉም፤ ከኢየሩሳሌምም ሰዎች አንዳንዱን በየተራው፥ አንዳንዱንም በየቤቱ አንጻር ጠባቂዎችን አስቀምጡ” አልኋቸው።
dd1a7622-09e3-505f-a7c0-bb9d696298bb,db40924a-912a-5e3a-a975-efd88cab0184,ffd6b93c-7aea-5b5b-a134-6a319212ac87,4,4,ከተማዪቱም ሰፊና ታላቅ ነበረች፤ በውስጥዋ የነበሩ ሕዝብ ግን ጥቂቶች ነበሩ፤ ቤቶቹም ገና አልተሠሩም ነበር።
d97e7312-eac8-509b-a441-0955f03247e4,db40924a-912a-5e3a-a975-efd88cab0184,6fccf6b4-45f9-544e-a18f-1bca91a11730,1,5,እግዚአብሔርም ታላላቆቹንና ሹሞቹን፥ ሕዝቡንም ሰብስቤ በየትውልዳቸው እቈጥራቸው ዘንድ ልቤን አነሣሣ፤ አስቀድመው የመጡትንም ሰዎች የትውልድ መጽሐፋቸውን አገኘሁ፤ በእርሱም እንደዚህ ተጽፎ አገኘሁ።
ca9b01d1-5a23-55a6-a82c-ab15c61e1051,db40924a-912a-5e3a-a975-efd88cab0184,6fccf6b4-45f9-544e-a18f-1bca91a11730,2,6,የባቢሎን ንጉሥ ናቡከደነፆር ከማረካቸው ምርኮኞች ወደ ኢየሩሳሌምና ወደ ይሁዳ፥ ወደ እየከተማቸው የተመለሱት የሀገር ልጆች እነዚህ ናቸው።
4fc76752-a015-539a-a5c8-07d3a52e73d9,db40924a-912a-5e3a-a975-efd88cab0184,6fccf6b4-45f9-544e-a18f-1bca91a11730,3,7,ከዘሩባቤል፥ ከኢያሱ፥ ከነህምያ፥ ከአዛርያስ፥ ከረዓምያ፥ ከሄሜኔስ፥ ከመርዶክዮስ፥ ከበልሰማ፥ ከሚስፌሬት፥ ከዕዝራ፥ ከበጉዋይ፥ ከነሑም፥ ከበዓና፥ ከመስፈር ጋር መጡ። ከእስራኤልም ሕዝብ የወንዶች ቍጥር ይህ ነው፥
9b535b10-17d3-5bd0-a251-96d440827d7d,db40924a-912a-5e3a-a975-efd88cab0184,6fccf6b4-45f9-544e-a18f-1bca91a11730,4,8,የፋሮስ ልጆች ሁለት ሺህ አንድ መቶ ሰባ ሁለት።
e86a41ef-12cc-52c9-aabc-660a4833a503,db40924a-912a-5e3a-a975-efd88cab0184,6fccf6b4-45f9-544e-a18f-1bca91a11730,5,9,የሰፋጥያስ ልጆች ሦስት መቶ ሰባ ሁለት።
c19b8ee7-a876-5cf4-a60d-eb3fcf042e9a,db40924a-912a-5e3a-a975-efd88cab0184,6fccf6b4-45f9-544e-a18f-1bca91a11730,6,10,የኤራ ልጆች ስድስት መቶ አምሳ ሁለት።
16904e0f-7d92-5112-ae9c-0858179cf62c,db40924a-912a-5e3a-a975-efd88cab0184,6fccf6b4-45f9-544e-a18f-1bca91a11730,7,11,ከኢያሱና ከኢዮአብ ልጆች የሆኑ የፈሐት ሞዓብ ልጆች ሁለት ሺህ ስምንት መቶ ዐሥራ ስምንት።
41686ec6-c7ee-5db2-af81-032f6e812343,db40924a-912a-5e3a-a975-efd88cab0184,6fccf6b4-45f9-544e-a18f-1bca91a11730,8,12,የኤላም ልጆች ሺህ ሁለት መቶ አምሳ አራት።
97072da7-216d-5e9f-a255-0afa39dae97f,db40924a-912a-5e3a-a975-efd88cab0184,6fccf6b4-45f9-544e-a18f-1bca91a11730,9,13,የዘቱዕ ልጆች ስምንት መቶ አርባ አምስት።
4642d25c-9d86-55e0-ac64-970982234063,db40924a-912a-5e3a-a975-efd88cab0184,6fccf6b4-45f9-544e-a18f-1bca91a11730,10,14,የዘካይ ልጆች ሰባት መቶ ስድሳ።
0f1eb2d6-bbb7-5f1d-a5ec-47018a8143c0,db40924a-912a-5e3a-a975-efd88cab0184,6fccf6b4-45f9-544e-a18f-1bca91a11730,11,15,የበኑይ ልጆች ስድስት መቶ አርባ ስምንት።
8a8cb196-8634-53a8-ad41-ccc28f38f166,db40924a-912a-5e3a-a975-efd88cab0184,6fccf6b4-45f9-544e-a18f-1bca91a11730,12,16,የቤባይ ልጆች ስድስት መቶ ሃያ ስምንት።
371e590b-cf37-5c7f-afe9-260b729daf8e,db40924a-912a-5e3a-a975-efd88cab0184,6fccf6b4-45f9-544e-a18f-1bca91a11730,13,17,የአዝጌድ ልጆች ሁለት ሺህ ሦስት መቶ ሃያ ሁለት።
7899b6c0-accb-56e8-ad42-9adef9c157f3,db40924a-912a-5e3a-a975-efd88cab0184,6fccf6b4-45f9-544e-a18f-1bca91a11730,14,18,የአዶኒቃም ልጆች ስድስት መቶ ስድሳ ሰባት።
0881442a-738a-5b40-afce-30e8c8c2bbc2,db40924a-912a-5e3a-a975-efd88cab0184,6fccf6b4-45f9-544e-a18f-1bca91a11730,15,19,የበጉዋይ ልጆች ሁለት ሺህ ስድሳ ሰባት።
3f5cc173-3ba8-55e7-a052-91c2978d9d50,db40924a-912a-5e3a-a975-efd88cab0184,6fccf6b4-45f9-544e-a18f-1bca91a11730,16,20,የዓዴን ልጆች ስድስት መቶ አምሳ አምስት።
0c034789-9f63-5c14-ae26-cf75aeaa7489,db40924a-912a-5e3a-a975-efd88cab0184,6fccf6b4-45f9-544e-a18f-1bca91a11730,17,21,የሕዝቅያስ ወገን የአጤር ልጆች ዘጠና ስምንት።
82c15270-c943-57e9-a3b3-caaac38c2ab1,db40924a-912a-5e3a-a975-efd88cab0184,6fccf6b4-45f9-544e-a18f-1bca91a11730,18,22,የሐሱም ልጆች ሦስት መቶ ሃያ ስምንት።
d308405b-04d9-5c68-a6b8-92599152b8ea,db40924a-912a-5e3a-a975-efd88cab0184,6fccf6b4-45f9-544e-a18f-1bca91a11730,19,23,የቤሳይ ልጆች ሦስት መቶ ሃያ አራት።
6b791cbe-ab1b-5811-a30b-43ec81969503,db40924a-912a-5e3a-a975-efd88cab0184,6fccf6b4-45f9-544e-a18f-1bca91a11730,20,24,የሐሪፍ ልጆች መቶ ዐሥራ ሁለት።
89b9025f-4fa3-5e8e-af21-a44d9f3a8355,db40924a-912a-5e3a-a975-efd88cab0184,6fccf6b4-45f9-544e-a18f-1bca91a11730,21,25,የገባዖን ልጆች ዘጠና አምስት።
42151da6-58b3-59ca-a4f2-40c1a63be9e9,db40924a-912a-5e3a-a975-efd88cab0184,6fccf6b4-45f9-544e-a18f-1bca91a11730,22,26,የቤተ ልሔምና የነጦፍያ ሰዎች መቶ ሰማንያ ስምንት።
ad385b9e-7d76-57ce-a7c0-05c63c09304c,db40924a-912a-5e3a-a975-efd88cab0184,6fccf6b4-45f9-544e-a18f-1bca91a11730,23,27,የዓናቶት ሰዎች መቶ ሃያ ስምንት።
a9eb8b43-24e2-54f2-a8f0-33ee893dec44,db40924a-912a-5e3a-a975-efd88cab0184,6fccf6b4-45f9-544e-a18f-1bca91a11730,24,28,የቤትአዝሞት ሰዎች አርባ ሁለት።
8b8b02ca-dbb8-5484-a73e-0fe14a1ddaf7,db40924a-912a-5e3a-a975-efd88cab0184,6fccf6b4-45f9-544e-a18f-1bca91a11730,25,29,የቂርያትይዓሪምና የቃፌር፥ የቤሮትም ሰዎች ሰባት መቶ አርባ ሦስት።
77fd34c5-49fb-5637-aa47-03acc6daf715,db40924a-912a-5e3a-a975-efd88cab0184,6fccf6b4-45f9-544e-a18f-1bca91a11730,26,30,የሐራማና የገቢኣ ሰዎች ስድስት መቶ ሃያ አንድ።
d5eac991-ea3b-5a4d-a836-c6823d945ff5,db40924a-912a-5e3a-a975-efd88cab0184,6fccf6b4-45f9-544e-a18f-1bca91a11730,27,31,የማኬማስ ሰዎች መቶ ሃያ ሁለት።
5950c81d-c662-5d62-a296-cdde5b45082a,db40924a-912a-5e3a-a975-efd88cab0184,6fccf6b4-45f9-544e-a18f-1bca91a11730,28,32,የቤቴልና የጋይ ሰዎች መቶ ሃያ ሦስት።
a1519a0a-fd99-562a-a72b-e9aef27cc206,db40924a-912a-5e3a-a975-efd88cab0184,6fccf6b4-45f9-544e-a18f-1bca91a11730,29,33,የናብያ ሰዎች መቶ አምሳ ሁለት።
051797a7-9d83-5f16-af58-1c5592d3dc88,db40924a-912a-5e3a-a975-efd88cab0184,6fccf6b4-45f9-544e-a18f-1bca91a11730,30,34,የኤላም ሰዎች ሺህ ሁለት መቶ አምሳ አራት።
e947cb61-b5f1-52d4-a64c-28f8b2062ba4,db40924a-912a-5e3a-a975-efd88cab0184,6fccf6b4-45f9-544e-a18f-1bca91a11730,31,35,የኤራም ልጆች ሦስት መቶ ሃያ።
7348fe09-aa14-5946-a26d-ced2ec008b92,db40924a-912a-5e3a-a975-efd88cab0184,6fccf6b4-45f9-544e-a18f-1bca91a11730,32,36,የኢያሪኮ ልጆች ሦስት መቶ አርባ አምስት።
f26b3eed-4be8-58c6-acf9-acf81725f2ec,db40924a-912a-5e3a-a975-efd88cab0184,6fccf6b4-45f9-544e-a18f-1bca91a11730,33,37,የሎድና ሐዲድ የሐኖም ልጆች ሰባት መቶ ሃያ አንድ።
669e558c-8fb3-5065-a025-700680822553,db40924a-912a-5e3a-a975-efd88cab0184,6fccf6b4-45f9-544e-a18f-1bca91a11730,34,38,የሴናዓ ልጆች ሦስት ሺህ ዘጠኝ መቶ ሠላሳ።
a4fbe4de-f63c-5a75-a9b8-98f8a24a1fbb,db40924a-912a-5e3a-a975-efd88cab0184,6fccf6b4-45f9-544e-a18f-1bca91a11730,35,39,ካህናቱ ከኢያሱ ወገን፦ የዮዳሔ ልጆች ዘጠኝ መቶ ሰባ ሦስት።
5352df21-3c72-5fc1-a14b-9deef3db464b,db40924a-912a-5e3a-a975-efd88cab0184,6fccf6b4-45f9-544e-a18f-1bca91a11730,36,40,የኤሜር ልጆች ሺህ አምሳ ሁለት።
38edc232-6503-5c99-abfa-23cba728c7be,db40924a-912a-5e3a-a975-efd88cab0184,6fccf6b4-45f9-544e-a18f-1bca91a11730,37,41,የፋስኮር ልጆች ሺህ ሁለት መቶ አርባ ሰባት።
4e3a00b6-1b9b-5697-aae0-fb36148410c9,db40924a-912a-5e3a-a975-efd88cab0184,6fccf6b4-45f9-544e-a18f-1bca91a11730,38,42,የሐራም ልጆች ሺህ ዐሥራ ሰባት።
99d53b7b-8807-518a-a464-b054a97c4305,db40924a-912a-5e3a-a975-efd88cab0184,6fccf6b4-45f9-544e-a18f-1bca91a11730,39,43,ሌዋውያኑም ከሆዳይዋ ወገን የኢያሱና የቀድምኤል ልጆች ሰባ አራት።
0a979081-d95a-5ea4-abb0-cb6bd0ddeb1c,db40924a-912a-5e3a-a975-efd88cab0184,6fccf6b4-45f9-544e-a18f-1bca91a11730,40,44,መዘምራኑ የአሳፍ ልጆች መቶ አርባ ስምንት።
5a07966d-43d7-5185-a14a-d9f201d75e83,db40924a-912a-5e3a-a975-efd88cab0184,6fccf6b4-45f9-544e-a18f-1bca91a11730,41,45,በረኞቹ የሴሎምያ ልጆች፥ የአጤር ልጆች፥ የጤልማና ልጆች፥ የዓቁብ ልጆች፥ የሐጢጣ ልጆች፥ የሶባይ ልጆች መቶ አርባ ስምንት።
4b2b51e2-fed1-5dda-a90e-e1abc8ff1046,db40924a-912a-5e3a-a975-efd88cab0184,6fccf6b4-45f9-544e-a18f-1bca91a11730,42,46,ናታኒም የሲአ ልጆች፥ የሐሡፋ ልጆች፥ የጠብዓት ልጆች፤
adc89495-e140-5579-a0e9-0abb564d7f68,db40924a-912a-5e3a-a975-efd88cab0184,6fccf6b4-45f9-544e-a18f-1bca91a11730,43,47,የቄራስ ልጆች፥ የአሲያ ልጆች፥ የፋዶን ልጆች፤
cb7a334b-1f10-52d4-ac99-857b64bb52d8,db40924a-912a-5e3a-a975-efd88cab0184,6fccf6b4-45f9-544e-a18f-1bca91a11730,44,48,የልባና ልጆች፥ የአጋባ ልጆች፥ የሰልማይ ልጆች፤
6e62c0fd-96df-57bb-a75d-66725df82580,db40924a-912a-5e3a-a975-efd88cab0184,6fccf6b4-45f9-544e-a18f-1bca91a11730,45,49,የሐናን ልጆች፥ የጌዴል ልጆች፥ የጋኤር ልጆች፤
94bac78c-ad5b-5818-a325-be52b258cbc3,db40924a-912a-5e3a-a975-efd88cab0184,6fccf6b4-45f9-544e-a18f-1bca91a11730,46,50,የርአያ ልጆች፥ የረአሶን ልጆች፥ የኔቆዳ ልጆች፤
60f947b4-61d3-5be8-a04f-2eee09573e36,db40924a-912a-5e3a-a975-efd88cab0184,6fccf6b4-45f9-544e-a18f-1bca91a11730,47,51,የጋሴም ልጆች፥ የኡዚ ልጆች፥ የፋሴሓ ልጆች፤
9d0e06f8-d243-5a37-a5ff-bf99a0ddb4e1,db40924a-912a-5e3a-a975-efd88cab0184,6fccf6b4-45f9-544e-a18f-1bca91a11730,48,52,የቤሳይ ልጆች፥ የምዑናውያን ልጆች፥ የኔፋሴስም ልጆች፤
090f6c9f-6c5b-55db-a787-59c6fb3f6e3a,db40924a-912a-5e3a-a975-efd88cab0184,6fccf6b4-45f9-544e-a18f-1bca91a11730,49,53,የበቅቡቅ ልጆች፥ የሐቀፋ ልጆች፥ የሐሩር ልጆች፤
09a73265-233d-5beb-ac4f-5f660ac3746a,db40924a-912a-5e3a-a975-efd88cab0184,6fccf6b4-45f9-544e-a18f-1bca91a11730,50,54,የበስሎት ልጆች፥ የምሒዳ ልጆች፥ የሐርሳ ልጆች፤
20b34312-5b76-5b2d-ab1b-0d6c6ba4685e,db40924a-912a-5e3a-a975-efd88cab0184,6fccf6b4-45f9-544e-a18f-1bca91a11730,51,55,የበርቆስ ልጆች፥ የሲሣራ ልጆች፥ የታማህ ልጆች፥
e2ef9cc0-4405-5d7a-ac2c-70d4ca8f1f56,db40924a-912a-5e3a-a975-efd88cab0184,6fccf6b4-45f9-544e-a18f-1bca91a11730,52,56,የነስያ ልጆች፥ የሐጤፋ ልጆች።
8a19059b-e852-52ee-a756-2dfa1d51fafa,db40924a-912a-5e3a-a975-efd88cab0184,6fccf6b4-45f9-544e-a18f-1bca91a11730,53,57,የሰሎሞን አገልጋዮች ልጆች፤ የሦጠይ ልጆች፥ የሰፋሬት ልጆች፥ የፈሪዳ ልጆች፥
38e3de7a-aecc-5c64-a73f-e02faa84d873,db40924a-912a-5e3a-a975-efd88cab0184,6fccf6b4-45f9-544e-a18f-1bca91a11730,54,58,የየዕላ ልጆች፥ የደርቆን ልጆች፥ የጌዴል ልጆች፤
24ff1ff7-6a49-508c-aa9f-38b7f6e893a9,db40924a-912a-5e3a-a975-efd88cab0184,6fccf6b4-45f9-544e-a18f-1bca91a11730,55,59,የሰፋጥያስ ልጆች፥ የሐጢል ልጆች፥ የፈከራት ልጆች፥ የሰባይም ልጆች፥ የአሞን ልጆች።
6dd277bb-404c-5021-ae6c-e3d9f38856f0,db40924a-912a-5e3a-a975-efd88cab0184,6fccf6b4-45f9-544e-a18f-1bca91a11730,56,60,ናታኒም ሁሉና የሰሎሞን አገልጋዮች ልጆች ሦስት መቶ ዘጠና ሁለት ነበሩ።
12e53863-f978-5847-a4b2-3d27a49a92a0,db40924a-912a-5e3a-a975-efd88cab0184,6fccf6b4-45f9-544e-a18f-1bca91a11730,57,61,ከቲልሜል፥ ከቲላሬስ፥ ከኪሩብ፥ ከአዶን፥ ከኢሜር የወጡ እነዚህ ናቸው፤ ነገር ግን የአባቶቻቸውን ቤቶችና ዘራቸውን ወይም ከእስራኤል ወገን መሆናቸውን ያስታውቁ ዘንድ አልቻሉም፤
9c54024a-f84e-5bab-a665-2e2730dafd69,db40924a-912a-5e3a-a975-efd88cab0184,6fccf6b4-45f9-544e-a18f-1bca91a11730,58,62,የዳላያ ልጆች፥ የጦብያ ልጆች፥ የኔቆዳ ልጆች ስድስት መቶ አርባ ሁለት።
b8a05a8a-1843-5221-ae36-3e02498e9a97,db40924a-912a-5e3a-a975-efd88cab0184,6fccf6b4-45f9-544e-a18f-1bca91a11730,59,63,ከካህናቱም የአብያ ልጆች፥ የአቆስ ልጆች፥ ከገለዓዳዊው ከቤርዜሊ ልጆች ሚስት ያገባ፥ በስሙም የተጠራ የቤርዜሊ ልጆች።
61500af9-e91d-513f-ae42-9ba33ab4dc9e,db40924a-912a-5e3a-a975-efd88cab0184,6fccf6b4-45f9-544e-a18f-1bca91a11730,60,64,እነዚህ በትውልድ መጽሐፍ ትውልዳቸውን ፈለጉ፤ ነገር ግን አልተገኘም፤ ከክህነትም ተከለከሉ።
aadb385e-84b2-5aa3-a869-5fc4b7a89674,db40924a-912a-5e3a-a975-efd88cab0184,6fccf6b4-45f9-544e-a18f-1bca91a11730,61,65,ሐቴርሰታም፥ “በኡሪምና በቱሚም የሚፈርድ ካህን እስኪነሣ ድረስ ከተቀደሰው ነገር አትበሉም” አላቸው።
bbb80fd0-29d8-52c1-aa51-0db87c7e436d,db40924a-912a-5e3a-a975-efd88cab0184,6fccf6b4-45f9-544e-a18f-1bca91a11730,62,66,ጉባኤውም ሁሉ አርባ ሁለት ሺህ ሦስት መቶ ስድሳ ነበሩ፤
4b4b8830-fe42-57b6-af12-ad7c837a6b7d,db40924a-912a-5e3a-a975-efd88cab0184,6fccf6b4-45f9-544e-a18f-1bca91a11730,63,67,ይኸውም ሰባት ሺህ ሦስት መቶ ሠላሳ ሰባት ከነበሩ ከሎሌዎቻቸውና ከገረዶቻቸው ሌላ ሁለት መቶም አርባ አምስት ወንዶች መዘምራንና ሴቶች መዘምራት ነበሩአቸው።
95293bcd-58f6-58b0-ad27-013bfc518c37,db40924a-912a-5e3a-a975-efd88cab0184,6fccf6b4-45f9-544e-a18f-1bca91a11730,64,68,ፈረሶቻቸውም ሰባት መቶ ሠላሳ ስድስት፥ በቅሎዎቻቸውም ሁለት መቶ አርባ አምስት፤
da577d9e-cf39-5265-a4cd-bb8921cc852e,db40924a-912a-5e3a-a975-efd88cab0184,6fccf6b4-45f9-544e-a18f-1bca91a11730,65,69,ግመሎቻቸውም አራት መቶ ሠላሳ አምስት፥ አህዮቻቸውም ስድስት ሺህ ሰባት መቶ ሃያ ነበሩ።
cdee850b-30aa-58e4-ac18-9d2603e0ea8c,db40924a-912a-5e3a-a975-efd88cab0184,6fccf6b4-45f9-544e-a18f-1bca91a11730,66,70,ከአባቶች ቤቶች አለቆችም ስለ ሥራው ስጦታ ሰጡ። ሐቴርሰታም አንድ ሺህ የወርቅ ዳሪክ፥ አምሳም ድስቶች፥ አምስት መቶ ሠላሳም የካህናት ልብስ በቤተ መዛግብት ውስጥ ሰጠ።
aadf5fea-7ca9-5734-a4f2-546db4346995,db40924a-912a-5e3a-a975-efd88cab0184,6fccf6b4-45f9-544e-a18f-1bca91a11730,67,71,ከአባቶች ቤቶች አለቆችም ዐያሌዎቹ በሥራው ቤተ መዛግብት ውስጥ ሃያ ሺህ የወርቅ ዳሪክ፥ ሁለት ሺህ ሁለት መቶም ምናን ብር ሰጡ።
0d2415d0-d09c-5f7d-a2b3-11ab5882eee6,db40924a-912a-5e3a-a975-efd88cab0184,6fccf6b4-45f9-544e-a18f-1bca91a11730,68,72,የቀሩትም ሕዝብ የሰጡት ሃያ ሺህ የወርቅ ዳሪክና ሁለት ሺህ ምናን ብር፥ ስድሳ ሰባትም የካህናት ልብስ ነበረ።
adcbb5d9-999b-53f6-a457-99f50fbfcb6c,db40924a-912a-5e3a-a975-efd88cab0184,6fccf6b4-45f9-544e-a18f-1bca91a11730,69,73,ካህናቱና ሌዋውያኑም፥ በረኞቹና መዘምራኑም፥ ከሕዝቡም ዐያሌዎቹ፥ ናታኒምም፥ እስራኤልም ሁሉ በከተሞቻቸው ተቀመጡ።
85ed6539-d425-51fd-abfb-fd23fefa7694,f102761d-5a0e-529e-a648-a6dceb7862c5,696fcb0a-83d5-5b7d-ad15-a249d197556f,1,1,ሰባተኛውም ወር በደረሰ ጊዜ የእስራኤል ልጆች በከተሞቻቸው ነበሩ። ሕዝቡም ሁሉ በውኃው በር ፊት ወዳለው አደባባይ እንደ አንድ ሰው ሆነው ተሰበሰቡ፤ እግዚአብሔርም ለእስራኤል ያዘዘውን የሙሴን ሕግ መጽሐፍ ያመጣ ዘንድ ጸሓፊውን ዕዝራን ነገሩት።
31d15740-f59e-511c-a5ac-fb447e200f2e,f102761d-5a0e-529e-a648-a6dceb7862c5,696fcb0a-83d5-5b7d-ad15-a249d197556f,2,2,ካህኑም ዕዝራ በሰባተኛው ወር በመጀመሪያው ቀን ሕጉን በወንዶችና በሴቶች ጉባኤ፥ አስተውለውም በሚሰሙት ሁሉ ፊት አመጣው።
a938403d-62c7-5e7b-a32a-43b9fc290ba3,f102761d-5a0e-529e-a648-a6dceb7862c5,696fcb0a-83d5-5b7d-ad15-a249d197556f,3,3,በውኃውም በር ፊት ባለው አደባባይ ላይ ቆሞ፥ በወንዶችና በሴቶች በሚያስተውሉትም ፊት፥ ከማለዳ ጀምሮ እስከ ቀትር ድረስ አነበበው፤ የሕዝቡም ሁሉ ጆሮ የሕጉን መጽሐፍ ለመስማት ያደምጥ ነበር።
dd6e079f-067d-58b1-a4a0-5412bd3a2623,f102761d-5a0e-529e-a648-a6dceb7862c5,696fcb0a-83d5-5b7d-ad15-a249d197556f,4,4,ጸሓፊውም ዕዝራ ስለዚህ ነገር በተሠራ በዕንጨት መረባርብ ላይ ቆሞ ነበር፤ በአጠገቡ መቲትያ፥ ሰምያ፥ ሐናንያ፤ ኦርያ፥ ሕልቅያ፥ መዕሢያ በቀኙ በኩል፥ ፈድያ፥ ሚሳኤል፥ ሚልክያ፥ ሐሱም፥ ሐስበዳና፥ ዘካርያስ፥ ሜሱላም በግራው በኩል ቆመው ነበር።
c7f583fb-6b69-503e-ade0-b8ac62fe4d79,f102761d-5a0e-529e-a648-a6dceb7862c5,696fcb0a-83d5-5b7d-ad15-a249d197556f,5,5,ዕዝራም የሕዝቡ ሁሉ የበላይ ነበረና በሕዝቡ ሁሉ ፊት መጽሐፉን ገለጠ፤ በገለጠውም ጊዜ ሕዝቡ ሁሉ ቆሙ።
1e15522b-b5c7-5f6e-acb3-ae675ddca709,f102761d-5a0e-529e-a648-a6dceb7862c5,696fcb0a-83d5-5b7d-ad15-a249d197556f,6,6,ዕዝራም ታላቁን አምላክ እግዚአብሔርን አመሰገነ፤ ሕዝቡም ሁሉ እጃቸውን እየዘረጉ፥ “አሜን፥ አሜን” ብለው መለሱ። ራሳቸውንም አዘነበሉ፤ በግንባራቸውም ወደ ምድር ተደፍተው ለእግዚአብሔር ሰገዱ።
b69bb8a1-7f5c-5cb9-a884-791d1f6d6a19,f102761d-5a0e-529e-a648-a6dceb7862c5,696fcb0a-83d5-5b7d-ad15-a249d197556f,7,7,ደግሞ ኢያሱና ባኒ፥ ሰራብያ፥ ያሚን፥ ዓቁብ፥ ሳባታይ፥ ሆዲያ፥ መዕሤያ፥ ቆሊጣ፥ ዓዛርያ፥ ኢዮዛባድ፥ ሐናን፥ ፌልዕያ፥ ሌዋውያኑም ሕጉን ለሕዝቡ ያስተምሩ ነበር፤ ሕዝቡም በየስፍራቸው ቆመው ነበር።
00b51ae8-e9f8-57ef-a6f7-bd02fea5b082,f102761d-5a0e-529e-a648-a6dceb7862c5,696fcb0a-83d5-5b7d-ad15-a249d197556f,8,8,የእግዚአብሔርንም ሕግ መጽሐፍ አነበቡ፤ ዕዝራም እግዚአብሔርን ማወቅ ያስተምርና ያስታውቅ ነበር፤ ሕዝቡም የሚነበበውን ያስተውሉ ነበር።
2176fba7-073a-5a54-af7f-e4663c3b969d,f102761d-5a0e-529e-a648-a6dceb7862c5,696fcb0a-83d5-5b7d-ad15-a249d197556f,9,9,ሕቴርሰታ ነህምያም፥ ጸሓፊውም ካህኑ ዕዝራ፥ ሕዝቡንም የሚያስተምሩ ሌዋውያን ሕዝቡን ሁሉ፥ “ዛሬ ለአምላካችን ለእግዚአብሔር የተቀደሰ ቀን ነው፤ አትዘኑ፤ አታልቅሱም” አሉአቸው፤ ሕዝቡ ሁሉ የሕጉን ቃል በሰሙ ጊዜ ያለቅሱ ነበርና።
c87c234a-935e-5456-a7df-944bb500f531,f102761d-5a0e-529e-a648-a6dceb7862c5,696fcb0a-83d5-5b7d-ad15-a249d197556f,10,10,እርሱም፥ “ሂዱ፤ የሰባውንም ብሉ፤ ጣፋጩንም ጠጡ፤ ለእነዚያም ምንም ለሌላቸው እድል ፈንታቸውን ላኩ፤ ዛሬ ለጌታችን የተቀደሰ ቀን ነው፤ እግዚአብሔርም ኀይላችን ነውና አትዘኑ” አላቸው።
32aa59d7-50bb-5bb3-a11b-79038b1d50ca,f102761d-5a0e-529e-a648-a6dceb7862c5,696fcb0a-83d5-5b7d-ad15-a249d197556f,11,11,ሌዋውያንም “ቀኑ የተቀደሰ ነውና ዝም በሉ፤ አትዘኑም” እያሉ ሕዝቡን ሁሉ ጸጥ ያደርጉ ነበር።
d48dbc29-52f7-5458-a44e-b78c27857384,f102761d-5a0e-529e-a648-a6dceb7862c5,696fcb0a-83d5-5b7d-ad15-a249d197556f,12,12,ሕዝቡም ሁሉ የተነገራቸውን ቃል አስተውለዋልና ሊበሉና ሊጠጡ፥ እድል ፈንታም ሊልኩ፥ ደስታም ሊያደርጉ ሄዱ።
95eeba50-043a-52b9-aa89-0df8c83dc60e,f102761d-5a0e-529e-a648-a6dceb7862c5,696fcb0a-83d5-5b7d-ad15-a249d197556f,13,13,በሁለተኛውም ቀን ከሕዝቡ ሁሉ የአባቶች ቤቶች አለቆች፥ ካህናቱም፥ ሌዋውያኑም የሕጉን ቃል ይተረጕምላቸው ዘንድ ወደ ጸሓፊው ወደ ዕዝራ ተሰበሰቡ።
0498f840-bad7-596f-a683-0c102a8d0d2d,f102761d-5a0e-529e-a648-a6dceb7862c5,696fcb0a-83d5-5b7d-ad15-a249d197556f,14,14,በሰባተኛውም ወር ባለው በዓል የእስራኤል ልጆች በዳስ ይቀመጡ ዘንድ በከተሞቻቸውና በኢየሩሳሌምም ይናገሩና ያውጁ ዘንድ እግዚአብሔር በሙሴ እጅ እንዳዘዘ በሕጉ ውስጥ ተጽፎ አገኙ።
eec76865-6807-5737-adde-1c709d0a725b,f102761d-5a0e-529e-a648-a6dceb7862c5,696fcb0a-83d5-5b7d-ad15-a249d197556f,15,15,ዕዝራም አላቸው፥ “ወደ ተራራ ሂዱ፤ የዘይትና የበረሃ ወይራ፥ የባርሰነትም፥ የዘንባባም፥ የለመለመውንም ዛፍ ቅርንጫፍ አምጡ፤ እንደ ተጻፈውም ዳሶችን ሥሩ።”
a4bcd9a0-fa14-5a3e-a4a5-8648de0e443f,f102761d-5a0e-529e-a648-a6dceb7862c5,696fcb0a-83d5-5b7d-ad15-a249d197556f,16,16,ሕዝቡም ወጥተው አመጡ፤ እያንዳንዱም በቤቱ ሰገነት ላይ፥ በአደባባዩም ላይ፥ በእግዚአብሔርም ቤት አደባባይ ላይ፥ በውኃውም በር አደባባይና በኤፍሬም በር አደባባይ ላይ ዳስ ሠሩ።
9cf5df2a-4151-56cc-a059-45f1768e820a,f102761d-5a0e-529e-a648-a6dceb7862c5,696fcb0a-83d5-5b7d-ad15-a249d197556f,17,17,ከምርኮም የተመለሱት ማኅበር ሁሉ ዳስ ሠሩ፤ በዳሱም ውስጥ ተቀመጡ። ከነዌም ልጅ ከኢያሱ ዘመን ጀምሮ እስከዚያ ቀን ድረስ የእስራኤል ልጆች እንዲህ ያለ አላደረጉም ነበር። እጅግም ታላቅ ደስታ ሆነ።
17b7bd5f-0819-586c-a770-cda0f05dad30,f102761d-5a0e-529e-a648-a6dceb7862c5,696fcb0a-83d5-5b7d-ad15-a249d197556f,18,18,ከመጀመሪያውም ቀን ጀምሮ እስከ መጨረሻው ቀን ድረስ ዕለት ዕለት የእግዚአብሔርን ሕግ መጽሐፍ ያነብብ ነበር። በዓሉንም ሰባት ቀን ያህል አደረጉ፤ በስምንተኛውም ቀን እንደ ሕጋቸው ወጡ።
e33c1ce0-4bd4-506c-ae9c-25dcdf605379,bf058d35-483a-5cbb-ab71-e83785e765b5,5281b554-57ff-501f-a463-8c23e0f4d8a6,1,1,በዚህም ወር በሃያ አራተኛው ቀን የእስራኤል ልጆች ጾመው፥ ማቅም ለብሰው፥ በራሳቸውም ላይ ትቢያ ነስንሰው ተሰበሰቡ።
ef2be8ef-bf60-53b4-a670-eb410234e720,bf058d35-483a-5cbb-ab71-e83785e765b5,5281b554-57ff-501f-a463-8c23e0f4d8a6,2,2,የእስራኤልም ልጆች ከባዕድ ሕዝብ ሁሉ ራሳቸውን ለዩ፤ ቆመውም ኀጢአታቸውንና የአባቶቻቸውን ኀጢአት ተናዘዙ።
9250fe77-7adb-5bc8-a9ab-1a694c8b851c,bf058d35-483a-5cbb-ab71-e83785e765b5,5281b554-57ff-501f-a463-8c23e0f4d8a6,3,3,በየስፍራቸውም ቆመው የአምላካቸውን የእግዚአብሔርን የሕግ መጽሐፍ አነበቡ፤ ለእግዚአብሔርም ተናዘዙ፤ ለአምላካቸውም ለእግዚአብሔር ሰገዱ።
9ee9b24e-48e0-5dc0-acb6-aa4141531128,bf058d35-483a-5cbb-ab71-e83785e765b5,5281b554-57ff-501f-a463-8c23e0f4d8a6,4,4,ሌዋውያኑም ኢያሱና የቀድምኤል ልጆች፥ የሰራብያ ልጅ ሴኬንያ፥ የከናኒ ልጆችም በደረጃዎች ላይ ቆመው ወደ አምላካቸው ወደ እግዚአብሔር በታላቅ ድምፅ ጮኹ።
dd38f852-4073-57e3-a5c4-5733d56ea498,bf058d35-483a-5cbb-ab71-e83785e765b5,5281b554-57ff-501f-a463-8c23e0f4d8a6,5,5,ሌዋውያኑም ኢያሱና ቀድምኤል፥ እንዲህ አሉ፥ “ቆማችሁ ከዘለዓለም እስከ ዘለዓለም አምላካችንን እግዚአብሔርን አመስግኑ። የከበረ ስሙንም አመስግኑ፤ በበረከትና በምስጋናም ሁሉ ላይ ከፍ ከፍ አድርጉት።”
9e5893a1-3708-54d9-ac3f-d46333d59c70,bf058d35-483a-5cbb-ab71-e83785e765b5,14a0cca7-7352-518c-a2f5-e3fcca202d55,1,6,ዕዝራም እንዲህ አለ፥ “አንተ ብቻ እግዚአብሔር ነህ፤ ሰማዩንና የሰማያት ሰማይን፥ ሠራዊታቸውንም ሁሉ፥ ምድርንና በእርስዋ ላይ ያሉትን ሁሉ፥ ባሕሮቹንና በእነርሱ ውስጥ ያለውን ሁሉ ፈጥረሃል፤ ሁሉንም ሕያው አድርገኸዋል፤ የሰማዩም ሠራዊት ለአንተ ይሰግዳሉ።
b2874bc9-72ca-56d0-abc9-23f11fb14ce9,bf058d35-483a-5cbb-ab71-e83785e765b5,14a0cca7-7352-518c-a2f5-e3fcca202d55,2,7,አንተ እግዚአብሔር አምላክ ነህ፤ አብራምን መረጥህ፤ ከዑር ከላውዴዎንም አወጣኸው፤ ስሙንም አብርሃም አልኸው፤
378ff5e4-4aba-57e5-a27f-54c41607bec9,bf058d35-483a-5cbb-ab71-e83785e765b5,14a0cca7-7352-518c-a2f5-e3fcca202d55,3,8,ልቡም በፊትህ የታመነ ሆኖ አገኘኸው፤ የከነዓናዊውንና የኬጤዎናዊውን፥ የአሞሬዎናዊውንም፥ የፌርዜዎናዊውንም፥ የኢያቡሴዎናዊውንም፥ የጌርጌሴዎናዊውንም ምድር ለእርሱና ለዘሩ ትሰጥ ዘንድ ከእርሱ ጋር ቃል ኪዳን አደረግህ፤ አንተም ጻድቅ ነህና ቃልህን አጸናህ።
b32d9bd1-4f70-552c-a265-8ba4aa4cf1e1,bf058d35-483a-5cbb-ab71-e83785e765b5,14a0cca7-7352-518c-a2f5-e3fcca202d55,4,9,“በግብጽም ሳሉ የአባቶቻችንን መከራ አየህ፤ በኤርትራ ባሕርም ሳሉ ጩኸታቸውን ሰማህ፤
6cfd67ae-8ccf-5bfc-a70b-195529a229a8,bf058d35-483a-5cbb-ab71-e83785e765b5,14a0cca7-7352-518c-a2f5-e3fcca202d55,5,10,እንደ ታበዩባቸውም ዐውቀህ ነበርና በፈርዖንና በባሪያዎቹ ሁሉ፥ በምድሩም ሕዝብ ሁሉ ላይ ምልክትንና ተአምራትን አሳየህ፤ ዛሬም እንደ ሆነው ስምህን አስጠራህ።
09695db8-5bc0-5856-ae6a-29ed03132bad,bf058d35-483a-5cbb-ab71-e83785e765b5,14a0cca7-7352-518c-a2f5-e3fcca202d55,6,11,ከፊታቸውም ባሕሩን ከፈልህ፤ በባሕሩም መካከል በደረቅ ዐለፉ፤ የተከተሉአቸውን ግን ድንጋይ በጥልቅ ውኃ እንዲጣል በቀላይ ውስጥ ጣልሃቸው።
4f10e637-cd5b-55c7-a170-654255a8a7e6,bf058d35-483a-5cbb-ab71-e83785e765b5,14a0cca7-7352-518c-a2f5-e3fcca202d55,7,12,የሚሄዱበትንም መንገድ ታበራላቸው ዘንድ ቀን በደመና ዐምድ፥ ሌሊትም በእሳት ዐምድ መራሃቸው።
78367f20-66a7-5d22-a44b-d1fafbba5d0b,bf058d35-483a-5cbb-ab71-e83785e765b5,14a0cca7-7352-518c-a2f5-e3fcca202d55,8,13,ወደ ሲናም ተራራ ወረድህ፤ ከሰማይም ተናገርሃቸው፤ ቅኑን ፍርድና እውነቱን ሕግ፥ መልካሙንም ሥርዐትና ትእዛዝ ሰጠሃቸው፤
5d75d87a-ba80-5209-a0b2-0a03b033d82c,bf058d35-483a-5cbb-ab71-e83785e765b5,14a0cca7-7352-518c-a2f5-e3fcca202d55,9,14,የተቀደሰውንም ሰንበትህን አስታወቅሃቸው፤ ትእዛዝንና ሥርዐትን፥ ሕግንም በባሪያህ በሙሴ እጅ አዘዝሃቸው።
bfc85221-1224-537d-a1f0-c46197abb24f,bf058d35-483a-5cbb-ab71-e83785e765b5,14a0cca7-7352-518c-a2f5-e3fcca202d55,10,15,ለራባቸውም ከሰማይ እንጀራን ሰጠሃቸው፤ ለጥማታቸውም ከዓለቱ ውኃን አወጣህላቸው፤ ትሰጣቸውም ዘንድ እጅህን የዘረጋህባትን ምድር ገብተው ይወርሷት ዘንድ አዘዝሃቸው።
f40eb076-bf42-565c-a59c-0b55f14ecf13,bf058d35-483a-5cbb-ab71-e83785e765b5,14a0cca7-7352-518c-a2f5-e3fcca202d55,11,16,“ነገር ግን እነርሱና አባቶቻችን ታበዩ፤ አንገታቸውንም አደነደኑ፤ ትእዛዝህንም አልሰሙም፥
a498fa59-a07e-583c-adce-18fd376b1c02,bf058d35-483a-5cbb-ab71-e83785e765b5,14a0cca7-7352-518c-a2f5-e3fcca202d55,12,17,ለመስማትም እንቢ አሉ፤ ያደረግህላቸውንም ተአምራት አላሰቡም፤ አንገታቸውንም አደነደኑ፤ ለባርነታቸውም ወደ ግብፅ ይመለሱ ዘንድ አለቃን ሾሙ፤ አንተ ግን መሓሪና ይቅር ባይ አምላክ፥ ለቍጣም የምትዘገይ፥ ምሕረትንም የምታበዛ ነህ፤ አልተውሃቸውም።
25bf6881-fc43-53c9-a6a6-e377239cb3f1,bf058d35-483a-5cbb-ab71-e83785e765b5,14a0cca7-7352-518c-a2f5-e3fcca202d55,13,18,ዳግመኛም ቀልጦ የተሠራውን እንቦሳ አድርገው፦ ‘ከግብፅ ያወጡን አምላኮቻችን እሊህ ናቸው’ አሉ፤ እጅግም አስቈጡህ፤
5641b5f8-669f-53ff-a864-5669a2260058,bf058d35-483a-5cbb-ab71-e83785e765b5,14a0cca7-7352-518c-a2f5-e3fcca202d55,14,19,አንተ ግን ምሕረትህ ብዙ ነውና በምድረ በዳ አልተውሃቸውም፤ በመንገድም ይመራቸው ዘንድ የደመና ዓምድን በቀን፥ የሚሄዱበትንም መንገድ ያበራላቸው ዘንድ የእሳት ዓምድን በሌሊት ከእነርሱ አላራቅህም።
2fabeb91-e3db-5bf9-ac96-10a6f108a40a,bf058d35-483a-5cbb-ab71-e83785e765b5,14a0cca7-7352-518c-a2f5-e3fcca202d55,15,20,ያስተምራቸውም ዘንድ መልካሙን መንፈስህን ሰጠሃቸው፤ መናህንም ከአፋቸው አልከለከልህም፤ ለጥማታቸውም ውኃን ሰጠሃቸው።
9b45b5af-ade5-551f-a22e-ede9e025df36,bf058d35-483a-5cbb-ab71-e83785e765b5,14a0cca7-7352-518c-a2f5-e3fcca202d55,16,21,አርባ ዓመትም በምድረ በዳ መገብሃቸው፤ ምንም አላሳጣሃቸውም፤ ልብሳቸውም አላረጀም፤ እግራቸውም አላበጠም።
d8d4c393-0470-5a96-a411-98b2af73dfae,bf058d35-483a-5cbb-ab71-e83785e765b5,14a0cca7-7352-518c-a2f5-e3fcca202d55,17,22,“መንግሥታትንና አሕዛብን ዕድል ፈንታ አድርገህ ሰጠሃቸው፤ የሐሴቦንን ንጉሥ የሴዎንን ምድር፥ የባሳንንም ንጉሥ የዐግን ምድር ወረሱ።
e003efaf-88cc-5bd4-ab38-c004684f84ec,bf058d35-483a-5cbb-ab71-e83785e765b5,14a0cca7-7352-518c-a2f5-e3fcca202d55,18,23,ልጆቻቸውንም እንደ ሰማይ ከዋክብት አበዛህ፤ ለአባቶቻቸውም ወደ ተናገርህላቸው ምድር አገባሃቸው።
72370891-b595-503c-a984-a8709d91a49b,bf058d35-483a-5cbb-ab71-e83785e765b5,14a0cca7-7352-518c-a2f5-e3fcca202d55,19,24,እነርሱም ወረሱአት፤ በከነዓን ምድር የሚኖሩትንም ሰዎች በፊታቸው አጠፋሃቸው፤ የሚወድዱትንም ነገር ያደርጉባቸው ዘንድ እነርሱንና ነገሥታቶቻቸውን፥ የምድሩንም አሕዛብ በእጃቸው አሳልፈህ ሰጠሃቸው።
d091e9a9-56d4-5d0e-abbb-0196869e58c1,bf058d35-483a-5cbb-ab71-e83785e765b5,14a0cca7-7352-518c-a2f5-e3fcca202d55,20,25,ምሽጎቹንም ከተሞች፥ መልካምን ነገር የሞሉትን ቤቶች፥ የተማሱትንም ጕድጓዶች፥ የወይኖቹንና የወይራዎቹን ቦታዎች፥ ብዙዎቹንም የፍሬ ዛፎች ወረሱ፤ በሉም፤ ጠገቡም፤ ወፈሩም፤ በታላቅ በጎነትህም ደስ አላቸው።
7366f1f2-4db7-5d0c-aab3-ee9dffe39f5b,bf058d35-483a-5cbb-ab71-e83785e765b5,14a0cca7-7352-518c-a2f5-e3fcca202d55,21,26,“ነገር ግን ተመልሰው ዐመፁብህ፤ ሕግህንም ወደ ኋላቸው ጣሉት፤ ወደ አንተም ይመለሱ ዘንድ የመሰከሩባቸውን ነቢያትህን ገደሉ፤ እጅግም አስቈጡህ።
a2487d0d-0717-529c-a298-93f2941f9601,bf058d35-483a-5cbb-ab71-e83785e765b5,14a0cca7-7352-518c-a2f5-e3fcca202d55,22,27,ስለዚህ በሚያሠቃዩአቸው ሰዎች እጅ አሳልፈህ ሰጠሃቸው፤ አስጨነቋቸውም፤ በመከራቸውም ጊዜ ወደ አንተ ጮኹ፤ ከሰማይም ሰማሃቸው፤ እንደ ምሕረትህም ብዛት ታዳጊዎችን ሰጠሃቸው፤ ከሚያሠቃዩአቸውም እጅ አዳንሃቸው።
624bb780-c6db-5d11-ac19-6db1935d1355,bf058d35-483a-5cbb-ab71-e83785e765b5,14a0cca7-7352-518c-a2f5-e3fcca202d55,23,28,ባረፉም ጊዜ ተመልሰው በፊትህ ክፉ አደረጉ፤ በጠላቶቻቸውም እጅ ተውሃቸው፤ ገዙአቸውም፤ ተመልሰውም ወደ አንተ በጮኹ ጊዜ ከሰማይ ሰማሃቸው፤ እንደ ምሕረትህም ብዛት ታደግሃቸው፤
d58fbef5-8b08-5d65-ada6-21f3f3b19c8f,bf058d35-483a-5cbb-ab71-e83785e765b5,14a0cca7-7352-518c-a2f5-e3fcca202d55,24,29,ወደ ሕግህም ትመልሳቸው ዘንድ አስመሰከርህባቸው፤ ነገር ግን አልሰሙህም፤ ሰውም ባደረገው ጊዜ በሕይወት የሚኖርበትን ትእዛዝህንና ፍርድህን ተላለፉ፤ ጀርባቸውን ሰጡ፤ አንገታቸውንም አደነደኑ፤ አልሰሙምም።
d9a3bd93-377e-5178-a61f-17e7d4243e19,bf058d35-483a-5cbb-ab71-e83785e765b5,14a0cca7-7352-518c-a2f5-e3fcca202d55,25,30,ነገር ግን ብዙ ዓመታት ታገሥሃቸው፤ በነቢያትህም እጅ በመንፈስህ መሰከርህባቸው፤ አላደመጡም፤ ስለዚህም በምድር አሕዛብ እጅ አሳልፈህ ሰጠሃቸው።
072468e0-4ea6-5676-a932-5ef1fd27485a,bf058d35-483a-5cbb-ab71-e83785e765b5,14a0cca7-7352-518c-a2f5-e3fcca202d55,26,31,ነገር ግን አንተ ኀያል፥ ቸርና መሓሪ አምላክ ነህና በምሕረትህ ብዛት ፈጽመህ አላጠፋሃቸውም፤ አልተውሃቸውምም።
80ec9377-a59b-5668-ab86-8c961839143b,bf058d35-483a-5cbb-ab71-e83785e765b5,14a0cca7-7352-518c-a2f5-e3fcca202d55,27,32,“አሁንም አምላካችን ሆይ፥ ቃል ኪዳንንና ምሕረትን የምትጠብቅ ታላቅና ኀያል ጽኑዕና የተፈራኸው አምላክ ሆይ፥ ከአሦር ነገሥታት ዘመን ጀምሮ እስከ ዛሬ በእኛና በነገሥታቶቻችን፥ በአለቆቻችንም፥ በካህናቶቻችንም፥ በነቢያቶቻችንም፥ በአባቶቻችንም፥ በሕዝብህ ሁሉ ላይ የደረሰው መከራ ሁሉ በፊትህ ጥቂት መስሎ አይታይህ።
2d2e4f99-4387-51f1-a4fa-20335af1ca9c,bf058d35-483a-5cbb-ab71-e83785e765b5,14a0cca7-7352-518c-a2f5-e3fcca202d55,28,33,በደረሰብንም ነገር ሁሉ አንተ ጻድቅ ነህ፤ አንተ እውነት አድርገሃልና፥ እኛም እጅግ በድለናልና።
165d3a9d-fcf0-5c4f-ac3d-c0665ca8cb71,bf058d35-483a-5cbb-ab71-e83785e765b5,14a0cca7-7352-518c-a2f5-e3fcca202d55,29,34,ነገሥታቶቻችን፥ አለቆቻችንም፥ ካህናቶቻችንም፥ አባቶቻችንም ሕግህን አልጠበቁም፤ ትእዛዝህንና የመሰከርህባቸውን ምስክርህንም አልሰሙም።
537808a8-8ec4-5112-a90d-5b5f122b573f,bf058d35-483a-5cbb-ab71-e83785e765b5,14a0cca7-7352-518c-a2f5-e3fcca202d55,30,35,በመንግሥትህም በሰጠሃቸው ታላቅ በጎነትህ፥ በፊታቸውም በሰጠሃቸው በሰፊውና በሰባው ምድር አልተገዙልህም፤ ከክፉም ሥራቸው አልተመለሱም።
0dd78af5-73cf-5fed-ac3b-0ee708df6b68,bf058d35-483a-5cbb-ab71-e83785e765b5,14a0cca7-7352-518c-a2f5-e3fcca202d55,31,36,እነሆ፥ ዛሬ ባሪያዎች ነን፤ ፍሬዋንና በረከቷን ይበሉ ዘንድ ለአባቶቻችን በሰጠሃት ምድር እነሆ፥ በእርስዋ ባሪያዎች ነን፥
3015f1fd-b62f-58ff-abf2-2884243bbd2c,bf058d35-483a-5cbb-ab71-e83785e765b5,14a0cca7-7352-518c-a2f5-e3fcca202d55,32,37,ስለ ኀጢአታችንም ለሾምህብን ነገሥታት በረከቷን ታበዛለች፤ ሰውነታችንንም ይገዛሉ፤ በእንስሶቻችንም የሚወድዱትን ያደርጋሉ፤ እኛም በጽኑ መከራ ላይ ነን።
fe1e9ce8-6cd6-5b12-a8e6-ff6191ec5d70,bf058d35-483a-5cbb-ab71-e83785e765b5,14a0cca7-7352-518c-a2f5-e3fcca202d55,33,38,ስለዚህም ሁሉ የታመነውን ቃል ኪዳን አድርገን እንጽፋለን፤ አለቆቻችንም፥ ሌዋውያኖቻችንም፥ ካህናቶቻችንም ያትሙበታል።”
8a57ed72-02ff-5aad-a23c-7fc36ce27058,38f009b8-f4af-5a34-aebb-7e12a3ad13e9,bfca3bd8-c61f-5483-a9a1-81857712d655,1,1,ያተሙትም እነዚህ ናቸው፤ የሐካልያ ልጅ ሐቴርሰታ ነህምያ፥ ሴዴቅያስ፤
2762ae7c-45e2-5580-ab30-59e0128addda,38f009b8-f4af-5a34-aebb-7e12a3ad13e9,bfca3bd8-c61f-5483-a9a1-81857712d655,2,2,ኦርያ፥ ዓዛርያ፥ ኤርምያስ፤
dce88b3e-3a14-54cf-a6e6-ef1e50d2ccaa,38f009b8-f4af-5a34-aebb-7e12a3ad13e9,bfca3bd8-c61f-5483-a9a1-81857712d655,3,3,ፋሲኩር፥ አማርያ፥ ሚልክያ፤
b02d08e0-ea04-5c58-a2df-6f463b188c5b,38f009b8-f4af-5a34-aebb-7e12a3ad13e9,bfca3bd8-c61f-5483-a9a1-81857712d655,4,4,ሐጡስ፥ ሰባንያ፥ መሉክ፤
a644cac5-a337-58e4-a01a-90ba831e5637,38f009b8-f4af-5a34-aebb-7e12a3ad13e9,bfca3bd8-c61f-5483-a9a1-81857712d655,5,5,ካሪም፥ ሚራሞት፥ አብድያ፤
70ebea14-349e-5189-a892-55aac6cc4448,38f009b8-f4af-5a34-aebb-7e12a3ad13e9,bfca3bd8-c61f-5483-a9a1-81857712d655,6,6,ዳንኤል፥ ገንቶን፥ ባሩክ፤
a1b915d4-03f5-5c75-a259-bb48723c8769,38f009b8-f4af-5a34-aebb-7e12a3ad13e9,bfca3bd8-c61f-5483-a9a1-81857712d655,7,7,ሜሱላም፥ አብድያ፥ ሚያሚን፤
20cf4c32-9618-54d9-a818-37a71aaec036,38f009b8-f4af-5a34-aebb-7e12a3ad13e9,bfca3bd8-c61f-5483-a9a1-81857712d655,8,8,መዓዝያ፥ ቤልጋይ፥ ሰማያ፤ እነዚህ ካህናት ነበሩ።
ef16f680-9055-576f-a4d9-2ab757024c57,38f009b8-f4af-5a34-aebb-7e12a3ad13e9,bfca3bd8-c61f-5483-a9a1-81857712d655,9,9,ሌዋውያኑም የአዛንያ ልጅ ኢያሱ፥ ከኢንሐዳድ ልጆች ባንዩ፥ ቀዳምኤል፤
b7bd17a5-6201-5280-a6c2-deff115e355f,38f009b8-f4af-5a34-aebb-7e12a3ad13e9,bfca3bd8-c61f-5483-a9a1-81857712d655,10,10,ወንድሞቹም ሰባንያ፥ ሆዲያ፥ ቆሊጣ፥ ፌልዕያ፥ ሐናን፤
c74ed2c6-05ae-5d10-ac55-01d3f25a6f11,38f009b8-f4af-5a34-aebb-7e12a3ad13e9,bfca3bd8-c61f-5483-a9a1-81857712d655,11,11,ሚካ፥ ሬሆብ፥ ሐሳብያ፤
6aea3653-80ad-5e33-ad80-550b48e6ef32,38f009b8-f4af-5a34-aebb-7e12a3ad13e9,bfca3bd8-c61f-5483-a9a1-81857712d655,12,12,ዘኩር፥ ሰራብያ፥ ሰባንያ፤
8e7dd809-a8dd-5746-a399-1f4b18ad4a4d,38f009b8-f4af-5a34-aebb-7e12a3ad13e9,bfca3bd8-c61f-5483-a9a1-81857712d655,13,13,ሆድያ፥ ባኒ፥ ባኑን።
d4cfcb2f-28e4-5056-a383-f0420e092076,38f009b8-f4af-5a34-aebb-7e12a3ad13e9,bfca3bd8-c61f-5483-a9a1-81857712d655,14,14,የሕዝቡ አለቆች ፋሮስ፥ ፈሐት ሞዓብ፥ ኤላም፥ ዛቱያ፥ ባኒ፤
d4ffdbb6-cfdd-574f-ae44-d280533b3f3e,38f009b8-f4af-5a34-aebb-7e12a3ad13e9,bfca3bd8-c61f-5483-a9a1-81857712d655,15,15,ቡኒ፥ ዓዝጋድ፥ ቤባይ፤
eda2db15-d0f8-5af3-a64d-dcc6da8708ad,38f009b8-f4af-5a34-aebb-7e12a3ad13e9,bfca3bd8-c61f-5483-a9a1-81857712d655,16,16,አዶንያስ፥ በጉዋይ፥ ዓዲን፤
029720cc-de03-5de4-a0e8-e0d2e5f7d957,38f009b8-f4af-5a34-aebb-7e12a3ad13e9,bfca3bd8-c61f-5483-a9a1-81857712d655,17,17,አጤር፥ ሕዝቅያስ፥ ዓዙር፤
0de7a979-6621-5990-a520-93d12951eb26,38f009b8-f4af-5a34-aebb-7e12a3ad13e9,bfca3bd8-c61f-5483-a9a1-81857712d655,18,18,አሆዲያ፥ ሐሱም፥ ቤሳይ፤
8bcfbcf6-f265-59dd-af35-9c9f01dd09c3,38f009b8-f4af-5a34-aebb-7e12a3ad13e9,bfca3bd8-c61f-5483-a9a1-81857712d655,19,19,ሐሪፍ፥ ዓናቶት፥ ኖባይ፤
7036074d-8c17-5c7b-a1bb-90526e22e2a5,38f009b8-f4af-5a34-aebb-7e12a3ad13e9,bfca3bd8-c61f-5483-a9a1-81857712d655,20,20,መግፈአስ፥ ሜሱላም፥ ኤዚር፤
b1099d93-238d-52c2-afae-a29355829864,38f009b8-f4af-5a34-aebb-7e12a3ad13e9,bfca3bd8-c61f-5483-a9a1-81857712d655,21,21,ሜሴዜቤል፥ ሳዶቅ፥ ያዱአ፤
884add8f-0820-5ace-ad69-58ccb14f2e0b,38f009b8-f4af-5a34-aebb-7e12a3ad13e9,bfca3bd8-c61f-5483-a9a1-81857712d655,22,22,ፈላጥያ፥ ሐናን፥ ዓናያ፤
aec5c1b2-2580-5be8-a57e-d518c39c042e,38f009b8-f4af-5a34-aebb-7e12a3ad13e9,bfca3bd8-c61f-5483-a9a1-81857712d655,23,23,ሆሴዕ፥ ሐናንያ፥ አሱብ፥
3dc7059a-6a57-575a-a5ba-912d15f93c21,38f009b8-f4af-5a34-aebb-7e12a3ad13e9,bfca3bd8-c61f-5483-a9a1-81857712d655,24,24,አሎኤስ፥ ፈሊሃ፥ ሶቤቅ፤
08a44460-c269-5e05-a04a-b7ac40c88e53,38f009b8-f4af-5a34-aebb-7e12a3ad13e9,bfca3bd8-c61f-5483-a9a1-81857712d655,25,25,ሬሁም፥ ሐሰብና፥ መዕሤያ፤
8904d8f8-2ffa-5814-ab53-fa093a827ccb,38f009b8-f4af-5a34-aebb-7e12a3ad13e9,bfca3bd8-c61f-5483-a9a1-81857712d655,26,26,አሂያ፥ ሐናን፥ ዓናን፥፤
4a36eb6a-f8ee-5771-a610-97a9df800f88,38f009b8-f4af-5a34-aebb-7e12a3ad13e9,bfca3bd8-c61f-5483-a9a1-81857712d655,27,27,መሎክ፥ ሔራም፥ ባዕና።
fde90c72-6378-514a-acbf-e3e54ebd25f7,38f009b8-f4af-5a34-aebb-7e12a3ad13e9,7b4d0982-e806-5788-acfd-ce03e2ed7cd9,1,28,የቀሩትም ሕዝብ፥ ካህናቱም፥ ሌዋውያኑም፥ በረኞቹም፥ መዘምራንም፥ ናታኒምም፥ ከምድርም አሕዛብ ራሳቸውን የለዩና ወደ እግዚአብሔር ሕግ የገቡ ሁሉ፥ ሚስቶቻቸውም፥ ወንዶችና ሴቶች ልጆቻቸውም፥ የሚያውቁትና የሚያስተውሉትም ሁሉ ወንድሞቻቸውንና ታላላቆቻቸውን አበረታቱ፤
273203bb-4832-50d5-a95b-61a326a5ed54,38f009b8-f4af-5a34-aebb-7e12a3ad13e9,7b4d0982-e806-5788-acfd-ce03e2ed7cd9,2,29,በእግዚአብሔርም ባሪያ በሙሴ እጅ በተሰጠው በእግዚአብሔር ሕግ ይሄዱ ዘንድ፥ የእግዚአብሔርን ትእዛዝ ሁሉ፥ ፍርዱንም፥ ሥርዐቱንም ይጠብቁና ያደርጉ ዘንድ ርግማንንና መሐላን አደረጉ።
a2185d38-e6e0-5f8e-a65d-9021b8ccb70d,38f009b8-f4af-5a34-aebb-7e12a3ad13e9,7b4d0982-e806-5788-acfd-ce03e2ed7cd9,3,30,ሴቶች ልጆቻችንንም ለምድር አሕዛብ አንሰጥም፤ ሴቶች ልጆቻቸውንም ለልጆቻችን አንወስድም፤
6c729c40-da1b-52bb-a278-98b79d21ad9b,38f009b8-f4af-5a34-aebb-7e12a3ad13e9,7b4d0982-e806-5788-acfd-ce03e2ed7cd9,4,31,የምድርንም አሕዛብ ሸቀጥና ልዩ ልዩ እህል ሊገበዩ በሰንበት ቀን ቢያመጡ በሰንበት ወይም በተቀደሰው ቀን ከእነርሱ አንገዛም፤ ሰባተኛውንም ዓመት እናከብራለን፤ ከሰውም ዕዳ ማስከፈልን እንተዋለን።
54406116-ceb9-545c-addf-6ac8e59383f0,38f009b8-f4af-5a34-aebb-7e12a3ad13e9,7b4d0982-e806-5788-acfd-ce03e2ed7cd9,5,32,ስለ አምላካችንም ቤት ሥራ ሁሉ በየዓመቱ የሰቅል ሢሶ እናመጣ ዘንድ ሥርዐት በራሳችን ላይ እናደርጋለን።
363caed9-1c70-5884-a60c-c65d0ea52076,38f009b8-f4af-5a34-aebb-7e12a3ad13e9,7b4d0982-e806-5788-acfd-ce03e2ed7cd9,6,33,ስለ አምላካችንም ቤት አገልግሎት፥ ስለ ኅብስተ ገጽም፥ ዘወትርም በሰንበትና በመባቻ ስለ ማቅረብ ስለ እህሉ ቍርባንና ስለሚቃጠለው መሥዋዕት፥ ስለ በዓላትም፥ ስለ ተቀደሱትም ነገሮች፥ ለእስራኤልም ስለሚያስተሰርየው ስለ ኀጢአት መሥዋዕት፥
cca3ffee-b7df-53d9-a7e3-d1aee0a433f4,38f009b8-f4af-5a34-aebb-7e12a3ad13e9,7b4d0982-e806-5788-acfd-ce03e2ed7cd9,7,34,እኛም ካህናቱና ሌዋውያኑ ሕዝቡም፥ እንደ አባቶቻችን ቤቶች በተወሰነ ጊዜ በየዓመቱ ወደ አምላካችን ቤት አምጥተን በሕጉ እንደ ተጻፈ በአምላካችን በእግዚአብሔር መሠዊያ ላይ ይቃጠል ዘንድ ስለ ዕንጨት ቍርባን ዕጣ ተጣጣልን፤
eb291e0b-4db1-527e-a576-73df753fe3be,38f009b8-f4af-5a34-aebb-7e12a3ad13e9,7b4d0982-e806-5788-acfd-ce03e2ed7cd9,8,35,በየዓመቱም የመሬታችንን እህል ቀዳምያት፥ የሁሉ ዓይነት ዛፍ የፍሬ ቀዳምያት ሁሉ ወደ እግዚአብሔር ቤት እናመጣ ዘንድ፥
1c6a7ee6-431e-50b2-ac56-33cbdb8a2e22,38f009b8-f4af-5a34-aebb-7e12a3ad13e9,7b4d0982-e806-5788-acfd-ce03e2ed7cd9,9,36,በሕጉም እንደ ተጻፈ የልጆቻችንንና የእንስሶቻችንን በኵራት፥ የበሬዎቻችንንና የበጎቻችንን በኵራት በአምላካችን ቤት ወደሚያገለግሉት ካህናት ወደ አምላካችን ቤት እናመጣ ዘንድ፥
9c5d33aa-cc9e-5baa-a2c3-f26f02640158,38f009b8-f4af-5a34-aebb-7e12a3ad13e9,7b4d0982-e806-5788-acfd-ce03e2ed7cd9,10,37,የእህላችንንም ቀዳምያት፥ የዛፉን ሁሉ ፍሬ፥ የወይኑንና የዘይቱንም ፍሬ ወደ ካህናቱ ወደ አምላካችን ቤት ጓዳዎች እናመጣ ዘንድ፥ ሌዋውያኑም ከከተሞቻችን እርሻ ሁሉ ዐሥራት ይቀበላሉና የመሬታችንን ዐሥራት ወደ ሌዋውያን እናመጣ ዘንድ ማልን።
0c93dbc2-0e48-54fe-a156-9304c4b2d188,38f009b8-f4af-5a34-aebb-7e12a3ad13e9,7b4d0982-e806-5788-acfd-ce03e2ed7cd9,11,38,ሌዋውያኑም ዐሥራቱን በተቀበሉ ጊዜ የአሮን ልጅ ካህኑ ከሌዋውያን ጋር ይሁን፤ ሌዋውያኑም የዐሥራቱን ዐሥራት ወደ አምላካችን ቤት ወደ ጓዳዎች ወደ ዕቃ ቤት ያምጡት።
3d30c3a9-7b7c-559d-ab4b-57d9df5e37ce,38f009b8-f4af-5a34-aebb-7e12a3ad13e9,7b4d0982-e806-5788-acfd-ce03e2ed7cd9,12,39,የእስራኤል ልጆችና የሌዊ ልጆችም የእህሉንና የወይኑን፥ የዘይቱንም ቀዳምያት፥ የመቅደሱን ዕቃዎችና የሚያገለግሉት ካህናት፥ በረኞቹና መዘምራኑ ወዳሉባቸው ጓዳዎች ያግቡት፤ እንዲሁም የአምላካችንን ቤት ከቶ አንተውም።
583df6eb-5012-5225-a2ba-cdf4b9e5246a,c3f3e327-7135-511e-a756-17862f3361de,a91b6d8b-a400-59f9-a4c3-ba1c2f02a915,1,1,የሕዝቡም አለቆች በኢየሩሳሌም ተቀመጡ፤ ከቀሩትም ሕዝብ ከዐሥሩ ክፍል አንዱ በቅድስቲቱ ከተማ በኢየሩሳሌም፥ ዘጠኙም በሌሎች ከተሞች ይቀመጡ ዘንድ ዕጣ ተጣጣሉ።
fdf9a736-c000-5c08-af8d-c7dfd64b706f,c3f3e327-7135-511e-a756-17862f3361de,a91b6d8b-a400-59f9-a4c3-ba1c2f02a915,2,2,ሕዝቡም በፈቃዳቸው በኢየሩሳሌም ለመቀመጥ የወደዱትን ሰዎች ሁሉ ባረኩ።
08718951-c695-559c-ae1b-355541a4d46f,c3f3e327-7135-511e-a756-17862f3361de,a91b6d8b-a400-59f9-a4c3-ba1c2f02a915,3,3,በኢየሩሳሌምም የተቀመጡት የሀገሩ አለቆች እነዚህ ናችው፤ እስራኤል ግን ካህናቱም፥ ሌዋውያኑም፥ ናታኒምም፥ የሰሎሞንም አገልጋዮች ልጆች እያንዳንዳቸው በየርስታቸውና በየከተማቸው በይሁዳ ከተሞች ተቀመጡ።
9d575539-6fdb-5dc8-a48f-b7cc7a8671e6,c3f3e327-7135-511e-a756-17862f3361de,a91b6d8b-a400-59f9-a4c3-ba1c2f02a915,4,4,ከይሁዳና ከብንያምም ልጆች እነዚህ በኢየሩሳሌም ተቀመጡ። ከይሁዳ ልጆች፤ ከፋሬስ ልጆች የመላልኤል ልጅ፥ የሰፋጥያስ ልጅ፥ የሰማርያ ልጅ፥ የዘካርያስ ልጅ፥ የዖዝያ ልጅ አታያ፤
2e6e0343-cda6-5147-ab0e-a3304380c727,c3f3e327-7135-511e-a756-17862f3361de,a91b6d8b-a400-59f9-a4c3-ba1c2f02a915,5,5,የሴሎ ልጅ፥ የዘካርያስ ልጅ፥ የዮያሪብ ልጅ፥ የዓዳያ ልጅ፥ የዖዝያ ልጅ፥ የኮልሖዜ ልጅ፥ የባሩክ ልጅ መዕሤያ።
1f294289-2f86-55d4-ae31-c26d435208c5,c3f3e327-7135-511e-a756-17862f3361de,a91b6d8b-a400-59f9-a4c3-ba1c2f02a915,6,6,በኢየሩሳሌም የተቀመጡት የፋሬስ ልጆች ሁሉ አራት መቶ ስድሳ ስምንት ጽኑዓን ነበሩ።
6b3025e8-5c81-50f4-ab7d-bb6761086b42,c3f3e327-7135-511e-a756-17862f3361de,a91b6d8b-a400-59f9-a4c3-ba1c2f02a915,7,7,የብንያምም ልጆች እነዚህ ናቸው፤ የይሳዕያ ልጅ፥ የአትያል ልጅ፥ የመዕሤያ ልጅ፥ የቆላያ ልጅ፥ የፈዳያ ልጅ፥ የዮሐድ ልጅ፥ የሜሱላም ልጅ ሴሎ።
0663df4c-d512-531b-a6bf-669778aa0fc6,c3f3e327-7135-511e-a756-17862f3361de,a91b6d8b-a400-59f9-a4c3-ba1c2f02a915,8,8,ከእርሱም በኋላ ጌቤና ሴል ዘጠኝ መቶ ሃያ ስምንት ነበሩ።
f0462dfd-9a82-56db-aa01-ee26cc6548ab,c3f3e327-7135-511e-a756-17862f3361de,a91b6d8b-a400-59f9-a4c3-ba1c2f02a915,9,9,አለቃቸውም የዝክሪ ልጅ ኢዮኤል ነበረ፤ የሰኑዋም ልጅ ይሁዳ በከተማው ላይ ሁለተኛ ነበረ።
33838bd9-311e-56d7-ad68-a2222431251b,c3f3e327-7135-511e-a756-17862f3361de,a91b6d8b-a400-59f9-a4c3-ba1c2f02a915,10,10,ከካህናቱም የዮያሬብ ልጅ ይዳእያና ያኪን፤
742e9adb-d4e5-5742-a97e-0326b92cb71d,c3f3e327-7135-511e-a756-17862f3361de,a91b6d8b-a400-59f9-a4c3-ba1c2f02a915,11,11,የእግዚአብሔርም ቤት አለቃ የአኪጦብ ልጅ፥ የማርዮት ልጅ፥ የሳዶቅ ልጅ፥ የሜሱላም ልጅ፥ የኬልቅያስ ልጅ ሣርያ፥
438ed611-c30c-5b1f-a9f9-b96c8aee56fa,c3f3e327-7135-511e-a756-17862f3361de,a91b6d8b-a400-59f9-a4c3-ba1c2f02a915,12,12,የእግዚአብሔርንም የቤቱን ሥራ የሠሩ ወንድሞቻቸው ስምንት መቶ ሃያ ሁለት የመልክያ ልጅ፥ የፋስኩር ልጅ፥ የዘካርያስ ልጅ፥ የአማሴ ልጅ፥ የፈላልያ ልጅ፥ የይሮሖም ልጅ ዓዳያ፥
fe3006fa-7ccd-58ef-a999-2846dc57d5e5,c3f3e327-7135-511e-a756-17862f3361de,a91b6d8b-a400-59f9-a4c3-ba1c2f02a915,13,13,ወንድሞቹም የአባቶች ቤቶች አለቆች ሁለት መቶ አርባ ሁለት፤ የኢሜር ልጅ፥ የሜሱላሙት ልጅ፥ የአሐዚ ልጅ፥ የኤዝርኤል ልጅ ሐማስያ፥
7c48ddcd-6ac5-5d8f-a025-473b71aa705c,c3f3e327-7135-511e-a756-17862f3361de,a91b6d8b-a400-59f9-a4c3-ba1c2f02a915,14,14,ወንድሞቻቸውም መቶ ሃያ ስምንት ጽኑዓን ኀያላን፤ አለቃቸውም የሐጊዶሌም ልጅ ዘብዲሔል ነበረ።
c75f8b4e-112c-5278-aa6c-535c2ffd49c0,c3f3e327-7135-511e-a756-17862f3361de,a91b6d8b-a400-59f9-a4c3-ba1c2f02a915,15,15,ከሌዋውያንም የቡኒ ልጅ፥ የአሳብያ ልጅ፥ የዓዝሪቃም ልጅ፥ የሐሱብ ልጅ ሰማያ፤
18de67b9-e207-51a3-a5ba-7292eccb60ca,c3f3e327-7135-511e-a756-17862f3361de,a91b6d8b-a400-59f9-a4c3-ba1c2f02a915,16,16,ከእግዚአብሔርም ቤት በውጭ በነበረው ሥራ ላይ የነበሩ የሌዋውያን አለቆች ሴቤታይና ኢዮዛብድ፤
a21f3dc2-acdd-536a-a721-eb9293d5349e,c3f3e327-7135-511e-a756-17862f3361de,a91b6d8b-a400-59f9-a4c3-ba1c2f02a915,17,17,በጸሎትም ጊዜ ምስጋናን የሚጀምሩ አለቃው የአሳፍ ልጅ፥ የዛብዲ ልጅ፥ የሚካ ልጅ ማታንያ፥ በወንድሞቹም መካከል ሁለተኛ የነበረ ቦቂቦቅያ፥ የኢዶትም ልጅ፥ የጌላል ልጅ፥ የሰሙዓ ልጅ አብድያ።
59d78332-883d-58b7-aa35-a11eca475354,c3f3e327-7135-511e-a756-17862f3361de,a91b6d8b-a400-59f9-a4c3-ba1c2f02a915,18,18,በቅድስቲቱ ከተማ የነበሩ ሌዋውያን ሁሉ ሁለት መቶ ሰማንያ አራት ነበሩ።
0dda81d6-201a-5eb2-af6d-8dafdc488320,c3f3e327-7135-511e-a756-17862f3361de,a91b6d8b-a400-59f9-a4c3-ba1c2f02a915,19,19,በሮቹንም የሚጠብቁ በረኞች፥ ዓቁብና ጤልሞን፥ ወንድሞቻቸውም መቶ ሰባ ሁለት ነበሩ።
fa5fe548-e3c0-51ad-af6b-11cb398d1c10,c3f3e327-7135-511e-a756-17862f3361de,a91b6d8b-a400-59f9-a4c3-ba1c2f02a915,20,20,ከእስራኤልም የቀሩት ከካህናትና ከሌዋውያንም እያንዳንዳቸው በየርስታቸው በይሁዳ ከተሞች ሁሉ ውስጥ ነበሩ።
dd977d54-a108-57d8-a3b5-36539e5cec71,c3f3e327-7135-511e-a756-17862f3361de,a91b6d8b-a400-59f9-a4c3-ba1c2f02a915,21,21,ናታኒምም በዖፌል ተቀምጠው ነበር፤ ሲሐና ጊስፋም በናታኒም ላይ ነበሩ።
46ada850-ccdc-5ba2-aab1-f7432a5b0f4e,c3f3e327-7135-511e-a756-17862f3361de,a91b6d8b-a400-59f9-a4c3-ba1c2f02a915,22,22,በእግዚአብሔርም ቤት ሥራ ላይ ከነበሩ መዘምራን ከአሳፍ ልጆች ወገን የሚካ ልጅ፥ የመታንያ ልጅ፥ የሐሳብያ ልጅ፥ የባኒ ልጅ ኦዚ በኢየሩሳሌም የሌዋውያን አለቃ ነበረ።
807c4928-8c0c-5623-ae1f-25fceefb1ff3,c3f3e327-7135-511e-a756-17862f3361de,a91b6d8b-a400-59f9-a4c3-ba1c2f02a915,23,23,በእነርሱም ላይ የንጉሥ ትእዛዝ ነበረ፤ የመዘምራኑም ሥርዐት ለየዕለቱ የተሠራ ነበረ።
7d092c46-91e3-5790-a04f-c2b7c4bc1ba1,c3f3e327-7135-511e-a756-17862f3361de,a91b6d8b-a400-59f9-a4c3-ba1c2f02a915,24,24,ከይሁዳም ልጅ ከዛራ ወገን የባስያዘብኤል ልጅ ፈታያ ስለ ሕዝቡ ነገር ሁሉ በንጉሡ አጠገብ ነበረ።
2ab62179-2e72-5c82-a87a-c7555e837963,c3f3e327-7135-511e-a756-17862f3361de,a91b6d8b-a400-59f9-a4c3-ba1c2f02a915,25,25,ስለ መንደሮቹና ስለ እርሻዎቻቸው ከይሁዳ ልጆች ዐያሌዎች በቂርያትአርባቅና በመንደሮችዋ፥ በዲቦንና በመንደሮችዋም፥ በቃጽብኤልና በመንደሮችዋም፥
e6138270-36cd-57fe-ae69-20fcce7b0478,c3f3e327-7135-511e-a756-17862f3361de,a91b6d8b-a400-59f9-a4c3-ba1c2f02a915,26,26,በኢያሱ፥ በሞላዳ፥ በቤተፋሌጥ፥
7283c7f4-2c6e-5d67-ad3e-e62676607a3c,c3f3e327-7135-511e-a756-17862f3361de,a91b6d8b-a400-59f9-a4c3-ba1c2f02a915,27,27,በሐጸርሱዓል፥ በቤርሳቤህና በመንደሮችዋ፥
72618c6e-c566-5abd-a31e-d1857451a292,c3f3e327-7135-511e-a756-17862f3361de,a91b6d8b-a400-59f9-a4c3-ba1c2f02a915,28,28,በጼቅላቅ፥ በመኮናና በመንደሮችዋ፥
3d226c41-c498-522e-a6dd-41d8fb13accc,c3f3e327-7135-511e-a756-17862f3361de,a91b6d8b-a400-59f9-a4c3-ba1c2f02a915,29,29,በዓይንሪሞን፥ በጼርህ፥ በየርሙት፥
0b030612-9808-586d-aa68-ad94209cbaca,c3f3e327-7135-511e-a756-17862f3361de,a91b6d8b-a400-59f9-a4c3-ba1c2f02a915,30,30,በዛኖህ፥ በዓዶላም፥ በመንደሮቻቸውም፥ በለኪሶና በእርሻዎችዋ፥ በዓዜቃና በመንደሮችዋ ተቀመጡ። እንዲሁ ከቤርሳቤህ ጀምሮ እስከ ሄኖም ሸለቆ ድረስ ሰፈሩ።
fa44313b-3538-57f2-a3ad-746782080aa0,c3f3e327-7135-511e-a756-17862f3361de,a91b6d8b-a400-59f9-a4c3-ba1c2f02a915,31,31,የብንያምም ልጆች ከጌባ ጀምሮ በማኬማስ፥ በአያል፥ በቤቴልና በመንደሮችዋ፥
a8d762ee-3205-5def-af08-849821540d4c,c3f3e327-7135-511e-a756-17862f3361de,a91b6d8b-a400-59f9-a4c3-ba1c2f02a915,32,32,በዓናቶት፥ በኖብ፥ በሐናንያ፥
0ee7042a-31db-550f-ac4a-3991f82f1ca8,c3f3e327-7135-511e-a756-17862f3361de,a91b6d8b-a400-59f9-a4c3-ba1c2f02a915,33,33,በሐጾር፥ በራማ፥ በጌትም፤
924524c4-5dc9-5694-a3fa-77d8586443cc,c3f3e327-7135-511e-a756-17862f3361de,a91b6d8b-a400-59f9-a4c3-ba1c2f02a915,34,34,በሐዲድ፥ በሰቡኢም፥ በነብላት፥
f542ab42-2a2d-5793-aabb-c45014891524,c3f3e327-7135-511e-a756-17862f3361de,a91b6d8b-a400-59f9-a4c3-ba1c2f02a915,35,35,በሎድ፥ በኣውኖ፥ በጌሐራሲም ተቀመጡ።
ae5710d3-ef44-547f-a4ce-4b4e00152d54,c3f3e327-7135-511e-a756-17862f3361de,a91b6d8b-a400-59f9-a4c3-ba1c2f02a915,36,36,ከሌዋውያንም ተከፍለው በይሁዳና በብንያም ነበሩ።
69a2bcd4-b1c7-54af-ae9c-10b5b48a8d39,7e63d2c1-fd72-5e0c-aa45-af72e7c36edc,4cafb524-aaa0-5ab6-af5b-01531f7270d9,1,1,ከሰላትያል ልጅ ከዘሩባቤልና ከኢያሱ ጋር የወጡት ካህናትና ሌዋውያን እነዚህ ነበሩ፤ ሠራህያ፥ ኤርምያስ፥ ዔዝራ፤
2a9d1dcc-413f-5ecc-a50c-0fc3ffe3fa0a,7e63d2c1-fd72-5e0c-aa45-af72e7c36edc,4cafb524-aaa0-5ab6-af5b-01531f7270d9,2,2,አማርያ፥ መሎክ፥ ሐጡስ፥
5961de77-0f1e-5e29-a65b-1ff7eac51f25,7e63d2c1-fd72-5e0c-aa45-af72e7c36edc,4cafb524-aaa0-5ab6-af5b-01531f7270d9,3,3,ሴኬንያ፥ ሬሁም፥ ሜራሞት፤
f13b6dbf-95b8-5e57-ad1e-18e103f857a0,7e63d2c1-fd72-5e0c-aa45-af72e7c36edc,4cafb524-aaa0-5ab6-af5b-01531f7270d9,4,4,አዶ፥ ጌንቶን፥ አብያ፤
880ac7b6-d120-5c5b-ac9f-27932809756e,7e63d2c1-fd72-5e0c-aa45-af72e7c36edc,4cafb524-aaa0-5ab6-af5b-01531f7270d9,5,5,ሚያሚን፥ መዓድያ፥ ቤልጋ፤
c84435be-1fd6-5bd5-aae2-613d1c19bfde,7e63d2c1-fd72-5e0c-aa45-af72e7c36edc,4cafb524-aaa0-5ab6-af5b-01531f7270d9,6,6,ሰማዕያ፥ ዮያሪብ፥ ዮዳኤያ፤
17c03e4f-4fd5-58c6-a317-82878c8b8347,7e63d2c1-fd72-5e0c-aa45-af72e7c36edc,4cafb524-aaa0-5ab6-af5b-01531f7270d9,7,7,ሳሎም፥ ዓሞቅ፥ ሔልቅያስ፥ ኢዳዕያ፤ እነዚህ በኢያሱ ዘመን የካህናቱና የወንድሞቻቸው አለቆች ነበሩ።
74e7fc9d-4dd8-58a4-acc9-6d8f32b4eefd,7e63d2c1-fd72-5e0c-aa45-af72e7c36edc,4cafb524-aaa0-5ab6-af5b-01531f7270d9,8,8,ሌዋውያኑም ኢያሱ፥ በንዊ፥ ቀድምኤል፥ ሰራብያ፥ ይሁዳ፥ ከወንድሞቹም ጋር በመዘምራን ላይ የተሾመ ማታንያ።
4ca2a260-bd06-5bbb-aadd-1f1f24f5c0a2,7e63d2c1-fd72-5e0c-aa45-af72e7c36edc,4cafb524-aaa0-5ab6-af5b-01531f7270d9,9,9,ወንድሞቻቸውም በቅቡቅያና ዑኒ በየሰሞናቸው በአንጻራቸው ነበሩ።
4e70980c-bac0-5da9-a9c1-bdd7ece9bd2c,7e63d2c1-fd72-5e0c-aa45-af72e7c36edc,4cafb524-aaa0-5ab6-af5b-01531f7270d9,10,10,ኢያሱም ዮአቂምን ወለደ፤ ዮአቂምም ኤሊያሴብን ወለደ፤ ኤሊያሴብም ዮሐዳን ወለደ፤
b13b2f2b-45ad-5fb6-ad85-c8a0990cf538,7e63d2c1-fd72-5e0c-aa45-af72e7c36edc,4cafb524-aaa0-5ab6-af5b-01531f7270d9,11,11,ዮሐዳም ዮናታንን ወለደ፤ ዮናታንም ይዱዕን ወለደ።
1bf570c5-28a3-5138-a101-5f6ac54d1290,7e63d2c1-fd72-5e0c-aa45-af72e7c36edc,4cafb524-aaa0-5ab6-af5b-01531f7270d9,12,12,በዮአቂምም ዘመን የአባቶች ቤቶች አለቆች ወንድሞቹ ካህናቱ ነበሩ፤ ከሠራያ ምራያ፥ ከኤርምያስ ሐናንያ፤
fb56cad0-bc48-515c-a239-4b630c4cc4d2,7e63d2c1-fd72-5e0c-aa45-af72e7c36edc,4cafb524-aaa0-5ab6-af5b-01531f7270d9,13,13,ከዕዝራ ሜሱላም፥ ከአማርያ ዮሐናን፤
5c50e4dd-48ff-59a1-a566-83e6419f1d3e,7e63d2c1-fd72-5e0c-aa45-af72e7c36edc,4cafb524-aaa0-5ab6-af5b-01531f7270d9,14,14,ከማሎክ ዮናታን፥ ከሴብንያ ዮሴፍ፤
e841ff85-c4e0-5a3a-ad0e-304985d78c87,7e63d2c1-fd72-5e0c-aa45-af72e7c36edc,4cafb524-aaa0-5ab6-af5b-01531f7270d9,15,15,ከሐሪም ዓድና፥ ከመራዮት ሔልቃይ፤
741e6528-77a7-501e-ad6d-f02037b7ed2d,7e63d2c1-fd72-5e0c-aa45-af72e7c36edc,4cafb524-aaa0-5ab6-af5b-01531f7270d9,16,16,ከአዶ ዘካርያስ፥ ከጌንቶን ሜሱላም፤
cc856455-4659-5b72-a3a3-a67f29db8e8d,7e63d2c1-fd72-5e0c-aa45-af72e7c36edc,4cafb524-aaa0-5ab6-af5b-01531f7270d9,17,17,ከአብያ ዝክሪ፥ ከሚያሚንና ከሞዓድያ፥ ፈልጣይ፤
33ba9bd7-05c9-57e8-ae78-e692ff0be7d3,7e63d2c1-fd72-5e0c-aa45-af72e7c36edc,4cafb524-aaa0-5ab6-af5b-01531f7270d9,18,18,ከቤልጋ ሳሙኣ፥ ከሰማዕያ ዮናታን፤
1a2ee337-c0bc-548b-a64d-b878ecdea3fe,7e63d2c1-fd72-5e0c-aa45-af72e7c36edc,4cafb524-aaa0-5ab6-af5b-01531f7270d9,19,19,ከዮያሬብ መትናይ፥ ከዮዳኤያ ኦዚ፤
70bc3550-0b14-565f-a225-fcd1bb4c3dcc,7e63d2c1-fd72-5e0c-aa45-af72e7c36edc,4cafb524-aaa0-5ab6-af5b-01531f7270d9,20,20,ከሳላይ ቃላይ፥ ከዓሞቅ ዔቤር፤
f0f3c9c7-e3e2-59ce-a56e-ee06a1a07998,7e63d2c1-fd72-5e0c-aa45-af72e7c36edc,4cafb524-aaa0-5ab6-af5b-01531f7270d9,21,21,ከኬልቅያስ ሐሳብያ፥ ከኢዳዕያ ናትናኤል።
e2f6a5ad-8b4b-54c1-a9d5-dd5fb9241c61,7e63d2c1-fd72-5e0c-aa45-af72e7c36edc,4cafb524-aaa0-5ab6-af5b-01531f7270d9,22,22,ከሌዋውያኑም በኤልያሴብና በዮሐዳ፥ በዮሐናንና በያዱዕ ዘመን የአባቶች ቤቶች አለቆች ተጻፉ፤ ካህናቱም በፋርሳዊው በዳርዮስ መንግሥት ዘመን ተጻፉ።
dc91ead9-fece-502d-ac45-79f0a51b7bab,7e63d2c1-fd72-5e0c-aa45-af72e7c36edc,4cafb524-aaa0-5ab6-af5b-01531f7270d9,23,23,የሌዊ ልጆች የአባቶች ቤቶች አለቆች እስከ ኤልያሴብ ልጅ እስከ ዮሐናን ዘመን ድረስ በታሪክ መጽሐፍ ተጻፉ።
82719a48-c22e-5fc9-a022-1addec20bd9b,7e63d2c1-fd72-5e0c-aa45-af72e7c36edc,4cafb524-aaa0-5ab6-af5b-01531f7270d9,24,24,የሌዋውያኑም አለቆች አሳብያ፥ ሰርብያ፥ ኢያሱ፥ የቀድምኤልም ልጆች፥ ወንድሞቻቸውም እንደ እግዚአብሔር ሰው እንደ ዳዊት ትእዛዝ በየሰሞናቸው በእነርሱ ፊት ያከብሩና ያመሰግኑ ነበር።
30f31887-acda-525d-a301-60e11f67cb1e,7e63d2c1-fd72-5e0c-aa45-af72e7c36edc,4cafb524-aaa0-5ab6-af5b-01531f7270d9,25,25,መታንያ፥ በቅቡቅያ፥ አብድያ፥ ሜሱላም፥ ጤልሞን፥ ዓቁብ በበሮች አጠገብ የሚገኙትን ዕቃ ቤቶች ለመጠበቅ በረኞች ነበሩ።
c20d1ce4-d279-51b9-a6bb-e209846d0ed9,7e63d2c1-fd72-5e0c-aa45-af72e7c36edc,4cafb524-aaa0-5ab6-af5b-01531f7270d9,26,26,እነዚህም በኢዮሴዴቅ ልጅ በኢያሱ ልጅ በዮአቂም በአለቃውም በነህምያ፥ በጸሓፊውም በካህኑ በዕዝራ ዘመን ነበሩ።
71ad4ff3-ae0f-56d3-a930-b7cad83faa36,7e63d2c1-fd72-5e0c-aa45-af72e7c36edc,57017324-83e9-5bfd-a756-0b2d4d0db850,1,27,የኢየሩሳሌምም ቅጥር በተመረቀ ጊዜ ምረቃውን በደስታና በምስጋና፥ በመዝሙርም፥ በጸናጽልም፥ በበገናም፥ በመሰንቆም ለማድረግ ወደ ኢየሩሳሌም ያመጡአቸው ዘንድ ሌዋውያኑን በየስፍራቸው ሁሉ ፈለጉ።
399e065e-f9e1-5c0b-a7be-5b9c026b6d70,7e63d2c1-fd72-5e0c-aa45-af72e7c36edc,57017324-83e9-5bfd-a756-0b2d4d0db850,2,28,የመዘምራኑም ልጆች ከኢየሩሳሌም ዙርያና ከሌሎችም መንደሮች ተሰበሰቡ።
6468930a-6c37-505f-a9ab-08e14eebbc9c,7e63d2c1-fd72-5e0c-aa45-af72e7c36edc,57017324-83e9-5bfd-a756-0b2d4d0db850,3,29,ከቤት ጌልጋልና ከጌባ፥ ከአዝማዊትም እርሻ መዘምራኑ በኢየሩሳሌም ዙርያ ለራሳቸው መንደሮች ሠርተዋልና።
70777220-b7ea-5492-af55-3385730c8757,7e63d2c1-fd72-5e0c-aa45-af72e7c36edc,57017324-83e9-5bfd-a756-0b2d4d0db850,4,30,ካህናቱና ሌዋውያኑም ራሳቸውን አነጹ፤ ሕዝቡንም፥ በረኞችንም ቅጥሩንም አነጹ።
780ab6ce-941f-5987-a0b5-161229959b32,7e63d2c1-fd72-5e0c-aa45-af72e7c36edc,57017324-83e9-5bfd-a756-0b2d4d0db850,5,31,የይሁዳንም አለቆች ወደ ቅጥሩ አወጣኋቸው፤ አመስጋኞቹንም በሁለት ታላላቅ ተርታ አቆምኋቸው፤ የአንዱም ተርታ ሰዎች ወደ ቀኝ በቅጥሩ ላይ ወደ ጉድፍ መጣያው በር ሄዱ።
cf2e1234-1432-53bc-a8a9-7ae7d695f0f8,7e63d2c1-fd72-5e0c-aa45-af72e7c36edc,57017324-83e9-5bfd-a756-0b2d4d0db850,6,32,ከእነርሱም በኋላ ሆሴዕ የይሁዳም አለቆች እኩሌታ፤
8fe3819c-6470-5bcd-a720-8b8d870d8a97,7e63d2c1-fd72-5e0c-aa45-af72e7c36edc,57017324-83e9-5bfd-a756-0b2d4d0db850,7,33,ዓዛርያ፥ ዕዝራ፥ ሜሱላም፥
7d0eb2cf-3b14-56d6-abcd-5ec17c515b7d,7e63d2c1-fd72-5e0c-aa45-af72e7c36edc,57017324-83e9-5bfd-a756-0b2d4d0db850,8,34,ይሁዳ፥ ብንያም፥ ሰማዕያ፥ ኤርምያስ፤
f94ce6a5-b445-5ea4-a5fd-fa0c3f9c8d49,7e63d2c1-fd72-5e0c-aa45-af72e7c36edc,57017324-83e9-5bfd-a756-0b2d4d0db850,9,35,መለከትም ይዘው ከካህናቱ ልጆች አያሌዎች፥ የአሳፍም ልጅ የዘኩር ልጅ የሚካያ ልጅ የመታንያ ልጅ የሰማዕያ ልጅ የዮናታን ልጅ ዘካርያስ፤
3a64e571-d37e-588d-a8b8-4400981e09b6,7e63d2c1-fd72-5e0c-aa45-af72e7c36edc,57017324-83e9-5bfd-a756-0b2d4d0db850,10,36,ወንድሞቹም ሰማዕያ፥ አዘርኤል፥ ማዕላይ፥ ጌላላይ፥ መዓይ፥ ናትናኤል፥ ይሁዳ፥ አናኒ የእግዚአብሔርን ሰው የዳዊትን የዜማውን ዕቃ ይዘው ሄዱ፤ ጸሓፊውም ዕዝራ በፊታቸው ነበረ።
41f901b3-7cae-5856-a270-5ae1195c1af4,7e63d2c1-fd72-5e0c-aa45-af72e7c36edc,57017324-83e9-5bfd-a756-0b2d4d0db850,11,37,በምንጭም በር አቅንተው ሄዱ፤ በዳዊትም ከተማ ደረጃ፥ በቅጥሩም መውጫ፥ ከዳዊትም ቤት በላይ እስከ ውኃው በር ድረስ በምሥራቅ በኩል ሄዱ።
422590db-3749-5478-a22c-a25891c94fbb,7e63d2c1-fd72-5e0c-aa45-af72e7c36edc,57017324-83e9-5bfd-a756-0b2d4d0db850,12,38,ሁለተኛውም የአመስጋኞቹ ክፍል ወደ ግራ ሄደ፤ እኔና የሕዝቡም እኩሌታ በስተኋላቸው ነበርን፤ በቅጥሩም ላይ፥ በእቶኑ ግንብ በላይ እስከ ሰፊው ቅጥር ድረስ፥
ab41e192-3bde-5f1f-a9aa-49ae1d254d96,7e63d2c1-fd72-5e0c-aa45-af72e7c36edc,57017324-83e9-5bfd-a756-0b2d4d0db850,13,39,ከኤፍሬምም በር በላይ፥ በአሮጌው በርና በዓሣ በር፥ በአናንኤልም ግንብ፥ በሃሜአ ግንብ እስከ በጎች በር ድረስ ሄዱ፤ በዘበኞችም በር አጠገብ ቆሙ።
256a34b5-8117-59ba-a8b2-0c3fdb3864f8,7e63d2c1-fd72-5e0c-aa45-af72e7c36edc,57017324-83e9-5bfd-a756-0b2d4d0db850,14,40,እንዲሁ ሁለቱ የአመስጋኞች ክፍሎች በእግዚአብሔር ቤት ቆሙ፤ ከእነርሱም ጋር እኔና የአለቆች እኩሌታ ነበርን፤
c7345656-31b9-5a2c-a916-7d3e1fcec533,7e63d2c1-fd72-5e0c-aa45-af72e7c36edc,57017324-83e9-5bfd-a756-0b2d4d0db850,15,41,ካህናቱም ኤልያቄም፥ መዕሤያ፥ ሚንያሚን፥ ሚካያ፥ ኤልዮዔናይ፥ ዘካርያስ፥ ሐናንያ መለከት ይዘው፥
023640a9-d60c-56af-aa4a-eed2065f786d,7e63d2c1-fd72-5e0c-aa45-af72e7c36edc,57017324-83e9-5bfd-a756-0b2d4d0db850,16,42,መዕሤያ፥ ሰማዕያ፥ ኤልየዜር፥ ኦዚ፥ ዮሐናን፥ ሚልክያ፥ ኤላም፥ ኤዝር፥ መዘምራኑም በታላቅ ድምፅ ዘመሩ፤ አለቃቸውም ይዝረአያ ነበረ።
680b4925-b266-552c-a4e7-70758310bbd1,7e63d2c1-fd72-5e0c-aa45-af72e7c36edc,57017324-83e9-5bfd-a756-0b2d4d0db850,17,43,እግዚአብሔርም በታላቅ ደስታ ደስ አሰኝቶአቸዋልና በዚያ ቀን ትልቅ መሥዋዕት አቀረቡ፤ ደስም አላቸው፤ ሴቶቹና ልጆቹም ደግሞ ደስ አላቸው፤ ደስታቸውም በኢየሩሳሌም ከሩቅ ተሰማ።
66c280df-dfd0-5a5b-ab2d-26f9c0314590,7e63d2c1-fd72-5e0c-aa45-af72e7c36edc,57017324-83e9-5bfd-a756-0b2d4d0db850,18,44,የይሁዳም ሕዝብ በአገልጋዮቹ ካህናትና ሌዋውያን ደስ ስላላቸው፥ የካህናቱንና የሌዋውያኑን ዕድል ፈንታ እንደ ሕጉ ከከተሞች እርሻዎች ያከማቹ ዘንድ ለቀዳምያት፥ ለዐሥራትም በየዕቃ ቤቶቹ ላይ በዚያ ቀን ሰዎችን ሾሙ።
3543a824-43bf-58a7-acc2-42dc8ce92363,7e63d2c1-fd72-5e0c-aa45-af72e7c36edc,57017324-83e9-5bfd-a756-0b2d4d0db850,19,45,እነርሱም መዘምራኑና በረኞቹም የአምላካቸውን ሥርዐት የመንጻታቸውን ሥርዐት እንደ ዳዊትና እንደ ልጁ እንደ ሰሎሞን ትእዛዝ ጠበቁ።
cce13ef8-b491-5e9a-ade8-e1f2a3d72f3a,7e63d2c1-fd72-5e0c-aa45-af72e7c36edc,57017324-83e9-5bfd-a756-0b2d4d0db850,20,46,በዳዊትም ዘመን አሳፍ የመዘምራን አለቃ ነበር፤ እነርሱም እግዚአብሔርን በዜማ ያመሰግኑ ነበር።
16343a70-ac49-5ac3-ae4e-e7af23c7eebc,7e63d2c1-fd72-5e0c-aa45-af72e7c36edc,57017324-83e9-5bfd-a756-0b2d4d0db850,21,47,እስራኤልም ሁሉ በዘሩባቤልና በነህምያ ዘመን ለመዘምራኑና ለበረኞቹ ፈንታቸውን በየዕለቱ ይሰጡ ነበር፤ የተቀደሰውንም ነገር ለሌዋውያን ሰጡ፤ ሌዋውያኑም ከተቀደሰው ነገር ለአሮን ልጆች ሰጡ።
c2482c62-5758-5280-a9cd-60eccd3b8054,ed10cc3e-b891-58d0-ad0c-8264f5c25400,0063c3fd-8884-5ab2-a062-93e4d2a1793b,1,1,በዚያም ቀን የሙሴን መጽሐፍ በሕዝቡ ጆሮ አነበቡ፤ አሞናውያንና ሞዓባውያንም ወደ እግዚአብሔር ጉባኤ ለዘለዓለም እንዳይገቡ የሚል በዚያ አገኙ።
e801bc4c-19cd-5814-a471-5745dbd16c74,ed10cc3e-b891-58d0-ad0c-8264f5c25400,0063c3fd-8884-5ab2-a062-93e4d2a1793b,2,2,የእስራኤልን ልጆች በእንጀራና በውኃ አልተቀበሉአቸውምና፥ ይረግማቸውም ዘንድ በለዓምን ገዝተውባቸዋልና፤ ነገር ግን አምላካችን ርግማኑን ወደ በረከት መለሰው።
9f033af3-4d43-55ce-a8de-9d3b12866f08,ed10cc3e-b891-58d0-ad0c-8264f5c25400,0063c3fd-8884-5ab2-a062-93e4d2a1793b,3,3,ሕጉንም በሰሙ ጊዜ ከእስራኤል ጋር የተደባለቀውን ሕዝብ ሁሉ ለዩ።
41afb7ab-c0cd-5899-ac4a-7c59b8999818,ed10cc3e-b891-58d0-ad0c-8264f5c25400,0063c3fd-8884-5ab2-a062-93e4d2a1793b,4,4,ከዚህም አስቀድሞ በአምላካችን ቤት ጓዳዎች ላይ ተሾሞ የነበረው ካህኑ ኤልያሴብ ከጦብያ ጋር ተወዳጅቶ፥
cec42fdb-32e2-5408-a68a-8aad07706dd6,ed10cc3e-b891-58d0-ad0c-8264f5c25400,0063c3fd-8884-5ab2-a062-93e4d2a1793b,5,5,ለሌዋውያን፥ ለመዘምራንና ለበረኞቹ እንደ ሕጉ የተሰጣቸውን የእህሉን ቍርባንና ዕጣኑን፥ ዕቃዎቹንም፥ የእህሉንና የወይኑን፥ የዘይቱንም ዐሥራት፥ ለካህናቱም የሆነውን ቀዳምያቱን አስቀድሞ ያስቀመጡበትን ታላቅ ዕቃ ቤት አዘጋጅቶለት ነበር።
952ccaa4-2a0e-503b-a84a-b8358c4b39f5,ed10cc3e-b891-58d0-ad0c-8264f5c25400,0063c3fd-8884-5ab2-a062-93e4d2a1793b,6,6,እኔ ግን በባቢሎን ንጉሥ በአርተሰስታ በሠላሳ ሁለተኛው ዓመት ወደ ንጉሡ ሄጄ ነበርና በዚህ ጊዜ በኢየሩሳሌም አልነበርሁም። ከጥቂት ዘመንም በኋላ የንጉሡን ፈቃድ ለመንሁ፤
0b3be08e-b055-5f93-aba9-7cb5ff1d8f33,ed10cc3e-b891-58d0-ad0c-8264f5c25400,0063c3fd-8884-5ab2-a062-93e4d2a1793b,7,7,ወደ ኢየሩሳሌምም መጣሁ፤ ኤልያሴብም በእግዚአብሔር ቤት አደባባይ ለጦቢያ ዕቃ ቤቱን በማዘጋጀት ያደረገውን ክፉ ነገር አስተዋልሁ።
8edeb999-577a-54b2-a501-3fc18715cd68,ed10cc3e-b891-58d0-ad0c-8264f5c25400,0063c3fd-8884-5ab2-a062-93e4d2a1793b,8,8,እጅግም አስከፋኝ፤ የጦብያንም የቤቱን ዕቃ ሁሉ ከዕቃ ቤት ወደ ውጭ ጣልሁ።
1608d159-1ff8-50f3-a808-709d23118669,ed10cc3e-b891-58d0-ad0c-8264f5c25400,0063c3fd-8884-5ab2-a062-93e4d2a1793b,9,9,ዕቃ ቤቶቹንም እንዲያነጹ አዘዝሁ፤ የእግዚአብሔርንም ቤት ዕቃዎች፥ የእህሉንም ቍርባን፥ ዕጣኑንም መልሼ በዚያ አገባሁ።
92b2c30d-9bc5-5e0b-a29c-95e5502e785f,ed10cc3e-b891-58d0-ad0c-8264f5c25400,0063c3fd-8884-5ab2-a062-93e4d2a1793b,10,10,ለሌዋውያንም ፈንታቸው እንዳልተሰጠ፥ የሚያገለግሉትም ሌዋውያንና መዘምራን እያንዳንዱ ወደ እርሻው እንደ ሄደ ተመለከትሁ።
833b847e-4455-5669-a751-87530ccb84f8,ed10cc3e-b891-58d0-ad0c-8264f5c25400,0063c3fd-8884-5ab2-a062-93e4d2a1793b,11,11,እኔም፥ “የእግዚአብሔር ቤት ስለ ምን ተተወ?” ብዬ ከአለቆቹ ጋር ተከራከርሁ። ሰበሰብኋቸውም፤ በየስፍራቸውም አቆምኋቸው።
7acb470a-ccd6-5c52-a9ac-aef31ae3bbd9,ed10cc3e-b891-58d0-ad0c-8264f5c25400,0063c3fd-8884-5ab2-a062-93e4d2a1793b,12,12,ይሁዳም ሁሉ የእህሉንና የወይኑን የዘይቱንም ዐሥራት ወደ ዕቃ ቤቶች አመጡ።
96a8a8f1-b8d5-52eb-a570-a75108e4b2e0,ed10cc3e-b891-58d0-ad0c-8264f5c25400,0063c3fd-8884-5ab2-a062-93e4d2a1793b,13,13,በዕቃ ቤቶችም ላይ ካህኑን ሰሌምያን፥ ጸሓፊውንም ሳዶቅን፥ ከሌዋውያኑም ፈዳያን ሾምሁ፤ ከእነርሱም ጋር የመታንያ ልጅ የዘኩር ልጅ ሐናን ነበረ፤ እነርሱም የታመኑ ሆነው ተገኙ፤ ሥራቸውም ለወንድሞቻቸው ማከፋፈል ነበረ።
03480bc7-5dee-53dc-aa0b-f075284b8b09,ed10cc3e-b891-58d0-ad0c-8264f5c25400,0063c3fd-8884-5ab2-a062-93e4d2a1793b,14,14,አምላኬ ሆይ፥ ስለዚህ አስበኝ፤ ለእግዚአብሔርም ቤት ያደረግሁትን ወረታዬን አታጥፋ።
fee78f33-443f-55c3-ac43-d317efd75a4f,ed10cc3e-b891-58d0-ad0c-8264f5c25400,0063c3fd-8884-5ab2-a062-93e4d2a1793b,15,15,በዚያም ወራት በይሁዳ በሰንበት ቀን የወይን መጭመቂያን የሚረግጡትን፥ ነዶም የሚከምሩትን፥ የወይኑን ጠጅና የወይኑን ዘለላ፤ በለሱንም፥ ልዩ ልዩም ዓይነት ሸክም በአህዮች ላይ የሚጭኑትን፥ በሰንበትም ቀን ወደ ኢየሩሳሌም የሚያስገቡትን አየሁ፤ ገበያም ባደረጉበት ቀን አስመሰከርሁባቸው።
56222df5-10ac-5a97-af28-7bdcf3dd36ec,ed10cc3e-b891-58d0-ad0c-8264f5c25400,0063c3fd-8884-5ab2-a062-93e4d2a1793b,16,16,ደግሞም በእርስዋ የተቀመጡ ነበሩ፤ እነርሱም ዓሣዎችን፥ ልዩ ልዩም ዓይነት ሸቀጥ አምጥተው በሰንበት ቀን በኢየሩሳሌም ለይሁዳ ልጆች ይሸጡ ነበር።
9d85ede3-7c23-5f48-a531-f35230db7d57,ed10cc3e-b891-58d0-ad0c-8264f5c25400,0063c3fd-8884-5ab2-a062-93e4d2a1793b,17,17,ከይሁዳም አለቆችና ታላላቆች ጋር ተከራከርሁና እንዲህ አልኋቸው፥ “ይህ የምታደርጉት ክፉ ነገር ምንድን ነው? የሰንበትንስ ቀን ታረክሳላችሁን?
02a23708-ebb3-5e61-a661-c43ec3502e5d,ed10cc3e-b891-58d0-ad0c-8264f5c25400,0063c3fd-8884-5ab2-a062-93e4d2a1793b,18,18,አባቶቻችሁ እንደዚህ አድርገው አልነበረምን? አምላካችንስ ይህን ክፉ ነገር ሁሉ በእኛና በዚች ከተማ ላይ አምጥቶ አልነበረምን? እናንተስ ሰንበትን በማርከሳችሁ በእስራኤል ላይ መዓትን ትጨምራላችሁ?”
46b668a7-e871-511a-a25f-d181cf06c84f,ed10cc3e-b891-58d0-ad0c-8264f5c25400,0063c3fd-8884-5ab2-a062-93e4d2a1793b,19,19,ከዚህ በኋላ ሰንበት ከመግባቱ በፊት በኢየሩሳሌም በሮች ድንግዝግዝታ በሆነ ጊዜ በሮችዋ እንዲዘጉ፥ ሰንበትም እስኪያልፍ ድረስ እንዳይከፈቱ አዘዝሁ። በሰንበትም ቀን ሸክም እንዳይገባ ከብላቴኖች በዐያሌዎቹ በሮችዋን አስጠበቅሁ።
c5c5aa29-0780-5bd6-a5e5-4289abbba578,ed10cc3e-b891-58d0-ad0c-8264f5c25400,0063c3fd-8884-5ab2-a062-93e4d2a1793b,20,20,ሁሉም አንድ ወይም ሁለት ጊዜ ከኢየሩሳሌም ውጭ አድረው ገበያ አድርገው ነበር።
dc7f1b83-1b1a-52f8-a755-44114517d1e5,ed10cc3e-b891-58d0-ad0c-8264f5c25400,0063c3fd-8884-5ab2-a062-93e4d2a1793b,21,21,እኔም አስመሰከርሁባቸውና፥ “ከቅጥሩ ውጭ ለምን ታድራላችሁ? እንደ ገና ብታደርጉት እጆችን አነሣባችኋለሁ” አልኋቸው። ከዚያም ጊዜ ጀምሮ በሰንበት ቀን እንደ ገና አልመጡም።
3ee64279-7482-5d68-ac10-f2492fe02271,ed10cc3e-b891-58d0-ad0c-8264f5c25400,0063c3fd-8884-5ab2-a062-93e4d2a1793b,22,22,ሌዋውያኑንም ራሳቸውን እንዲያነጹ፥ መጥተውም በሮቹን እንዲጠብቁ፥ የሰንበትንም ቀን እንዲቀድሱ ነገርኋቸው። “አምላኬ ሆይ፥ ስለዚህ ደግሞ አስበኝ፥ እንደ ምሕረትህም ብዛት ራራልኝ” አልሁ።
a579e01f-6897-57ce-aeb4-b7e0b58cc650,ed10cc3e-b891-58d0-ad0c-8264f5c25400,0063c3fd-8884-5ab2-a062-93e4d2a1793b,23,23,ደግሞም በዚያ ወራት የአዛጦንንና የአሞንን፥ የሞዓብንም ሴቶች ያገቡትን አይሁድ አየሁ።
e3d87a98-d73a-5179-a30c-f6499620240a,ed10cc3e-b891-58d0-ad0c-8264f5c25400,0063c3fd-8884-5ab2-a062-93e4d2a1793b,24,24,ከልጆቻቸውም እኩሌቶቹ በአዛጦን ቋንቋ ይናገሩ ነበር፤ በሌሎች ሕዝብ ቋንቋ የሚናገሩም ነበሩ፤ በአይሁድም ቋንቋ መናገር አያውቁም ነበር።
9a8c0652-7350-514d-add7-0ef0dd799ffa,ed10cc3e-b891-58d0-ad0c-8264f5c25400,0063c3fd-8884-5ab2-a062-93e4d2a1793b,25,25,እነርሱንም ተቈጣኋቸው፤ ረገምኋቸውም፤ ከእነርሱም ዐያሌዎቹን መታሁ፤ ጠጕራቸውንም ነጨሁ፤ እንዲህም ብዬ በእግዚአብሔር አማልኋቸው፥ “ሴቶች ልጆቻችሁን ለወንዶች ልጆቻቸው አትስጡ፤ ሴቶች ልጆቻቸውንም ለወንዶች ልጆቻችሁ አትውሰዱ።
5fd9e319-9f84-5de7-a740-50c5ef45dd7b,ed10cc3e-b891-58d0-ad0c-8264f5c25400,0063c3fd-8884-5ab2-a062-93e4d2a1793b,26,26,የእስራኤል ንጉሥ ሰሎሞን በዚህ ነገር ኀጢአት አድርጎ የለምን? በብዙ አሕዛብም መካከል እንደ እርሱ ያለ ንጉሥ አልነበረም፤ በአምላኩም ዘንድ የተወደደ ነበረ፤ እግዚአብሔርም በእስራኤል ሁሉ ላይ አንግሦት ነበር፤ እርሱንም እንኳ እንግዶች ሴቶች አሳቱት።
be0f3b68-4971-5fc0-a762-857a780f0161,ed10cc3e-b891-58d0-ad0c-8264f5c25400,0063c3fd-8884-5ab2-a062-93e4d2a1793b,27,27,እንዲሁ እንግዲህ ይህን ሁሉ ታላቅ ክፋት ስትሠሩ፥ እንግዶችንም ሴቶች በማግባት አምላካችንን ስትበድሉ አንስማባችሁ።”
f53e8774-4cf8-5916-a77a-20497c15f080,ed10cc3e-b891-58d0-ad0c-8264f5c25400,0063c3fd-8884-5ab2-a062-93e4d2a1793b,28,28,ከዋነኛውም ካህን ከኤልያሴብ ልጅ ከዮዳሔ ልጆች አንዱ ለሐሮናዊው ለሰንባላጥ አማች ነበረ፤ ከእኔም ዘንድ አባረርሁት።
bc88036d-f453-504f-a4aa-de1db0e5b5f7,ed10cc3e-b891-58d0-ad0c-8264f5c25400,0063c3fd-8884-5ab2-a062-93e4d2a1793b,29,29,“አምላኬ ሆይ፥ ክህነትን የክህነትንና የሌዋውያንንም ቃል ኪዳን ስላፈረሱ አስባቸው።”
09f53350-89fb-5b7f-a107-e7c7a5b21f2f,ed10cc3e-b891-58d0-ad0c-8264f5c25400,0063c3fd-8884-5ab2-a062-93e4d2a1793b,30,30,ከእንግዳ ነገርም ሁሉ አነጻኋቸው፤ ለካህናቱና ለሌዋውያኑም ለእያንዳንዳቸው በየሰሞናቸው፥
8b5b7dea-50b3-503a-a575-ea6a6dffdbd1,ed10cc3e-b891-58d0-ad0c-8264f5c25400,0063c3fd-8884-5ab2-a062-93e4d2a1793b,31,31,በየጊዜውም ዕንጨት ለሚሸከሙ ሰዎች ቍርባን፥ ለበኵራቱም ሥርዐት አደረግሁ። “አምላካችን ሆይ፥ በመልካም አስበኝ።”
4540f66f-7c8a-5935-ad40-1e353ee5c3a7,08dbe364-4075-57d4-a882-b57a1a44e205,6aa6ea60-0e75-5e74-a66b-53db0d7390f4,1,1,ከተማችን ኢየሩሳሌም በጠፋች በሠላሳ ዓመት ዕዝራ የተባልሁ እኔ ሱቱኤል በባቢሎን ነበርሁ፤ በመኝታዬም ደንግጬ ነበርሁ፤ ፊቴም ተገልጦ ነበር። በልቡናዬም ዐሳቤ ይወጣና ይወርድ ነበር።
9455f080-b468-581f-afae-4db16dbbb79c,08dbe364-4075-57d4-a882-b57a1a44e205,6aa6ea60-0e75-5e74-a66b-53db0d7390f4,2,2,የጽዮንን ጥፋትዋን፥ በባቢሎንም የሚኖሩ ሰዎችን ደስታ አይቻለሁና።
d24dc1e3-d1ca-5b46-a1a5-4d9d9782aba9,08dbe364-4075-57d4-a882-b57a1a44e205,6aa6ea60-0e75-5e74-a66b-53db0d7390f4,3,3,ሰውነቴም ፈጽማ ታወከች፤ የሚያስፈራ ነገርንም ከልዑል ጋር እናገር ጀመርሁ።
11a9393b-4def-51d4-a423-07f356e76122,08dbe364-4075-57d4-a882-b57a1a44e205,6aa6ea60-0e75-5e74-a66b-53db0d7390f4,4,4,ስናገርም እንዲህ አልሁ፥ “አቤቱ፥ ጌታ ሆይ፥ አስቀድሞ ምድርን በፈጠርሃት ጊዜ አንተ ብቻህን ይህን ያልህ አይደለምን? አዳምን በመዋቲ ሥጋ ታስገኘው ዘንድ መሬትን ያዘዝሃት አይደለምን?
8ad0f345-b330-5ddc-aadd-879291f26c4f,08dbe364-4075-57d4-a882-b57a1a44e205,6aa6ea60-0e75-5e74-a66b-53db0d7390f4,5,5,እርሱም የእጆችህ ፍጥረት ነው፥ በእርሱም ላይ የሕይወትን እስትንፋስ እፍ አልህበት፤ በፊትህም ሕያው ሆነ።
c862ad33-2d0a-5a12-a294-ceb4d401c6a2,08dbe364-4075-57d4-a882-b57a1a44e205,6aa6ea60-0e75-5e74-a66b-53db0d7390f4,6,6,ምድርም ሳትጸና ቀኝህ ወደ ተከለቻት ወደ ገነት አገባኸው።
81660a9d-ce99-5918-a5bd-0aad22f15015,08dbe364-4075-57d4-a882-b57a1a44e205,6aa6ea60-0e75-5e74-a66b-53db0d7390f4,7,7,እርሱንም የጽድቅ ትእዛዝን አዘዝኸው፤ ትእዛዝህንም አፈረሰ፤ ከዚህም በኋላ በእርሱና በልጆቹ ላይ ሞትን አመጣህ፤ አሕዛብና ሕዝብ፥ ነገድና ቍጥር የሌላቸው መንደረተኞችም ከእርሱ ተወለዱ።
db328a14-5d9f-5841-a7d3-025250875153,08dbe364-4075-57d4-a882-b57a1a44e205,6aa6ea60-0e75-5e74-a66b-53db0d7390f4,8,8,አሕዛብም ሁሉ በየሥራቸው ኖሩ። በፊትህም በደሉ፤ አንተንም ካዱ፤ አንተ ግን አልከለከልሃቸውም።
1aa572de-0eb4-5fd5-adc7-1591756d58ce,08dbe364-4075-57d4-a882-b57a1a44e205,6aa6ea60-0e75-5e74-a66b-53db0d7390f4,9,9,ዳግመኛም በጊዜው ጊዜ በምድር ላይና በዚህ ዓለም በሚኖሩ ሰዎች ላይ የጥፋት ውኃን አመጣህ፤ አጠፋሃቸውም።
01e332ec-129d-594a-ae9b-c0e0bf239729,08dbe364-4075-57d4-a882-b57a1a44e205,6aa6ea60-0e75-5e74-a66b-53db0d7390f4,10,10,ቅጣታቸውም የተካከለ ሆነ፤ በአዳም ላይ ሞትን እንዳመጣህ እንደዚሁ በእነዚህም ላይ የጥፋት ውኃን አመጣህ።
c17d7bb2-6741-5d6c-a39d-cf6684624df4,08dbe364-4075-57d4-a882-b57a1a44e205,6aa6ea60-0e75-5e74-a66b-53db0d7390f4,11,11,ከእነርሱም ስሙ ኖኅ የሚባል አንድ ሰውን ከቤተ ሰቡ ጋር አተረፍህ፤ ከእርሱም ጻድቃንና ኃጥኣን ተወለዱ።
2f80fca5-efc2-53aa-a50c-75008faf614d,08dbe364-4075-57d4-a882-b57a1a44e205,6aa6ea60-0e75-5e74-a66b-53db0d7390f4,12,12,“ከዚህም በኋላ ይበዙ ዘንድ፥ በምድር የሚኖሩትም ይመሏት ዘንድ በጀመሩ ጊዜ፥ ልጆቻቸውም በበዙና ከእነርሱም ብዙ የሚሆኑ አሕዛብና ሕዝብ በተወለዱ ጊዜ፥ ከቀደመው በደል ይልቅ እንደገና እጅግ ይበድሉ ጀመሩ።
27cd3f90-04ca-50d7-ae97-9893aeb8396d,08dbe364-4075-57d4-a882-b57a1a44e205,6aa6ea60-0e75-5e74-a66b-53db0d7390f4,13,13,ከዚህም በኋላ በፊትህ በበደሉ ጊዜ ከእነርሱ አንዱን ስሙ አብርሃም የሚባለውን መረጥህ።
a48357ab-cba4-58b6-afe6-fadce1f5db0b,08dbe364-4075-57d4-a882-b57a1a44e205,6aa6ea60-0e75-5e74-a66b-53db0d7390f4,14,14,እርሱንም ወደድኸው፤ የዘመኑንም መጨረሻ ለብቻው በብቻህ በሌሊት አሳየኸው።
f0f54c53-10fc-56d1-ac9a-e79911ef76c0,08dbe364-4075-57d4-a882-b57a1a44e205,6aa6ea60-0e75-5e74-a66b-53db0d7390f4,15,15,የዘለዓለም ቃል ኪዳንንም አጸናህለት፤ ልጆቹንም እስከ ዘለዓለም ፈጽመህ እንዳታጠፋቸው ተስፋ ሰጠኸው። ይስሐቅንም ሰጠኸው፤ ለይስሐቅም ያዕቆብንና ኤሳውን ሰጠኸው። ያዕቆብንም ለራስህ ለየህ፤ ኤሳውን ግን ጠላህ፤ ያዕቆብም ትልቅ ሕዝብ ሆነ፤
86b551e5-2a48-5e0f-ab98-b60185d2c2fb,08dbe364-4075-57d4-a882-b57a1a44e205,6aa6ea60-0e75-5e74-a66b-53db0d7390f4,16,16,ዘሮቹንም ከግብፅ ባወጣሃቸው ጊዜ ወደ ደብረ ሲና ወሰድሃቸው፤
b2e7c89f-a637-5a96-af99-46b804eaf495,08dbe364-4075-57d4-a882-b57a1a44e205,6aa6ea60-0e75-5e74-a66b-53db0d7390f4,17,17,ሰማያትን ዝቅ አደረግህላቸው፤ ምድርንም አነዋወጥህላቸው፤ ዓለምንም አወክህላቸው፤ ጥልቁን አነዋወጥህላቸው፤ ባሕሩንም ከፈልህላቸው።
5904d85b-c219-5450-a0a6-d07dbd77b5e4,08dbe364-4075-57d4-a882-b57a1a44e205,6aa6ea60-0e75-5e74-a66b-53db0d7390f4,18,18,ለያዕቆብ ልጆች ሕግን፥ ለእስራኤልም ወገኖች ትእዛዝን ትሰጣቸው ዘንድ የእሳትና የንውጽውጽታ፥ የበረድና የነፋስ የሚሆኑ አራቱ የጌትነትህ ተአምራት ተደረጉ።
abe86160-72d6-5d2d-a023-33b304ca3662,08dbe364-4075-57d4-a882-b57a1a44e205,6aa6ea60-0e75-5e74-a66b-53db0d7390f4,19,19,ነገር ግን በእነርሱ የሕግህ ፍሬ ይደረግ ዘንድ ከእነርሱ ክፉ ዐሳብን አላራቅህም። ቀዳማዊ አዳም ክፉ ልብን ገንዘብ አድርጎ ነበርና ድል ተነሣ።
01b62992-21e1-57de-affe-e6f5ef9db1de,08dbe364-4075-57d4-a882-b57a1a44e205,6aa6ea60-0e75-5e74-a66b-53db0d7390f4,20,20,እርሱ ብቻ አይደለም፤ ከእርሱ የተወለዱ ልጆችም ሁሉ እንጂ።
5dd0ac75-afa0-56c5-a820-6a9347c6d591,08dbe364-4075-57d4-a882-b57a1a44e205,6aa6ea60-0e75-5e74-a66b-53db0d7390f4,21,21,ከዚህም በኋላ ያች ደዌ ከሕግህ ጋር በሰዉ ሁሉ ልቡና ከክፉ ሥራ ጋር ኖረች፤ በጎነትም ጠፋች፤ ክፋት ግን ኖረች።
e15e4448-294b-5cfc-a8c6-4b4c029085ca,08dbe364-4075-57d4-a882-b57a1a44e205,6aa6ea60-0e75-5e74-a66b-53db0d7390f4,22,22,ዘመን ዐለፈ፤ ዓመትም ተፈጸመ፤ ስሙ ዳዊት የሚባል አገልጋይህንም አስነሣህ።
99c46ff0-ba1b-5aee-a53f-8bf041ec284a,08dbe364-4075-57d4-a882-b57a1a44e205,6aa6ea60-0e75-5e74-a66b-53db0d7390f4,23,23,ለስምህ ከተማህን ይሠራ ዘንድ፥ መባህንም በውስጥዋ ያቀርብ ዘንድ ነገርኸው።
901678c4-cc3b-5c66-a97f-66643904cf7e,08dbe364-4075-57d4-a882-b57a1a44e205,6aa6ea60-0e75-5e74-a66b-53db0d7390f4,24,24,ብዙ ዓመትም ሆነ፤ ምንም የሚሠሩት በጎ ሥራ ሳይኖር በዚህ ዓለም የሚኖሩ ሰዎች በደሉ።
23fa7485-7736-5da0-a9b0-b2856f2c0a2d,08dbe364-4075-57d4-a882-b57a1a44e205,6aa6ea60-0e75-5e74-a66b-53db0d7390f4,25,25,አዳም እንደ አደረገ፥ ልጆቹም ሁሉ እንዳደረጉ እነርሱም ክፉ ዐሳብን ገንዘብ አድርገዋልና።
b43870d4-c59a-5203-a6e1-addce73b7e02,08dbe364-4075-57d4-a882-b57a1a44e205,6aa6ea60-0e75-5e74-a66b-53db0d7390f4,26,26,ከተማህንም በጠላቶችህ እጅ አሳልፈህ ሰጠህ።”
a78e8721-e045-5026-a4dd-42c239a47bf1,08dbe364-4075-57d4-a882-b57a1a44e205,96d3e0f2-6fce-565f-ace7-7a0f6ddb11d7,1,27,ያንጊዜ እኔ በልቡናዬ የጽዮን ከተማን እጅ ያደርጓት ዘንድ በባቢሎን የሚኖሩ ሰዎች ጽድቅን በመሥራት በውኑ ይበልጡናልን? አልሁ።
abb518d3-24de-510c-aec1-d380cd2f840d,08dbe364-4075-57d4-a882-b57a1a44e205,96d3e0f2-6fce-565f-ace7-7a0f6ddb11d7,2,28,ከዚህም በኋላ ወደዚህ በደረስሁ ጊዜ ቍጥር የሌለው ኀጢአትን አየሁ፤ እነሆ፥ ለሠላሳ ዓመት ሰውነቴ ብዙ ከሓድያንን አየች፤ በዚህም ልቡናዬ አደነቀ።
4b88e605-a3de-59ff-a26a-400af4b733e3,08dbe364-4075-57d4-a882-b57a1a44e205,96d3e0f2-6fce-565f-ace7-7a0f6ddb11d7,3,29,ኃጥኣንን እንዴት እንደምትታገሣቸው፥ ለዝንጉዎችም እንደምትራራላቸው፥ ወገኖችህንም ጥለህ ጠላቶችህን እንዴት እንደምትጠብቅ አየሁ።
dde8ca67-8836-54a8-a717-2454f4adbc12,08dbe364-4075-57d4-a882-b57a1a44e205,96d3e0f2-6fce-565f-ace7-7a0f6ddb11d7,4,30,የማንንም አልተመለከትህም፤ የዚችስ መንገድ ፍጻሜዋ እንዴት ነው? ጽድቅን በመሥራት ባቢሎን ከጽዮን የምትበልጥበት አለን?
2ea397b4-bf01-526f-a982-ac315b72a191,08dbe364-4075-57d4-a882-b57a1a44e205,96d3e0f2-6fce-565f-ace7-7a0f6ddb11d7,5,31,አዎ፥ ከእስራኤል ሌላ ወገን ያወቀህ አለን? ወይስ በሕግህ እንደ ያዕቆብ የታመነ ሌላ ወገን አለን?
8cdb5e85-a70c-5b1b-a931-c13373a24bd3,08dbe364-4075-57d4-a882-b57a1a44e205,96d3e0f2-6fce-565f-ace7-7a0f6ddb11d7,6,32,ዋጋው ያልተገለጠ፥ ድካሙም ያላፈራ አለን? ወደ አሕዛብም በሄድሁ ጊዜ ሕግህንና ትእዛዝህን ሳያስቡ ደስ ብሏቸው አገኘኋቸው።
9fa52d85-dc68-5b09-a627-6413aeb49363,08dbe364-4075-57d4-a882-b57a1a44e205,96d3e0f2-6fce-565f-ace7-7a0f6ddb11d7,7,33,አሁንም በእርሱ ዘንድ የሚዛን ውልብልቢትን የምትመስል ያህል አንሶ ይገኝ እንደ ሆነ የእኛንና በባቢሎን የሚኖሩ ሰዎችን ኀጢአት በሚዛን መዝን።
a384946b-9e68-5a72-ab54-e2d48819a5c0,08dbe364-4075-57d4-a882-b57a1a44e205,96d3e0f2-6fce-565f-ace7-7a0f6ddb11d7,8,34,በዚህ ዓለም የሚኖሩ ሰዎች በፊትህ ያልበደሉ መቼ ነው? ወይስ ሕግህን እንደዚህ የጠበቀ ወገን ማነው?
d6d799a9-ee8e-577f-a34e-4de56970ec1a,08dbe364-4075-57d4-a882-b57a1a44e205,96d3e0f2-6fce-565f-ace7-7a0f6ddb11d7,9,35,ፍጹም የሆነ ሕዝብስ አይገኝም።
182af946-7957-592b-ad70-f1e96269456d,45048a4b-566f-5ba8-aa9d-fdb1e62fde9e,901a8c54-6ccc-5534-ab42-2efcb5f961fe,1,1,ስሙ ዑርኤል የተባለው ወደ እኔ የተላከው መልአክ መለሰልኝ።
d60555ec-e301-5343-aacf-ab7bfffb4674,45048a4b-566f-5ba8-aa9d-fdb1e62fde9e,901a8c54-6ccc-5534-ab42-2efcb5f961fe,2,2,“የልዑልን የጌትነቱን ምክር ታገኝ ዘንድ ልቡናህ ማድነቅን አደነቀን?” አለኝ።
96858b69-07df-5ac9-a4d8-a040baf6ff37,45048a4b-566f-5ba8-aa9d-fdb1e62fde9e,901a8c54-6ccc-5534-ab42-2efcb5f961fe,3,3,“አዎ ጌታዬ፥” አልሁት፤ እርሱም እንዲህ አለኝ፥ “ሦስቱን መንገዶች አሳይህ ዘንድ፥ ሦስቱንም ምሳሌዎች በፊትህ አኖር ዘንድ ተላክሁ፥
cf144025-b01e-5f84-a0d5-97d81ff05381,45048a4b-566f-5ba8-aa9d-fdb1e62fde9e,901a8c54-6ccc-5534-ab42-2efcb5f961fe,4,4,ከእነዚህም አንዲቱን የተረጐምህልኝ እንደ ሆነ እኔም ታውቅ ዘንድ የምትወዳትን ይህችን መንገድ እነግርሃለሁ፤ ይህ ክፉ ልቡናም ስለምን እንደ ሆነ አስተምርሃለሁ።”
79089b85-5ada-504a-afe2-83fccb77d625,45048a4b-566f-5ba8-aa9d-fdb1e62fde9e,901a8c54-6ccc-5534-ab42-2efcb5f961fe,5,5,እኔም አልሁት፥ “አቤቱ ተናገር” እርሱም አለኝ፥ “እሳቱን በሚዛን መዝን፤ ነፋሱንም በመስፈሪያ ስፈር፤ ያለፈችውንም ቀን ጥራት።”
440df1a2-616a-5383-ad18-c5fd316a2176,45048a4b-566f-5ba8-aa9d-fdb1e62fde9e,901a8c54-6ccc-5534-ab42-2efcb5f961fe,6,6,እኔም መልሼ እንዲህ አልሁት፥ “ስለዚህ ነገር እኔን እንደ ጠየቅኸኝ ይህን ነገር ማድረግ የሚችል የተፈጠረ ሰው ማን ነው?”
f4e3bd36-074f-5b49-a86d-bda8c67aa505,45048a4b-566f-5ba8-aa9d-fdb1e62fde9e,901a8c54-6ccc-5534-ab42-2efcb5f961fe,7,7,እርሱም አለኝ፥ “በባሕር ውስጥ ምን ያህል ቤቶች አሉ? ወይም በጥልቁ ውስጥ ምን ያህል ምንጮች አሉ? ወይም በሰማያት ላይ ምን ያህል መንገድ አለ? ወይም የሲኦል መንገድ በየት ነው? ወይም የገነት መንገድ በየት ነው? ብዬ ጠይቄህስ ቢሆን፥
960ff0d6-81f8-5053-ac33-76744afd8e81,45048a4b-566f-5ba8-aa9d-fdb1e62fde9e,901a8c54-6ccc-5534-ab42-2efcb5f961fe,8,8,ወደ ጥልቁ አልወረድሁም፤ ወደ ሲኦልም ፈጽሜ አልወረድሁም፤ ወደ ሰማይም አልወጣሁም ባልኸኝ ነበር።
80204bf3-8ad4-5c63-aaf2-0522180c87a1,45048a4b-566f-5ba8-aa9d-fdb1e62fde9e,901a8c54-6ccc-5534-ab42-2efcb5f961fe,9,9,አሁን ግን ስለ ነፋስና ስለ እሳት፥ ስላለፈችውም ቀን እንጂ ይህን አልጠየቅሁህም፤ እነሆ፥ ልታውቀው አትችልም፤ ስለ እነዚህም የመለስህልኝ የለም።
79d2d3f3-4485-5d67-ae6f-4fd03ae3cb11,45048a4b-566f-5ba8-aa9d-fdb1e62fde9e,901a8c54-6ccc-5534-ab42-2efcb5f961fe,10,10,በአንተ ዘንድ ያለውን ማወቅ ያልቻልህ፥
75d45c0f-1635-50aa-a641-85998af442a9,45048a4b-566f-5ba8-aa9d-fdb1e62fde9e,901a8c54-6ccc-5534-ab42-2efcb5f961fe,11,11,የልዑልን የመንገዱን ሥርዐት እንዴት ማወቅ ትችላለህ? የልዑል መንገዱ ፍጻሜ በሌለው ተወስኗልና፥ የምትፈርስ፥ የምትበሰብስ አንተ የማይፈርስ፥ የማይበሰብስ የልዑልን መንገድ ማወቅ አትችልም።”
13f4e76c-3ed7-5c30-a22c-a9bd749897af,45048a4b-566f-5ba8-aa9d-fdb1e62fde9e,901a8c54-6ccc-5534-ab42-2efcb5f961fe,12,12,ይህንም በሰማሁ ጊዜ በግንባሬ ወደቅሁ፤ “ተፈጥረን በኀጢአት ከምንኖርና መከራን ከምንቀበል ባልተፈጠርን በተሻለን ነበር፤ መከራ እንድንቀበልም አናውቅም” አልሁት።
8c8a4c01-7bfa-54e3-a6f5-6202a922663e,45048a4b-566f-5ba8-aa9d-fdb1e62fde9e,7d1f53c6-9619-5412-ab85-8b8843927acd,1,13,መልሶም እንዲህ አለኝ፥ “ዛፍና የዱር እንጨቶች ሄደው ምክርን ተማከሩ።
47e9604e-482a-56b0-ab33-a76a28181f6f,45048a4b-566f-5ba8-aa9d-fdb1e62fde9e,7d1f53c6-9619-5412-ab85-8b8843927acd,2,14,ከፊታችን እናርቃት ዘንድ ኑ ሄደን ባሕርን እንውጋት፤ ለዛፍነታችንም ሌላ ሀገር እናቅና” አሉ።
54d6aa47-2754-5842-aac6-0db2b14b257c,45048a4b-566f-5ba8-aa9d-fdb1e62fde9e,7d1f53c6-9619-5412-ab85-8b8843927acd,3,15,እንደዚሁም የባሕር ማዕበላት ምክርን መከሩ፤ “ለማዕበልነታችን በዚያ ሌላ ሀገር እንድናቀና በምድረ በዳ ያለ ዛፍን እንወጋው ዘንድ ኑ እንዝመት” አሉ።
ba3891b3-f4e3-57b7-abb2-bdad4c417e98,45048a4b-566f-5ba8-aa9d-fdb1e62fde9e,7d1f53c6-9619-5412-ab85-8b8843927acd,4,16,የዛፎች ምክር ከንቱ ሆነ፤ እሳት ወጥታ በልታቸዋለችና።
b1e8dc12-b3ff-5593-a68d-bfe13283ff63,45048a4b-566f-5ba8-aa9d-fdb1e62fde9e,7d1f53c6-9619-5412-ab85-8b8843927acd,5,17,እንዲሁም የባሕር ማዕበላት ምክር ከንቱ ሆነ፤ አሸዋው ገድቦ ከልሎአቸዋልና።
628f802b-5594-5549-a9e4-9381b08a5619,45048a4b-566f-5ba8-aa9d-fdb1e62fde9e,7d1f53c6-9619-5412-ab85-8b8843927acd,6,18,“ፍርድ የምታውቅ ከሆነ ከእነዚህ ማንን እውነተኛ፥ ማንንስ ሐሰተኛ ታደርጋለህ?” አለኝ።
1dd5fe6d-402d-5de7-a0e7-b73c17db8846,45048a4b-566f-5ba8-aa9d-fdb1e62fde9e,7d1f53c6-9619-5412-ab85-8b8843927acd,7,19,መልሼም እንዲህ አልሁ፥ “ሁለቱ ከንቱን ዐሰቡ፤ የብስ ለዛፍ፥ ባሕርም ማዕበልን ትሸከም ዘንድ ተሰጥታለችና።”
664d613d-f163-506d-a037-d54c6297af39,45048a4b-566f-5ba8-aa9d-fdb1e62fde9e,7d1f53c6-9619-5412-ab85-8b8843927acd,8,20,እርሱም መልሶ እንዲህ አለኝ፦“ መልካም ፈረድህ፤ እንዲሁ ለራስህ ለምን አትፈርድም?
34f1be8a-2bb6-5ade-a663-1eed027fcfe6,45048a4b-566f-5ba8-aa9d-fdb1e62fde9e,7d1f53c6-9619-5412-ab85-8b8843927acd,9,21,የብስ ለዛፍ፥ ባሕርም ለማዕበልዋ እንደ ተሰጠች እንዲሁም በምድር የሚኖሩ ሰዎች በምድር ያለውን ማወቅ ይችላሉ እንጂ በሰማያትና ከሰማያት በላይ ያለውን አይደለም።”
563928cb-db94-52f5-af16-8b98568794c1,45048a4b-566f-5ba8-aa9d-fdb1e62fde9e,2f6436a6-d89e-52f2-a79d-4d905347433e,1,22,መልሼም እንዲህ አልሁት፥ “አቤቱ እጠይቅሃለሁ፤ እንግዲያው እናስብ ዘንድ ልብ ለምን ተሰጠን?
9ee3767d-7971-5959-a427-59cb48bda7c5,45048a4b-566f-5ba8-aa9d-fdb1e62fde9e,2f6436a6-d89e-52f2-a79d-4d905347433e,2,23,እኔ ግን የልዑልን መንገድ እጠይቅ ዘንድ አልወደድሁም፤ ሁልጊዜ በእኛ ላይ ስለሚያልፈው እንጂ፤ እስራኤል በውርደት ለአሕዛብ፥ የወደድኸውም ሕዝብ ለኀጢአተኞች ሕዝብ ተሰጥቶአልና። የአባቶቻችንም ኦሪት ጠፍታለችና፤ በውስጧም የተጻፈው ቃል ኪዳን የለምና።
c081ef8b-ca6d-5ade-a32f-acff4b7a303e,45048a4b-566f-5ba8-aa9d-fdb1e62fde9e,2f6436a6-d89e-52f2-a79d-4d905347433e,3,24,ከዓለም እንደ አንበጣ እናልፋለን፤ ሕይወታችንም እንደ ጢስ ነው፤ ምሕረትንም ለማግኘት የተገባን አይደለንም።
04589e0d-23ee-5809-a338-b00e0e42410d,45048a4b-566f-5ba8-aa9d-fdb1e62fde9e,2f6436a6-d89e-52f2-a79d-4d905347433e,4,25,ነገር ግን በእኛ ስለ ተጠራ ስለ ቅዱስ ስሙ ምን እናደርጋለን? ስለዚህ ነገር ጠየቅሁህ።”
b6764418-ce15-5cae-aa1f-f85a42b59050,45048a4b-566f-5ba8-aa9d-fdb1e62fde9e,2f6436a6-d89e-52f2-a79d-4d905347433e,5,26,እርሱም መለሰልኝ፤ እንዲህም አለኝ፥ “በሕይወት ካለህ ታየዋለህ፤ በሕይወት ብትኖርም በጊዜው ታውቀዋለህ፤ ዓለም ያልፍ ዘንድ ይቸኩላልና።
052830f1-136e-5670-a669-f9fa2c56e36b,45048a4b-566f-5ba8-aa9d-fdb1e62fde9e,2f6436a6-d89e-52f2-a79d-4d905347433e,6,27,ዓለም የጻድቃንን ተስፋ ማስቀረት አይችልምና፥ ይህ ዓለም ጭንቅን የተሞላ ነውና፥ ደዌንም የተሞላ ነውና።
6613985c-c540-5f42-a4e0-cdb4fb0a2f6e,45048a4b-566f-5ba8-aa9d-fdb1e62fde9e,2f6436a6-d89e-52f2-a79d-4d905347433e,7,28,ስለእርሷ የጠየቅኸኝ ክፋት ተዘርታለችና፥ መከርዋም አልደረሰምና።
865127e5-59b6-5286-a73e-53e8fe390ab8,45048a4b-566f-5ba8-aa9d-fdb1e62fde9e,2f6436a6-d89e-52f2-a79d-4d905347433e,8,29,በውስጡም የተዘራው ካልታጨደና ካልተነሣ ክፋት የተዘራችበት ቦታው አይወገድም።
bb19f5a7-a235-5294-aa85-b7fa7066a259,45048a4b-566f-5ba8-aa9d-fdb1e62fde9e,2f6436a6-d89e-52f2-a79d-4d905347433e,9,30,በመጀመሪያ ክፉ የዘር ቅንጣት በአዳም ልቡና ተዘርቶ ነበርና፥ የኀጢአት ፍሬም ተወልዷልና እስከ ዛሬም ድረስ ደርሷልና፥ መከሩም እስኪደርስ ድረስ ይወለዳል፤
fec24b68-c640-56e1-adbe-c7f393330c14,45048a4b-566f-5ba8-aa9d-fdb1e62fde9e,2f6436a6-d89e-52f2-a79d-4d905347433e,10,31,አንተ ራስህ እስኪ አስበው! የክፉ ዘር ቅንጣት ቢዘራ ይህን ያህል የኀጢአት ፍሬ ተወለደች።
e1ab4e37-3e12-5fc4-a855-32d6b915c963,45048a4b-566f-5ba8-aa9d-fdb1e62fde9e,2f6436a6-d89e-52f2-a79d-4d905347433e,11,32,የመልካም ዘር ቅንጣት ግን ብትዘራ ቍጥር የሌለውን መልካም ፍሬን እንዴት ባፈራች ነበር!!”
ef7a19a4-4e1e-58df-a978-0f6d13d69063,45048a4b-566f-5ba8-aa9d-fdb1e62fde9e,2f6436a6-d89e-52f2-a79d-4d905347433e,12,33,መልሼም እንዲህ አልሁት፥ “ደገኛው እስከ መቼ ይሆናል? የዚህ ዓለም ዘመኑ ክፉም፥ ጥቂትም ነውና።”
345e8a15-8714-5a84-ace0-b6c24cec5f19,45048a4b-566f-5ba8-aa9d-fdb1e62fde9e,2f6436a6-d89e-52f2-a79d-4d905347433e,13,34,መልሶም እንዲህ አለኝ፥ “ከልዑል ይልቅ አንተ እጅግ የምትቸኩል አይደለህም፤ አንተስ ስለ ራስህ ትቸኩላለህ፤ ልዑል ግን ስለ ብዙዎች ይቸኩላል።
2d615ceb-b004-56a1-a25b-aa78f7beb466,45048a4b-566f-5ba8-aa9d-fdb1e62fde9e,2f6436a6-d89e-52f2-a79d-4d905347433e,14,35,ስለዚህ የጻድቃን ነፍሳት በማደሪያቸው ሁነው ጠየቁ፤ በዚህ እስከ መቼ ድረስ እንኖራለን? የዋጋችንስ መከር መቼ ይደርሳል?” አሉ።
45c18383-cb17-5bf1-a523-0f096615a87d,45048a4b-566f-5ba8-aa9d-fdb1e62fde9e,2f6436a6-d89e-52f2-a79d-4d905347433e,15,36,መልአኩ ኢይሩማኤልም እንዲህ ብሎ መለሰላቸው፥ “እንደ እናንተ ያሉት ጻድቃን ቍጥራቸው በተፈጸመ ጊዜ ነው።
a5aa6b73-1e5a-5184-ad47-edc6cc45557c,45048a4b-566f-5ba8-aa9d-fdb1e62fde9e,2f6436a6-d89e-52f2-a79d-4d905347433e,16,37,ይህ ዓለም በሚዛን ተመዝኗልና፥ ባሕሩንም በመስፈሪያ ሰፍሮታልና፤ የተሰጠውም መስፈርት እስኪፈጸም ድረስ ዝም ይላል፤ አይነቃምም።”
ceac511c-043c-58cb-a9c7-148dc2cbae3d,45048a4b-566f-5ba8-aa9d-fdb1e62fde9e,2f6436a6-d89e-52f2-a79d-4d905347433e,17,38,እኔም መልሼ እንዲህ አልሁት፥ “አቤቱ ጌታዬ እነሆ፥ እኛ ሁላችን ኀጢአትን የተመላን ነን፤
00cfd137-a19d-5f94-ae39-ca875a92cded,45048a4b-566f-5ba8-aa9d-fdb1e62fde9e,2f6436a6-d89e-52f2-a79d-4d905347433e,18,39,ምናልባት የጻድቃን የዋጋቸው መከር በእኛ ምክንያት ይከለከላልን? ወይስ በዚህ ዓለም ስለሚኖሩት ሰዎች ኀጢአት ነው?”
312aa6cb-2609-5758-ab4d-8715468660b7,45048a4b-566f-5ba8-aa9d-fdb1e62fde9e,2f6436a6-d89e-52f2-a79d-4d905347433e,19,40,እርሱም መለሰልኝ እንዲህም አለኝ፥ “ዘጠኝ ወር ከተፈጸመ በኋላ በማኅፀንዋ ያለውን ልጅዋን ማስቀረት ይቻላት እንደ ሆነ ሄደህ የፀነሰች ሴትን ጠይቃት።”
a05911e8-4f82-5259-aaf9-f71ccedecb7d,45048a4b-566f-5ba8-aa9d-fdb1e62fde9e,2f6436a6-d89e-52f2-a79d-4d905347433e,20,41,እኔም መልሼ አልሁት፥ “አቤቱ አትችልም፥” እርሱም አለኝ፥ “ሲኦልና የጻድቃን ነፍሳት ማደሪያዎችም እንዲሁ ናቸው።
1aeac8a1-d4eb-51fc-ab5b-01f442667cf6,45048a4b-566f-5ba8-aa9d-fdb1e62fde9e,2f6436a6-d89e-52f2-a79d-4d905347433e,21,42,ማኅፀን በምጥ ጊዜ ለመውለድ እንደምትቸኩል ምድርም ዓለም ከተፈጠረ ጀምሮ የተቀበሩባት ሰዎችን ትሰጥ ዘንድ ትቸኩላለች።
1516d8fb-6cc3-5a06-a465-2dc0f5cd878e,45048a4b-566f-5ba8-aa9d-fdb1e62fde9e,2f6436a6-d89e-52f2-a79d-4d905347433e,22,43,ያንጊዜም ታውቅ ዘንድ የምትወድደውን ነገር እነግርሃለሁ፥”
939f12e0-2e15-5ac3-a032-df09cc610420,45048a4b-566f-5ba8-aa9d-fdb1e62fde9e,a3098adf-a24a-504f-a952-6d9b7f5b04e1,1,44,እኔም መለስሁለት እንዲህም አልሁት፥ “በፊትህ ባለሟልነትን ካገኘሁ፥ ልጠይቅም እንዲቻለኝ ካደረግኸኝ ይኽን ንገረኝ።
cba2445b-ce44-5b2d-a826-9103ee6f3c07,45048a4b-566f-5ba8-aa9d-fdb1e62fde9e,a3098adf-a24a-504f-a952-6d9b7f5b04e1,2,45,ይመጣ ዘንድ ያለው ዘመን ባለፈው ዘመን ልክ ነውን? ወይስ ያለፈው ዘመን ይበዛል?
09d43e2f-7f82-5446-a5ab-1c5c5b00e8bd,45048a4b-566f-5ba8-aa9d-fdb1e62fde9e,a3098adf-a24a-504f-a952-6d9b7f5b04e1,3,46,ያለፈውን አውቀዋለሁና፥ የሚመጣውን ግን አላውቀውምና።”
c43100f5-7a1a-509b-ae58-7ce1e04a369e,45048a4b-566f-5ba8-aa9d-fdb1e62fde9e,a3098adf-a24a-504f-a952-6d9b7f5b04e1,4,47,እርሱም አለኝ፥ “በቀኝ በኩል ባንድ ወገን ሁነህ ቁም፤ የምሳሌውንም ትርጓሜ አሳይሀለሁ።”
7ee6184b-0598-5bf6-a8ce-5faf4e274f61,45048a4b-566f-5ba8-aa9d-fdb1e62fde9e,a3098adf-a24a-504f-a952-6d9b7f5b04e1,5,48,እኔም ቆምሁ፤ እነሆም ምድጃ በፊቴ እየነደደ ሲሄድ አየሁ፤ ከዚህም በኋላ እሳቱ በሄደ ጊዜ እነሆ ጢሱ ቀረ።
f28b0c5a-bc5b-5ab9-a56e-2f7ff5188afb,45048a4b-566f-5ba8-aa9d-fdb1e62fde9e,a3098adf-a24a-504f-a952-6d9b7f5b04e1,6,49,ከእርሱም በኋላ ውኃን የተመላች ደመና በፊቴ ሄደች፤ ታላቅና ብዙ የሆነ ዝናምንም ታዘንማለች፤ ታላቁ ዝናምም ካለፈ በኋላ ካፊያው ቀረ።
41a7aca4-6e40-5644-a70b-544b4edc7c44,45048a4b-566f-5ba8-aa9d-fdb1e62fde9e,a3098adf-a24a-504f-a952-6d9b7f5b04e1,7,50,እርሱም አለኝ፥ “እንግዲህ እስኪ አንተ ዐስበው፤ ከካፊያው ዝናሙ፥ ከጢሱ እሳቱ እንደሚበዛ፥ እንደዚሁም ያለፈው መስፈርት ይበዛል፤ ነገር ግን ካፊያውም ጢሱም ይቀራል።
efbdfe57-bced-5d52-ad74-6c5e069ab680,45048a4b-566f-5ba8-aa9d-fdb1e62fde9e,a3098adf-a24a-504f-a952-6d9b7f5b04e1,8,51,“እስከ እነዚያ ዘመኖች ድረስ እኖራለሁን? እንጃ! በእነዚያስ ወራቶች ምን ይደረጋል?” ብዬ ማለድሁት።
c9853ef6-5a58-5a56-aff6-356a37fbd8b2,45048a4b-566f-5ba8-aa9d-fdb1e62fde9e,a3098adf-a24a-504f-a952-6d9b7f5b04e1,9,52,እርሱም መለሰልኝ እንዲህም አለኝ፥ “ስለ ጠየቅኸኝ ምልክትስ ከብዙ በጥቂቱ መንገር ይቻለኛል፤ ስለ ሕይወትህ ግን እነግርህ ዘንድ አልተላክሁም፤ እኔም አላውቀውም።
67979eca-348b-594e-ab18-4a9c256957cd,9426985c-8f3d-56ac-a1ec-6470e4a40da9,4361cd54-b621-5a32-a04e-6fd6699d66b3,1,1,“ምልክቱም እነሆ፥ ወራት ይመጣል፤ በምድር የሚኖሩትንም ሰዎች ታላቅ ድንጋፄ ይይዛቸዋል፤ የጽድቅ መንገድም ትሰወራለች፤ ሃይማኖትም ከሀገር ትጠፋለች።
2761fc63-911b-5f28-a891-305b5f6a1f5d,9426985c-8f3d-56ac-a1ec-6470e4a40da9,4361cd54-b621-5a32-a04e-6fd6699d66b3,2,2,በደልም አንተ ከአየኸውና ከሰማኸው ይልቅ ይበዛል።
4a508476-b029-57e8-a8eb-83f72a0ab3f7,9426985c-8f3d-56ac-a1ec-6470e4a40da9,4361cd54-b621-5a32-a04e-6fd6699d66b3,3,3,ዛሬ የጠፋና የፈረሰ ሆኖ የምታየውም ሀገር ይጠፋል፤ ምድርም ምድረ በዳ ትሆናለች።
de7fea39-c15d-55ea-ad17-cab7115e73c5,9426985c-8f3d-56ac-a1ec-6470e4a40da9,4361cd54-b621-5a32-a04e-6fd6699d66b3,4,4,ልዑልም ሕይወትህን ከሰጠህ ከሦስት ወራት በኋላ ምድርን ስትታወክ ታያታለህ፤ ፀሐይም ድንገት በሌሊት ያበራል፤ ጨረቃም ድንገት በቀን ያበራል።
72c9bada-5495-5015-a741-5e5ba0ee1aa2,9426985c-8f3d-56ac-a1ec-6470e4a40da9,4361cd54-b621-5a32-a04e-6fd6699d66b3,5,5,ከእንጨቶችም ደም ይፈስሳል፤ ድንጋይም ትጮኻለች፤ ሕዝቡም ይታወካሉ፤ ከዋክብትም ይረግፋሉ።
96f496c1-ac7d-5a7d-a45d-f4433aa691c0,9426985c-8f3d-56ac-a1ec-6470e4a40da9,4361cd54-b621-5a32-a04e-6fd6699d66b3,6,6,“ብዙዎች ያልጠረጠሩት ይነግሣል።
6bfd0a03-3228-5b6d-a291-448cada6a143,9426985c-8f3d-56ac-a1ec-6470e4a40da9,4361cd54-b621-5a32-a04e-6fd6699d66b3,7,7,ሁሉም ቃሉን ይሰማል።
c92fad2b-2442-5e22-a5f9-84b2ddb43b52,9426985c-8f3d-56ac-a1ec-6470e4a40da9,4361cd54-b621-5a32-a04e-6fd6699d66b3,8,8,በብዙ ሀገሮች ሽብር ይሆናል፤ ጥቅል እሳትም ይላካል፤ የምድረ በዳ አውሬዎችም ከቦታቸው ይፈልሳሉ። ከሴቶችም ባለ ምልክት ይወለዳል።
c52d0489-a58a-5828-aac2-d4f64a47d9b7,9426985c-8f3d-56ac-a1ec-6470e4a40da9,4361cd54-b621-5a32-a04e-6fd6699d66b3,9,9,የሚጣፍጠውም ውኃ መራራ ይሆናል፤ ወዳጆችም እንደ ጠላት በድንገት እርስ በርሳቸው ይጋደላሉ፤ ያንጊዜም ጥበብ ትሰወራለች፤ ምክርም ወደ ማደሪያዋ ትመለሳለች።
d5656e99-7255-5da7-a95d-43f2c6f0e671,9426985c-8f3d-56ac-a1ec-6470e4a40da9,4361cd54-b621-5a32-a04e-6fd6699d66b3,10,10,ብዙ ሰዎች ይፈልጓታል፤ ነገር ግን አያገኙአትም፤ በምድርም ላይ ኀጢአት፥ ዐመፅም፥ ስንፍናም ትበዛለች።
a6c75196-a40d-5f91-accc-718217536521,9426985c-8f3d-56ac-a1ec-6470e4a40da9,4361cd54-b621-5a32-a04e-6fd6699d66b3,11,11,አንዲቱ ሀገር አቅራቢያዋን ሀገር ‘በውኑ በአንቺ ዘንድ የተደረገ ጽድቅ አለን? ወይስ ጽድቅን የሚያደርግ ሰው አለን?’ ብላ ትጠይቃታለች። ያችም ‘የለም’ ትላታለች።
77756838-0019-5db5-ad08-2e6ed82f1551,9426985c-8f3d-56ac-a1ec-6470e4a40da9,4361cd54-b621-5a32-a04e-6fd6699d66b3,12,12,በእነዚያም ወራቶች ሰው ሞትን ይመኛል፤ ነገር ግን አያገኝም፤ ሚስትም ያገባል፤ ደስም አይለውም፤ ይደክማል፤ ሥራውንም ይሠራል፤ መንገዱ ግን አይከናወንለትም።
deccbce9-b7c7-52f4-ad1a-faab2f3362d6,9426985c-8f3d-56ac-a1ec-6470e4a40da9,4361cd54-b621-5a32-a04e-6fd6699d66b3,13,13,ይኽንም ምልክት እነግርህ ዘንድ ተላክሁ፤ ዛሬ እንደ ጾምህም ዳግመኛ ሰባት ቀን ብትጸልይና ብታለቅስ ከዚህ የሚበልጥ ትሰማለህ።”
8657464a-8097-5319-a0f3-c119883e4277,9426985c-8f3d-56ac-a1ec-6470e4a40da9,4361cd54-b621-5a32-a04e-6fd6699d66b3,14,14,ዳግመኛም ከእንቅልፌ ነቃሁ፤ ሰውነቴም እጅግ ስቅጥጥ አለችብኝ፤ ሰውነቴም እስክትዝል ድረስ ደከመች።
bd775980-f3af-5e7c-ab33-fdf56f9893c8,9426985c-8f3d-56ac-a1ec-6470e4a40da9,4361cd54-b621-5a32-a04e-6fd6699d66b3,15,15,ወደ እኔ የመጣውና የተናገረኝ መልአኩም እጄን ያዘኝ፤ በእግሬም አቁሞ አጸናኝ።
9e3489c8-9b82-5fde-aec8-54a97c2d77d8,9426985c-8f3d-56ac-a1ec-6470e4a40da9,4361cd54-b621-5a32-a04e-6fd6699d66b3,16,16,ከዚህም በኋላ በሁለተኛዪቱ ሌሊት የሕዝቡ ያለቆቻቸው አለቃ ፍልስጥያል ወደ እኔ መጣ፤ እንዲህም አለኝ፥ “አንተ ዕዝራ! ወዴት ነበርህ? ፊትህስ ስለ ምን አዝኗል?
c6bf1cd1-2976-5c25-a4c5-94516547273f,9426985c-8f3d-56ac-a1ec-6470e4a40da9,4361cd54-b621-5a32-a04e-6fd6699d66b3,17,17,በምርኮ ሀገር ያሉ እስራኤል ሁሉ ለአንተ አደራ እንደ ተሰጡህ አታውቅምን?
2a74f81c-ee15-505c-ada8-93eaad28f14f,9426985c-8f3d-56ac-a1ec-6470e4a40da9,4361cd54-b621-5a32-a04e-6fd6699d66b3,18,18,እንግዲህስ እስራኤልን እንዳትጥላቸው፥ መንጋዎችንም በክፉዎች ተኵላዎች አፍ እንደ ጣለ እረኛ እንዳትሆን ተነሥተህ እህልን ቅመስ።”
a370526c-2cd8-5696-a20f-c0564aa5f622,9426985c-8f3d-56ac-a1ec-6470e4a40da9,4361cd54-b621-5a32-a04e-6fd6699d66b3,19,19,እንዲህም አልሁት፥ “ከእኔ ዘንድ ሂድ፤ ዳግመኛም እስከ ሰባት ቀን ድረስ ወደ እኔ አትምጣ፤ ከዚህም በኋላ ወደ እኔ ና፤ እኔም ነገርን እነግርሃለሁ፥” ከእኔም ዘንድ ሄደ።
b13457fd-dae3-5017-ac66-120c0bdb5926,9426985c-8f3d-56ac-a1ec-6470e4a40da9,3869baa4-dea2-5816-a3ca-e6c308a168b4,1,20,እኔም መልአኩ ዑርኤል እንዳዘዘኝ አዝኜ እያለቀስሁ ሰባት ቀን ጾምሁ።
d03b7d73-7020-5a4d-a4f5-68a76e09ad07,9426985c-8f3d-56ac-a1ec-6470e4a40da9,3869baa4-dea2-5816-a3ca-e6c308a168b4,2,21,ከሰባት ቀን በኋላም የልቡናዬ አሳብ እጅግ አደከመኝ።
4485ff01-24cb-576e-aeb5-3c59f65b4a0a,9426985c-8f3d-56ac-a1ec-6470e4a40da9,3869baa4-dea2-5816-a3ca-e6c308a168b4,3,22,የጥበብም መንፈስ ሰውነቴን አነሣሣቻት፤ ዳግመኛም በልዑል ፊት እናገር ጀመርሁ።
f5b2a4e3-66a1-53ca-a3c8-15dfa9361324,9426985c-8f3d-56ac-a1ec-6470e4a40da9,3869baa4-dea2-5816-a3ca-e6c308a168b4,4,23,እንዲህም አልሁ፥ “አቤቱ ጌታዬ፥ ከምድር ዛፎችና እንጨቶች ሁሉ አንድ የወይን ሐረግን ለአንተ መረጥህ።
5cf3990c-1526-55a5-a64c-13d68b751cce,9426985c-8f3d-56ac-a1ec-6470e4a40da9,3869baa4-dea2-5816-a3ca-e6c308a168b4,5,24,ከዓለሙ ጥልቆች ሁሉ አንድ ወንዝን ለአንተ መላህ።
988ec1e1-bed6-5d5b-a3ed-0d6d4184cb68,9426985c-8f3d-56ac-a1ec-6470e4a40da9,3869baa4-dea2-5816-a3ca-e6c308a168b4,6,25,ከሀገሮችም ሁሉ አንድ ሀገርን መረጥህ፤ ከተሠሩት ከተሞችም ሁሉ ጽዮንን ለአንተ ቀደስህ።
7b131f4e-c164-539f-a635-97d8f8b36db8,9426985c-8f3d-56ac-a1ec-6470e4a40da9,3869baa4-dea2-5816-a3ca-e6c308a168b4,7,26,ከተፈጠሩ ወፎችም ሁሉ አንድ ርግብን ለአንተ ለየህ፤ ከተፈጠሩት እንስሳትም ሁሉ አንድ በግን መረጥህ።
1f39e979-7b38-5c38-aec0-2148a09f7a63,9426985c-8f3d-56ac-a1ec-6470e4a40da9,3869baa4-dea2-5816-a3ca-e6c308a168b4,8,27,ከምድር አሕዛብ ሁሉ አንድ ሕዝብን ለራስህ መረጥህ፤ ለዚህ ለመረጥኸው ሕዝብህም በሁሉ ዘንድ የተፈተነ ሕግህን ሰጠኸው።
c21d7cfe-e580-55b0-a102-3b7a930fae7e,9426985c-8f3d-56ac-a1ec-6470e4a40da9,3869baa4-dea2-5816-a3ca-e6c308a168b4,9,28,“አሁንም አቤቱ፥ ይህን አንዱን ለብዙዎች አሳልፈህ ለምን ሰጠኸው? ከሌሎችም ሥሮች ለይተህ አንዱን ሥር ለምን አጐሳቈልኸው? አንድ ሕዝብንስ በብዙዎች መካከል ለምን በተንኸው?
3efa993f-5ac7-555c-a6a5-2533c1470885,9426985c-8f3d-56ac-a1ec-6470e4a40da9,3869baa4-dea2-5816-a3ca-e6c308a168b4,10,29,የተስፋህ ባላጋራዎችዋ በሕግህ የታመኑትን ረገጧቸው።
5f17dfe2-777b-563a-a14e-1e90a183d514,9426985c-8f3d-56ac-a1ec-6470e4a40da9,3869baa4-dea2-5816-a3ca-e6c308a168b4,11,30,ወገኖችህንስ ከጠላሃቸው አንተ በእጅህ ብትቀጣቸው ይሻላል።”
e79ce647-41d5-51a7-a649-a3db09147391,9426985c-8f3d-56ac-a1ec-6470e4a40da9,3869baa4-dea2-5816-a3ca-e6c308a168b4,12,31,ይኽንም ቃል ከተናገርሁ በኋላ ባለፈችው በዚያች ሌሊት አስቀድሞ ወደ እኔ የመጣው መልአክ ወደ እኔ ተላከ።
bf6be7b1-597e-5581-aaf2-662fe6478b8a,9426985c-8f3d-56ac-a1ec-6470e4a40da9,3869baa4-dea2-5816-a3ca-e6c308a168b4,13,32,እንዲህም አለኝ፥ “ስማኝ ልንገርህ፤ አድምጠኝ ብዙም እነግርሃለሁ።”
a108af6c-fd7b-5bc6-ab11-c5b8bf63fb7f,9426985c-8f3d-56ac-a1ec-6470e4a40da9,3869baa4-dea2-5816-a3ca-e6c308a168b4,14,33,እኔም አልሁት፥ “አቤቱ ተናገር።” እርሱም አለኝ፥ “ይህ ለእስራኤል እጅግ ድንቅ ነውን? ወይስ ከፈጣሪው ይልቅ እስራኤልን አንተ እጅግ ትወድደዋለህን?”
b5c42abe-884e-50ea-ad29-b8bdfaa6e584,9426985c-8f3d-56ac-a1ec-6470e4a40da9,3869baa4-dea2-5816-a3ca-e6c308a168b4,15,34,እኔም አልሁት፥ “አቤቱ፥ አይደለም፤ ነገር ግን ስለ አሳሰበኝ ተናገርሁ፤ አቤቱ፥ ሁልጊዜም የልዑልን መንገድ አገኝ ዘንድ፥ የፍርዱንም ፍለጋ አውቅ ዘንድ ስመራመር ኵላሊቴን አስጨነቀኝ።”
fc4f393f-caaa-5fa9-a679-f60a121e5578,9426985c-8f3d-56ac-a1ec-6470e4a40da9,3869baa4-dea2-5816-a3ca-e6c308a168b4,16,35,እርሱም አለኝ፥ “አትችልም።” እኔም አልሁት፥ “አቤቱ፥ ስለ ምንድን ነው? ስለ ምንስ ተወለድሁ? የያዕቆብን መከራ፥ የእስራኤልንም ወገኖች ድካማቸውን እንዳላይ የእናቴ ማኅፀን ስለምን መቃብር አልሆነኝም?”
29227aac-ea69-51d2-a92f-810b0537cafa,9426985c-8f3d-56ac-a1ec-6470e4a40da9,3869baa4-dea2-5816-a3ca-e6c308a168b4,17,36,እንዲህም አለኝ፥ “ገና ያልመጡ ቀኖችን ቍጠር፥ የተበተኑትንም አበባዎች ሰብስብልኝ፤ የደረቀውንም ሣር አለምልምልኝ።
2ca77fe3-ec14-52e5-a70a-7572770d906c,9426985c-8f3d-56ac-a1ec-6470e4a40da9,3869baa4-dea2-5816-a3ca-e6c308a168b4,18,37,የተዘጉትንም ቤቶች ክፈትልኝ፤ በውስጣቸውም የተዘጉ ነፋሳትን አምጣልኝ፤ ፈጽሞ ያላየኋቸውንም ፊታቸውን አሳየኝ፤ ቃላቸውንም አሰማኝ፤ የዚያን ጊዜም በሚገባ ያገኛቸውን መከራ እነግርሃለሁ።”
66974872-de99-5d9c-acde-69dc0aa4103f,9426985c-8f3d-56ac-a1ec-6470e4a40da9,3869baa4-dea2-5816-a3ca-e6c308a168b4,19,38,እኔም መልሼ አልሁት፥ “አቤቱ ጌታዬ፥ አነዋወሩ ከሰው የተለየ ካልሆነ በቀር ይህን ማወቅ የሚችል ማንነው?
ffceef6e-4c30-5091-a475-0eb7b8ee3831,9426985c-8f3d-56ac-a1ec-6470e4a40da9,3869baa4-dea2-5816-a3ca-e6c308a168b4,20,39,እኔ ዐላዋቂና የተዋረድሁ ነኝ፤ ይህንም የምትጠይቀኝን ነገር እንዴት ልነግርህ እችላለሁ?”
eca7d252-66d4-5b3c-ac0a-769f497678dd,9426985c-8f3d-56ac-a1ec-6470e4a40da9,3869baa4-dea2-5816-a3ca-e6c308a168b4,21,40,እርሱም እንዲህ አለኝ፥ “እኔ ከምነግርህ ከእኒህ አንዱን መናገር እንደማትችል እንደዚሁ ፍርዴንና ስለ ወገኖች የምታገሠውን የፍቅሬን መጨረሻ ማግኘት አትችልም።”
c94596a3-8177-52b1-ad70-fe9b4048f6bb,9426985c-8f3d-56ac-a1ec-6470e4a40da9,3869baa4-dea2-5816-a3ca-e6c308a168b4,22,41,እንዲህም አልሁት፥ “አቤቱ፥ እነሆ፥ አንተ ስለ እነርሱ ታገሥህ፤ ከእኛ አስቀድሞ የነበሩ እንግዲህ ምን ያደርጋሉ? እኛና ከእኛ በኋላ የሚነሡትስ?”
3b121020-a384-5749-ab87-cf2463bc78d7,9426985c-8f3d-56ac-a1ec-6470e4a40da9,3869baa4-dea2-5816-a3ca-e6c308a168b4,23,42,እርሱም አለኝ፥ “ወደ ኋላ ያሉት እንዳይዘገዩ፥ የቀደሙትም እንዳይፈጥኑ ፍርዴን እንደ ቀለበት አደረግኋት።”
91924278-0818-5836-a07d-39d291523e7b,9426985c-8f3d-56ac-a1ec-6470e4a40da9,3869baa4-dea2-5816-a3ca-e6c308a168b4,24,43,እኔም አልሁት፥ “ፍርድህን ፈጥነህ ታሳይ ዘንድ የቀደሙትንና ወደ ኋላ ያሉትን አሁንም ያሉትን፥ ባንድ ጊዜ አንድ አድርገህ መፍጠር አትችልም ነበርን?” ።
1b2325d2-b1d1-5cfe-ac46-9d8c8f6e4cd8,9426985c-8f3d-56ac-a1ec-6470e4a40da9,3869baa4-dea2-5816-a3ca-e6c308a168b4,25,44,እንዲህም አለኝ፥ “ሥራ ከሠሪው ፈጽሞ የሚቸኩል አይደለም፤ ዓለምም በውስጧ የተፈጠሩትን ባልቻለቻቸውም ነበር።”
91512a69-220c-5af8-a604-7ff4d5c58c6e,9426985c-8f3d-56ac-a1ec-6470e4a40da9,3869baa4-dea2-5816-a3ca-e6c308a168b4,26,45,እንዲህም አልሁት፥ “አቤቱ የፈጠርሃቸውን በአንድ ጊዜ በአንድነት እንደምታስነሣቸው ለእኔ ለባሪያህ እንዴት ነገርኸኝ? የፈጠርሃቸውንም በአንድ ጊዜ ፈጥነህ የምታስነሣቸው ከሆነ ዓለም ይጨነቃል፤ ይህም ባይሆን ዛሬ ካሉት ጋራ አንድ ጊዜ ሊሸከማቸው በቻለ ነበር።”
f3a788ca-053a-519f-a8b9-1da2cd5aaf00,9426985c-8f3d-56ac-a1ec-6470e4a40da9,3869baa4-dea2-5816-a3ca-e6c308a168b4,27,46,እርሱም እንዲህ አለኝ፥ “እስኪ የሴት ማኅፀንን እሺ አሰኛት፤ ዐሥር ልጆችንም ስትወልጂ ለምን በየዓመቱ ትወልጃለሽ? በላት። እንግዲህ ዐሥሩን በአንድ ጊዜ ትሰጥ እንደ ሆነ ጠይቃት።
fd8a49f1-7da6-5261-a7f6-b192f63753f7,9426985c-8f3d-56ac-a1ec-6470e4a40da9,3869baa4-dea2-5816-a3ca-e6c308a168b4,28,47,በየዓመቱ ካልሆነ በቀር በአንድ ጊዜ የማትችል አይደለምን?
20d03a88-1532-5c01-a5f0-c5782b900049,9426985c-8f3d-56ac-a1ec-6470e4a40da9,3869baa4-dea2-5816-a3ca-e6c308a168b4,29,48,ሕፃን ሴት መውለድ እንደማትችል፥ ያረጀችም እንደማትችል፥ እንዲሁ እኔም ለፈጠርሁት ዓለም በየጊዜው ሥርዐት ሠራሁለት።”
6cbc5abd-86da-5e57-aff4-696552f3b370,9426985c-8f3d-56ac-a1ec-6470e4a40da9,3869baa4-dea2-5816-a3ca-e6c308a168b4,30,49,እኔም ጠየቅሁት፤ እንዲህም አልሁት፥ “በፊትህ እናገር ዘንድ መንገድ ሰጥተኸኛልና እነሆ፥ በእውነት አንተ አልኸኝ፤ ወጣት የነበረች እናታችሁ ፈጽማ አረጀች፤ ኀይላችንስ እንደ ቀደሙን ሰዎች ኀይል ለምን አልሆነልንም?”
4657e935-7cca-50f7-a588-3b546b7700a0,9426985c-8f3d-56ac-a1ec-6470e4a40da9,3869baa4-dea2-5816-a3ca-e6c308a168b4,31,50,እርሱም መለሰልኝ፤ እንዲህም አለኝ፥ “ልጅ የወለደች ሴትን ጠይቃት፤ ትነግርሃለችም።
3dcdbd49-9a1c-5362-a97d-f8b4e574d28e,9426985c-8f3d-56ac-a1ec-6470e4a40da9,3869baa4-dea2-5816-a3ca-e6c308a168b4,32,51,በጥንካሬ ያንሳሉ እንጂ ዛሬ የወለድሻቸው ቀድሞ እንደ ወለድሻቸው ለምን አልሆኑም? በላት።
d7f04344-8ea4-5fc1-aed5-018af01b5adc,9426985c-8f3d-56ac-a1ec-6470e4a40da9,3869baa4-dea2-5816-a3ca-e6c308a168b4,33,52,እርሷም እንዲህ ትልሃለች፥ “በወጣትነት የተወለደ ልጅ ልዩ ኀያል ነው፤ በእርጅና የተወለደውም ልዩ ደካማ ነው።
baeda930-fae5-5788-ab67-9bb3ae8a194f,9426985c-8f3d-56ac-a1ec-6470e4a40da9,3869baa4-dea2-5816-a3ca-e6c308a168b4,34,53,ነገር ግን ከቀደሙት ሰዎች እናንተ በኀይል እንደምታንሱ አንተ ራስህ ታውቀዋለህ።
7b2454a3-f92c-5762-aa47-84d9096a4b0a,9426985c-8f3d-56ac-a1ec-6470e4a40da9,3869baa4-dea2-5816-a3ca-e6c308a168b4,35,54,ከእናንተም በኋላ የሚወለዱ ከእናንተ ያንሣሉ፤ የተፈጠረውና ያለውም የሕፃንነቱ ኀይል ዘመን ካለፈ እንዲሁ ነው።”
2616457e-ef02-5f10-aa2d-5d29ea381c68,9426985c-8f3d-56ac-a1ec-6470e4a40da9,3869baa4-dea2-5816-a3ca-e6c308a168b4,36,55,እኔም አልሁት፥ “አቤቱ ጌታዬ እሺ በለኝ፤ በዐይኖችህ ፊት ባለሟልነትን ካገኘሁ ለባሪያህ ንገረው፤ ዓለምህን በማን ትጐበኛለህ?”
4fa4a353-8bd1-52e2-af39-e92ef5f94fff,747e4eac-a938-5dc7-af6c-208930adf26e,e45f6d1d-3fa5-5800-a427-4d33fc026951,1,1,እርሱም አለኝ፥ “መጀመሪያ በሰው ልጅ ነው፤ በኋላ ግን እኔ ራሴ ነኝ፤ ሰማይና ምድር፥ ሀገሮችም ሳይፈጠሩ፥ የዓለም መንገድም ሳይጸና፥ ነፋሳትም ሳይነፍሱ፤
885a64ac-fcfb-536c-a9a6-da932370b048,747e4eac-a938-5dc7-af6c-208930adf26e,e45f6d1d-3fa5-5800-a427-4d33fc026951,2,2,የነጐድጓድ ድምፅም ሳይሰማ፥ የመብረቅ ብልጭታም ሳይበራ፥ የገነት ምድር ሳይፈጠር፥
2898e72a-e81e-56e4-a09b-721934d0ba16,747e4eac-a938-5dc7-af6c-208930adf26e,e45f6d1d-3fa5-5800-a427-4d33fc026951,3,3,የአበቦችም ውበት ሳይታይ፥ የመሬት መነዋወጥ ኀይልም ሳይጸና፥ የመላእክትም ሠራዊት ሳይቈጠሩ።
e78f0dd8-e851-57d1-a9b6-94a6a4dde3d1,747e4eac-a938-5dc7-af6c-208930adf26e,e45f6d1d-3fa5-5800-a427-4d33fc026951,4,4,የሰማይም ምጥቀቱ ሳይታይ፥ የሰማያትም መስፈርት ሳይሰፈር፥
137e42a7-1e1a-50df-ae63-5b8f3a69cf97,747e4eac-a938-5dc7-af6c-208930adf26e,e45f6d1d-3fa5-5800-a427-4d33fc026951,5,5,የሚመጣው ዓለም ፍለጋ ሳይታወቅ፥ የኃጥኣን ጥላ ሳይወገድ፦ የጌታ ማኅተም ሕግን በሚጠብቁና ሃይማኖትን በሚያምኑ ላይ ሳይታተም፥
62b638d8-63b6-5f32-a7eb-69de2424e912,747e4eac-a938-5dc7-af6c-208930adf26e,e45f6d1d-3fa5-5800-a427-4d33fc026951,6,6,ያንጊዜ እኔ ራሴ ይህን ዓለም እጐበኝ ዘንድ አሰብሁ፤ ሌላም አይደለም።”
4b2de33c-3407-5c66-afb0-50ccb0e7912a,747e4eac-a938-5dc7-af6c-208930adf26e,e45f6d1d-3fa5-5800-a427-4d33fc026951,7,7,መልሼም እንዲህ አልሁት፥ “የመጀመሪያው ዓለም ምልክቱ፥ ጊዜውስ ምንድን ነው? ፍጻሜውስ መቼ ነው? የሁለተኛውስ ዓለም መጀመሪያው መቼ ነው?”
1cd6c9ce-50fd-5f5c-afbe-e84b41507b49,747e4eac-a938-5dc7-af6c-208930adf26e,e45f6d1d-3fa5-5800-a427-4d33fc026951,8,8,እንዲህም አለኝ፥ “ከአብርሃም እስከ ይስሐቅ ነው፤ ያዕቆብና ዔሳው ከእርሱ ተወልደዋል፥ በተወለዱም ጊዜ ያዕቆብ የኤሳውን ተረከዝ ይዞ ተወለደ።
75a1a7d8-5fdf-59df-ac26-d2719814d926,747e4eac-a938-5dc7-af6c-208930adf26e,e45f6d1d-3fa5-5800-a427-4d33fc026951,9,9,ኤሳው የዚህ ዘመን ፍጻሜ ምሳሌ ነው፤ ያዕቆብም የአዲሱ ዘመን መጀመሪያ ነው።
b0c19394-b4b6-5a39-a701-8722bb08e6d6,747e4eac-a938-5dc7-af6c-208930adf26e,e45f6d1d-3fa5-5800-a427-4d33fc026951,10,10,የሰው መጨረሻ አካሉ ተረከዙ ነውና፤ የሰውም መጀመሪያ አካሉ እጁ ነው። ነገር ግን ዕዝራ አትመራመር።”
89d70810-378b-5944-a673-fe0d95e8c57a,747e4eac-a938-5dc7-af6c-208930adf26e,e45f6d1d-3fa5-5800-a427-4d33fc026951,11,11,እኔም መለስሁለት እንዲህም አልሁት፥ “አቤቱ ጌታዬ፥ በዐይኖችህ ፊት ባለሟልነትንስ ካገኘሁ፥
50bfd1f9-ec10-5de8-a203-278376680adc,747e4eac-a938-5dc7-af6c-208930adf26e,e45f6d1d-3fa5-5800-a427-4d33fc026951,12,12,ባለፈው ሌሊት አስቀድሞ በከፊል የነገርኸኝን የዚህን ምልክት መጨረሻ ለባሪያህ ንገረው።”
715749c8-29c3-574e-a383-e0a03ce8e4ec,747e4eac-a938-5dc7-af6c-208930adf26e,e45f6d1d-3fa5-5800-a427-4d33fc026951,13,13,እርሱም መለሰልኝ እንዲህም አለኝ፥ “ተነሥተህ በእግርህ ቁም፤ ጩኸት የተመላበትንም ቃል እነግርሃለሁ።
1028e47e-0d9f-5902-a071-76cfd9311279,747e4eac-a938-5dc7-af6c-208930adf26e,e45f6d1d-3fa5-5800-a427-4d33fc026951,14,14,አንተ በውስጡ የቆምህበት ቦታ ቢነዋወጥ በነገርሁህ ጊዜ አትደንግጥ፤ ስለ ነገር መጨረሻ ነውና።
cbf7918d-7cf6-5790-afc3-db1e0b48b5bd,747e4eac-a938-5dc7-af6c-208930adf26e,e45f6d1d-3fa5-5800-a427-4d33fc026951,15,15,ያንጊዜ የምድር መሠረቶች ነገርን ያስረዳሉ።
5cfcbfbb-8db7-5617-acb6-1379a38abe44,747e4eac-a938-5dc7-af6c-208930adf26e,e45f6d1d-3fa5-5800-a427-4d33fc026951,16,16,ነገሩ ስለ እነርሱ ነውና፥ ይንቀጠቀጣሉ፤ ይነዋወጣሉም፤ በመጨረሻቸው ያልፉ ዘንድ አላቸውና፥”
dc8020e8-fe3d-51cf-a1ae-bd2140ecc69f,747e4eac-a938-5dc7-af6c-208930adf26e,e45f6d1d-3fa5-5800-a427-4d33fc026951,17,17,ከዚህም በኋላ ይህን በሰማሁ ጊዜ ተነሥቼ በእግሮች ቆምሁ፤ እነሆ፥ የሚናገረውንም ቃል ሰማሁ፤ ድምፁም እንደ ብዙ ውኃ ድምፅ ነበር።
2a2d199a-d72e-578e-ac77-af960bc17fea,747e4eac-a938-5dc7-af6c-208930adf26e,e45f6d1d-3fa5-5800-a427-4d33fc026951,18,18,በምድር የሚኖሩትን ሁሉ ይጐበኛቸው ዘንድ ልዑል በደረሰ ጊዜ እነሆ፥ ዘመን ይመጣል ይል ነበር።
57b6d46e-39ab-5ffc-a5cf-f302ce75e222,747e4eac-a938-5dc7-af6c-208930adf26e,e45f6d1d-3fa5-5800-a427-4d33fc026951,19,19,ጽዮን በታነጸች ጊዜ ያመፁብኝን ዐመፃቸውን ያንጊዜ እመራመራቸው ዘንድ አለኝ።
81a8efc1-13e4-54c7-acf7-23bad56d520e,747e4eac-a938-5dc7-af6c-208930adf26e,e45f6d1d-3fa5-5800-a427-4d33fc026951,20,20,ይመጣ ዘንድ ያለው ዓለም በታተመ ጊዜ የማደርገው ምልክት ይህ ነው፤ በሰማይ መጻሕፍት ይገለጣሉ፤ ሁሉም ያየኛል።
2a0912e8-20ef-5450-a616-13faf92610d7,747e4eac-a938-5dc7-af6c-208930adf26e,e45f6d1d-3fa5-5800-a427-4d33fc026951,21,21,ዓመት የሆናቸው ሕፃናት ፈጽመው ይናገራሉ፤ የፀነሱ ሴቶችም የሦስት ወርና የአራት ወር ሕፃናትን ይወልዳሉ፤ ሕያዋንም ሆነው ይነሣሉ።
9705d65a-e16a-5bd7-a21e-a25ccd987149,747e4eac-a938-5dc7-af6c-208930adf26e,e45f6d1d-3fa5-5800-a427-4d33fc026951,22,22,የማትታይ ምድርም ዘርዕ ተዘርቶባት ትታያለች፥ ውስጣቸው ሙሉ የነበሩ ቤቶችም ባዷቸውን ይገኛሉ።
c2a0485a-aef4-58f9-a6ec-8d03616db772,747e4eac-a938-5dc7-af6c-208930adf26e,e45f6d1d-3fa5-5800-a427-4d33fc026951,23,23,ነጋሪት ይሰማል፤ የሰማውም ሁሉ ይደነግጣል።
c8667657-921f-5909-adff-d0f4c07bb1ca,747e4eac-a938-5dc7-af6c-208930adf26e,e45f6d1d-3fa5-5800-a427-4d33fc026951,24,24,በእነዚያም ወራት ወዳጆች ከወዳጆቻቸው ጋር እርስ በርሳቸው እንደ ጠላት ይዋጋሉ። ምድርም በውስጧ የሚኖሩባትን ታስደነግጣቸዋለች፤ የውኃው ምንጮችም ይገታሉ፤ እስከ ሦስት ሰዓትም ድረስ አይፈስሱም።
63c80410-5bae-57b9-ad76-c078ed6f4cc2,747e4eac-a938-5dc7-af6c-208930adf26e,e45f6d1d-3fa5-5800-a427-4d33fc026951,25,25,“ከዚህ ከነገርሁህ ሁሉ የቀረ ሰው ሁሉ የሚድን እርሱ ነው፤ ትድግናዬን የዘመኔንም ፍጻሜ የሚያይ እርሱ ነው።
3a648f78-f8f8-58f6-a942-263e358e8ab2,747e4eac-a938-5dc7-af6c-208930adf26e,e45f6d1d-3fa5-5800-a427-4d33fc026951,26,26,ያንጊዜም ያረጉና ከተወለዱ ጅምሮ ሞትን ያልቀመሱ እነዚያን ሰዎች ያዩአቸዋል፤ በዓለም የሚኖሩ ሰዎችም ልቡና ይለወጣል፤ ሌላ ልቡናም ይሰጣቸዋል።
e77db3ab-9625-5ad9-ad8b-bf14c9bab418,747e4eac-a938-5dc7-af6c-208930adf26e,e45f6d1d-3fa5-5800-a427-4d33fc026951,27,27,ክፋት ትደመሰሳለችና፥ ተንኰልም ትጠፋለችና።
174d21a8-b20d-5e97-ae4e-f8dd9b6a737d,747e4eac-a938-5dc7-af6c-208930adf26e,e45f6d1d-3fa5-5800-a427-4d33fc026951,28,28,ሃይማኖት ትለመልማለች፤ ሞት ድል ይነሣል፤ ያለ ፍሬ ለብዙ ዘመን የነበረች ጽድቅ ትገለጣለች።”
618039dd-665c-52b4-ae30-bcb50c38c074,747e4eac-a938-5dc7-af6c-208930adf26e,e45f6d1d-3fa5-5800-a427-4d33fc026951,29,29,በተናገረኝም ጊዜ እኔ የቆምሁበት ስፍራ ጥቂት ጥቂት እያለ ይነዋወጥ ነበር።
6cfdb7cd-7bff-5205-ab46-ea12484d9b08,747e4eac-a938-5dc7-af6c-208930adf26e,e45f6d1d-3fa5-5800-a427-4d33fc026951,30,30,እርሱም አለኝ፥ “ባለፈችው ሌሊት እንደ ነገርሁህ ይህን ምልክት እነግርህ ዘንድ መጣሁ።
287a02b7-06b0-535e-ad3f-e283316d17f7,747e4eac-a938-5dc7-af6c-208930adf26e,e45f6d1d-3fa5-5800-a427-4d33fc026951,31,31,ዳግመኛ ሰባት ቀን ብትጾምና ብትጸልይ ከዚህ የሚበልጥ ዳግመኛ እነግርሃለሁ።
d34a3b67-8cbb-5693-a09e-9f661592f722,747e4eac-a938-5dc7-af6c-208930adf26e,e45f6d1d-3fa5-5800-a427-4d33fc026951,32,32,ቃልህ በልዑል ዘንድ መሰማትን ተሰምትዋልና። ከሕፃንነትህም ጀምሮ ያለው የጽድቅህ ኀይል ተገልጧልና።
c4109d91-1f5e-5070-af5b-2d52180d51d5,747e4eac-a938-5dc7-af6c-208930adf26e,e45f6d1d-3fa5-5800-a427-4d33fc026951,33,33,ስለዚህም ይህን ነገር እነግርህ ዘንድ ልዑል ላከኝ።
cce3d7c8-14d7-5ad8-af78-e7aa233aa5e9,747e4eac-a938-5dc7-af6c-208930adf26e,e45f6d1d-3fa5-5800-a427-4d33fc026951,34,34,እንዲህም አለኝ፦ እመን፤ አትፍራ፤ በኋላ ዘመን እንዳትጠራጠር ስለ ቀደመውም ክፉ አሳብህ አትቸኩል።”
b3f0ba16-9415-5196-a7cc-a0e72d76b893,747e4eac-a938-5dc7-af6c-208930adf26e,87685ca5-6371-52b0-a270-1d7d16992ea6,1,35,ከዚህም በኋላ የነገረኝን ሦስቱን ሱባዔያት እጨርስ ዘንድ ዳግመኛ ሰባት ቀን እያለቀስሁ ጾምሁ።
04ac0d2b-9f0b-5aac-a96b-fc2cac211751,747e4eac-a938-5dc7-af6c-208930adf26e,87685ca5-6371-52b0-a270-1d7d16992ea6,2,36,በዚያች ሌሊት ልቤ ታወከችብኝ፤ በልዑልም ፊት እናገር ጀመርሁ።
b4eaf3e5-f926-5848-aa8b-e4901c1b68fb,747e4eac-a938-5dc7-af6c-208930adf26e,87685ca5-6371-52b0-a270-1d7d16992ea6,3,37,ሰውነቴ ፈጽማ ትናደዳለችና፥ ልቡናዬም ትናወጣለችና።
0ebab420-e1db-58c4-a321-639f6af027b6,747e4eac-a938-5dc7-af6c-208930adf26e,87685ca5-6371-52b0-a270-1d7d16992ea6,4,38,እንዲህም አልሁ፥ “አቤቱ ጌታዬ፥ በመጀመሪያው መፍጠርህ በመጀመሪያዪቱ ቀን ሰማይና ምድር ይፈጠር አልህ፤ እንዲሁም ተፈጠረ፤ ቃልህም ፍጥረትን ይፈጥር ነበር።
501b3dd5-eaef-5db4-a729-d5a72f56dc29,747e4eac-a938-5dc7-af6c-208930adf26e,87685ca5-6371-52b0-a270-1d7d16992ea6,5,39,መንፈስም ይሰፍፍ ነበር። ጨለማም ሞልቶ ነበር፥ ፀጥ ብሎም ነበር። ድምፅም አልነበረም፤ የሰው ልጅ ድምፅ ገና አልነበረምና።
62183ca6-c9a2-5cd4-a9b9-7555f09b6602,747e4eac-a938-5dc7-af6c-208930adf26e,87685ca5-6371-52b0-a270-1d7d16992ea6,6,40,ያንጊዜም ብርሃን ከአዳራሽህ እንዲገኝ ፍጥረትህም እንዲገለጥ አዘዝህ።
349b6eb9-9254-5635-a71c-ef32939f01c8,747e4eac-a938-5dc7-af6c-208930adf26e,87685ca5-6371-52b0-a270-1d7d16992ea6,7,41,“ዳግመኛም በሁለተኛው ቀን በሰማያት ያለ ነፋስን ፈጠርህ፤ እኩሌታውም ወደ ላይ ይወጣ ዘንድ፥ እኩሌታውም በታች ይኖር ዘንድ በውኃው መካከል እንዲለይ አዘዝኸው።
7987fdd8-0871-5d63-a761-628a0512031c,747e4eac-a938-5dc7-af6c-208930adf26e,87685ca5-6371-52b0-a270-1d7d16992ea6,8,42,ዳግመኛም በሦስተኛው ቀን ውኃውን ከምድር በሰባተኛው እጅ ላይ እንዲሰበሰብ አዘዝኸው። የምድር ስድስቱ እጅም በውስጣቸው ያርሱ ዘንድ፥ ዘርም ይዘሩ ዘንድ፥ በፊትህም ይኖሩ ዘንድ ደረቅ ሆኖ ይቅር አልህ።
1045b799-a707-5330-a117-faf6511bef06,747e4eac-a938-5dc7-af6c-208930adf26e,87685ca5-6371-52b0-a270-1d7d16992ea6,9,43,ቃልህም በወጣ ጊዜ ፍጥረት ይፈጠር ነበር።
2ab53fa5-22e7-5b3d-a2bf-b2f840186fee,747e4eac-a938-5dc7-af6c-208930adf26e,87685ca5-6371-52b0-a270-1d7d16992ea6,10,44,ያንጊዜም ቍጥር የሌለው ብዙ ፍሬ በቀለ፤ የሁሉም ጣዕሙ፥ ያበባውም መልክ ልዩ ልዩ ነበር፤ የእንጨቱም ዓይነት ልዩ ልዩ ነበር፤ መዓዛውም ልዩ ልዩ ነበር።
fd860355-e6ea-5d71-a499-a8080e667e63,747e4eac-a938-5dc7-af6c-208930adf26e,87685ca5-6371-52b0-a270-1d7d16992ea6,11,45,“ባራተኛይቱም ቀን ያበሩ ዘንድ የጨረቃና የፀሐይ ብርሃን፥ የከዋክብትም ሥርዐት ይፈጠር ዘንድ አዘዝህ።
396dbe25-f4f8-5a1b-aedd-d926dd75597a,747e4eac-a938-5dc7-af6c-208930adf26e,87685ca5-6371-52b0-a270-1d7d16992ea6,12,46,ይፈጠር ዘንድ ላለው ሰውም ያገለግሉ ዘንድ አዘዝሃቸው።
c08d2d1a-076e-58e3-afc1-fb6c9fbf2a85,747e4eac-a938-5dc7-af6c-208930adf26e,87685ca5-6371-52b0-a270-1d7d16992ea6,13,47,“ባምስተኛውም ቀን የናጌብ ውኃ ያለበትን ያን ሰባተኛውን እጅ ሕይወት ያላቸውን ወፎችንና ዓሣዎችን ያስገኝ ዘንድ አዘዝኸው።
8135f543-ff6a-51c1-af3f-7c8ed88c455a,747e4eac-a938-5dc7-af6c-208930adf26e,87685ca5-6371-52b0-a270-1d7d16992ea6,14,48,ስለዚህ ትውልድ ሁሉ ጌትነትህን ይናገሩ ዘንድ የማይናገርና ደመ ነፍስ የሌለው ያ ውኃ ሕይወት ያለውን አስገኘ።
33803039-c14a-5335-a2c0-0a878333006a,747e4eac-a938-5dc7-af6c-208930adf26e,87685ca5-6371-52b0-a270-1d7d16992ea6,15,49,ያንጊዜም የፈጠርሃቸውን ሁለቱን እንስሳት ጠበቅህ፤ ያንዱን ስሙን ብሔሞት አልኸው፤ የሁለተኛውንም ስሙን ሌዋታን አልኸው።
fe4b6e14-ec27-5e60-a9be-6cf6ba4b333b,747e4eac-a938-5dc7-af6c-208930adf26e,87685ca5-6371-52b0-a270-1d7d16992ea6,16,50,በየራሳቸውም ለየሃቸው፤ የናጌብ ውኃ ያለበት ያ ሰባተኛው እጅ ሊወስናቸው አይችልምና፥
63cbf38f-b3e1-529e-a988-6f15826b4de3,747e4eac-a938-5dc7-af6c-208930adf26e,87685ca5-6371-52b0-a270-1d7d16992ea6,17,51,አራቱ ተራሮች ባሉበት በዚያ እርሱ በውስጡ ይኖር ዘንድ ለብሔሞት ከስድስቱ እጅ አንዱን እጅ የብስን ሰጠኸው።
50615fd8-ff5c-55cb-a036-9ff0bad8fe2d,747e4eac-a938-5dc7-af6c-208930adf26e,87685ca5-6371-52b0-a270-1d7d16992ea6,18,52,“ለሌዋታንም የባሕሩን ሰባተኛ እጅ ሰጠኸው፤ ለምትወዳቸው ምግብ ይሆኑ ዘንድም ጠበቅሃቸው።
9a0774c6-3759-54ba-a1f2-52a577ae7947,747e4eac-a938-5dc7-af6c-208930adf26e,87685ca5-6371-52b0-a270-1d7d16992ea6,19,53,በስድስተኛዪቱም ቀን በፊትህ እንስሳን፥ የሰማይ ወፎችንና የዱር አውሬዎችን ታስገኝ ዘንድ ምድርን አዘዝሃት።
25c39b6f-ac1d-5eb0-a315-b9eb4bb83e53,747e4eac-a938-5dc7-af6c-208930adf26e,87685ca5-6371-52b0-a270-1d7d16992ea6,20,54,በዚህም ሁሉ ላይ አዳምን ገዥ አድርገህ ሾምኸው፤ አስቀድመህ በፈጠርኸው ፍጥረት ላይም ገዥ ሆነ። በእርሱም ምክንያት የመረጥኸን እኛ ወገኖችህ ከእርሱ ተገኘን።
a73b3183-97b4-5546-a376-83645e2c2c52,747e4eac-a938-5dc7-af6c-208930adf26e,87685ca5-6371-52b0-a270-1d7d16992ea6,21,55,“አቤቱ፥ ይህን ሁሉ በፊትህ ተናገርሁ፤ ይህን ዓለም ሰለ እናንተ ፈጠርሁት ብለሃልና።
08502686-d85c-5603-ad6e-bc86c7b652c5,747e4eac-a938-5dc7-af6c-208930adf26e,87685ca5-6371-52b0-a270-1d7d16992ea6,22,56,ከአዳም የተወለዱ ሌሎች አሕዛብ ግን እንደ ኢምንት ናቸው፤ እንደ ምራቅም ይመስላሉ፤ እንደ አፍሻት ጠብታም ናቸው፤ ደስታቸውም እንደ ኢምንት ነው።
bea88ab7-6d5e-551c-abf3-c8cbc82c4ecc,747e4eac-a938-5dc7-af6c-208930adf26e,87685ca5-6371-52b0-a270-1d7d16992ea6,23,57,አሁንም እነሆ እንደ ኢምንት ናቸው ያልሃቸው እነዚያ አሕዛብ እነሆ በእኛ ላይ ሠለጠኑ፤ ረገጡንም።
8f9ba9cc-a37c-54a0-ab00-297499bf16bc,747e4eac-a938-5dc7-af6c-208930adf26e,87685ca5-6371-52b0-a270-1d7d16992ea6,24,58,የምወደው የበኸር አንድያ ልጄ ያልኸን እኛ ወገኖችህ ግን በአሕዛብ እጅ ገባን።
23d7ca5e-a197-52e1-ae72-a6538d61e456,747e4eac-a938-5dc7-af6c-208930adf26e,87685ca5-6371-52b0-a270-1d7d16992ea6,25,59,ነገር ግን ዓለምን ስለ እኛ ከፈጠርኸው ዓለማችንን ለምን አንወርስም? ይህስ እስከ መቼ ድረስ ነው?”
2e50f092-604b-5cb3-a1a0-4d8af8835e2a,be69d268-6c2b-54fa-a4ff-2a905683a563,a87c0539-890f-5549-a038-54ab280764a5,1,1,ከዚህም በኋላ ይህን ነገር ተናግሬ በጨረስሁ ጊዜ ባለፈችው በዚያች ሌሊት አስቀድሞ ወደ እኔ የመጣው ያ መልአክ ወደ እኔ ተላከ።
b08ce894-2d9f-5c7b-aa19-3761ca51c38e,be69d268-6c2b-54fa-a4ff-2a905683a563,a87c0539-890f-5549-a038-54ab280764a5,2,2,እንዲህም አለኝ፥ “ዕዝራ ሆይ፥ ተነሥ፤ እነግርህ ዘንድ ወደ አንተ የመጣሁ የእኔን ቃል ስማ።”
a3b4660a-8120-5f0c-a267-b83ee82c4f8e,be69d268-6c2b-54fa-a4ff-2a905683a563,a87c0539-890f-5549-a038-54ab280764a5,3,3,እኔም አልሁት፥ “ጌታዬ ተናገር፤” እርሱም አለኝ፥ “በአንድ ሰፊ ቦታ ባሕር አለች፤ እርስዋም ሰፊና ጥልቅ ናት።
27e702da-c4b5-5dba-a154-a3d352625bb8,be69d268-6c2b-54fa-a4ff-2a905683a563,a87c0539-890f-5549-a038-54ab280764a5,4,4,ጠባብ የመግቢያ መንገድም አላት፤ የመስኖ ውኃ ቦይ ያህልም ትሆናለች።
6d3b7146-d995-5e2e-a7af-cb57e31bcd95,be69d268-6c2b-54fa-a4ff-2a905683a563,a87c0539-890f-5549-a038-54ab280764a5,5,5,ያያትና ያገኛት ዘንድ ወደዚያች ባሕር ሊገባ የወደደ ቢኖር ያን ጠባቡን መግቢያዋን ካላለፈ ወደ አደባባይዋ መግባት እንዴት ይችላል?
8bcbc750-cc98-5624-acbb-18afb4e49f18,be69d268-6c2b-54fa-a4ff-2a905683a563,a87c0539-890f-5549-a038-54ab280764a5,6,6,ወይም በሜዳ የተሠራች፥ ከበረከቱም ሁሉ የተመላች አንዲት ከተማ አለች።
46e8d4b6-8995-559f-a1f6-4d1ea486fb4f,be69d268-6c2b-54fa-a4ff-2a905683a563,a87c0539-890f-5549-a038-54ab280764a5,7,7,የመግቢያዋም መንገድ ጠባብ ነው፤ በገደል ውስጥም ናት፤ በቀኝዋ እሳት፥ በግራዋም ጥልቅ ውኃ አለ።
70a7ff3d-9749-57fc-a3e8-9a279864e7a0,be69d268-6c2b-54fa-a4ff-2a905683a563,a87c0539-890f-5549-a038-54ab280764a5,8,8,አንዲት መንገድ በውኃና በእሳት መካከል አለች፤ መንገድዋም ከአንድ ሰው እግር ጫማ በቀር አትችልም።
014a629f-1168-5c8b-a8e3-516781f206be,be69d268-6c2b-54fa-a4ff-2a905683a563,a87c0539-890f-5549-a038-54ab280764a5,9,9,ይህች ከተማ የተሰጠችው የሚወርሳት ሰው ቢኖር ያን ጠባቡን መንገድ ካላለፈ ርስቱን እንዴት ያገኛል?”
d0132cc8-1c74-5abb-aebf-e4a0d6b7a6c7,be69d268-6c2b-54fa-a4ff-2a905683a563,a87c0539-890f-5549-a038-54ab280764a5,10,10,እኔም፥ “አቤቱ፥ እንደዚሁ ነው” አልሁት። እርሱም እንዲህ አለኝ፥ “የእስራኤል ምድራቸው፥ ዕድል ፈንታቸውም እንዲሁ ነው።
f1a052d4-d570-5ffd-aa14-a3c35fa55e32,be69d268-6c2b-54fa-a4ff-2a905683a563,a87c0539-890f-5549-a038-54ab280764a5,11,11,ዓለምን ስለ እነርሱ ፈጥሬዋለሁና።
79a2ae8b-1ad9-544a-a3d5-b753adce4004,be69d268-6c2b-54fa-a4ff-2a905683a563,a87c0539-890f-5549-a038-54ab280764a5,12,12,አዳምም ትእዛዜን ባፈረሰ ጊዜ የዚህ ዓለም ጎዳናው ሰንከልካላና ጠባብ፥ ጐድጓዳና የከፋ፥ መከራው የበዛ፥ ጻዕርና ጋርን የተመላ ሆነ።
f0536894-8013-57b8-a7b5-565ddbdc4996,be69d268-6c2b-54fa-a4ff-2a905683a563,a87c0539-890f-5549-a038-54ab280764a5,13,13,የዚያኛው ዓለም ግን ጎዳናው ታላቅ ነው፤ ሰፊም ነው፤ ብሩህም ነው፤ ሞት የሌለበት የሕይወት ፍሬንም ያፈራል።
44bb98f2-70e1-5d1e-a289-ff09c8bf7dc6,be69d268-6c2b-54fa-a4ff-2a905683a563,a87c0539-890f-5549-a038-54ab280764a5,14,14,ሕያዋን የምትሆኑ እናንተም ያን ሰንከልካላና ያን ኀጢአት ካላለፋችሁት ለእናንተ የተዘጋጀውን ማግኘት አትችሉም።
7a76a3ff-cb34-5fe3-ab07-8ac7ff0d03e2,be69d268-6c2b-54fa-a4ff-2a905683a563,a87c0539-890f-5549-a038-54ab280764a5,15,15,አሁንስ አፈር የምትሆን አንተ ለምን ትታወካለህ? ሟች የምትሆን አንተስ ለምን ትናወጣለህ?
718e7c7f-d2e0-5b68-acdf-8bd8585d0e5e,be69d268-6c2b-54fa-a4ff-2a905683a563,a87c0539-890f-5549-a038-54ab280764a5,16,16,ያለውን ነው እንጂ የሚመጣውን በልብህ ለምን አታስብም?”
5ec17726-c155-5588-a0f4-871a64ecc972,be69d268-6c2b-54fa-a4ff-2a905683a563,19833183-13c9-58df-afac-ecdcac812765,1,17,እኔም መልሼ አልሁት፥ “አቤቱ ጌታዬ፥ ጻድቃን ይህን ዓለም እንደሚወርሱት፥ ኃጥኣን ግን እንደሚጠፉ አንተ በሕግህ እነሆ፥ ተናገርህ።
419365d6-7a4b-5a9f-a5ac-bfe8c311ea70,be69d268-6c2b-54fa-a4ff-2a905683a563,19833183-13c9-58df-afac-ecdcac812765,2,18,ጻድቃን ሰፊውን ተስፋ እያደረጉ ጠባቡን ይታገሡታልና፤ ጠባቡን የሚታመኑ ኃጥኣን ግን ሰፊውን አያገኙትም።”
209dac23-3780-5dec-af9d-6e38af529c34,be69d268-6c2b-54fa-a4ff-2a905683a563,19833183-13c9-58df-afac-ecdcac812765,3,19,እርሱም እንዲህ አለኝ፥ “አንተ በፍርድ ከአንዱ ከእግዚአብሔር የምትሻል አይደለህም፤ ከልዑልም አንተ የምትራቀቅ አይደለህም።
c43b36c2-cde8-5e9f-a8d9-001d0d29ec0a,be69d268-6c2b-54fa-a4ff-2a905683a563,19833183-13c9-58df-afac-ecdcac812765,4,20,የሠራውን የእግዚአብሔርን ሕጉን ያቃለሉ እነዚያ ይጥፉ፤
060f8537-1479-50f2-a43a-75755ad8dea0,be69d268-6c2b-54fa-a4ff-2a905683a563,19833183-13c9-58df-afac-ecdcac812765,5,21,እግዚአብሔር ሕጉን ሠርተው በሕይወት እንዲኖሩ አዟቸዋልና። ሕጉን ቢጠብቁ ግን ባልተፈረደባቸውም ነበር።
cd6dad5a-643e-5329-afe3-50e7061927b7,be69d268-6c2b-54fa-a4ff-2a905683a563,19833183-13c9-58df-afac-ecdcac812765,6,22,ኃጥኣን ግን ካዱት፤ ተዉትም፤ ለራሳቸውም ክፉ አሳብን አሰቡ።
03a77e31-a986-578b-a31d-e1ce7b2c5fe6,be69d268-6c2b-54fa-a4ff-2a905683a563,19833183-13c9-58df-afac-ecdcac812765,7,23,ሽንገላንና ዐመፅን ለራሳቸው ገንዘብ አደረጉ፤ ከዚህም ሁሉ ጋር እግዚአብሔር የለም አሉ፤ መንገዱንም ተዉ።
c334dab1-1e90-5ae0-aa87-1e10e3722cef,be69d268-6c2b-54fa-a4ff-2a905683a563,19833183-13c9-58df-afac-ecdcac812765,8,24,ሕጉንም ካዱ፤ ቃል ኪዳኑንም ቸል አሉ፤ በሥርዐቱም አልታመኑም፤ ሥራውንም ናቁ፤ አምልኮቱንም አላሰቡም።
dab40219-855b-5b43-a812-ae343d1cf8c8,be69d268-6c2b-54fa-a4ff-2a905683a563,19833183-13c9-58df-afac-ecdcac812765,9,25,ስለዚህ የተራቈተው ለተራቈቱት ነው፤ የተሞላውም ለተሞሉት ነው።
7be982cb-2840-5514-ac0e-ffe2a6a4ac1c,be69d268-6c2b-54fa-a4ff-2a905683a563,64b38cf5-857a-55c1-a193-3485c5cce782,1,26,“እኔ የነገርሁህ ምልክት የሚገለጥበት ወራት እነሆ፥ ይመጣልና፥ ዛሬ የምትታይ ከተማ ታልፋለች፤ ዛሬ የተሰወረች ምድርም ትገለጻለች።
d99e0cb1-c525-5096-a749-5a00a3ccb01e,be69d268-6c2b-54fa-a4ff-2a905683a563,64b38cf5-857a-55c1-a193-3485c5cce782,2,27,እኔ ከነገርሁህ ከክፉ ሥራ የዳነ ሁሉ ክብሬን የሚያይ እርሱ ነው።
4683d4bc-687b-56f2-a509-ba61c8148b31,be69d268-6c2b-54fa-a4ff-2a905683a563,64b38cf5-857a-55c1-a193-3485c5cce782,3,28,የእኔ መሲሕ አብረውት ካሉት ጋር ይገለጣልና፥ የሚነሡትንም ደስ ያሰኛቸዋል።
3d33aff6-c170-5eba-aad3-deb001388d70,be69d268-6c2b-54fa-a4ff-2a905683a563,64b38cf5-857a-55c1-a193-3485c5cce782,4,29,ከዚህ በኋላ ልጄ መሲሑ ይፈጽማል፤ አእምሮ ያለውም ሰው ሁሉ ይፈጽማል፤
2a87a94b-74fd-55f6-a445-2a5af4c5437c,be69d268-6c2b-54fa-a4ff-2a905683a563,64b38cf5-857a-55c1-a193-3485c5cce782,5,30,ዓለምም እንደ ቀድሞው ሰባት ቀን ዝም ያለውን ያህል ወደ ቀድሞ አነዋወሩ ይመለሳል፤ የሚቀርም የለም።
3131fcee-1b1d-5f48-a875-e473b019d042,be69d268-6c2b-54fa-a4ff-2a905683a563,64b38cf5-857a-55c1-a193-3485c5cce782,6,31,ከሰባት ቀን በኋላም የነቃበት ጊዜ የሌለ ሰው ይነሣል፤ የመዋቲ ሰው ዓለምም ያልፋል።
772f7754-d82a-545e-a6c7-1afd4791fdc9,be69d268-6c2b-54fa-a4ff-2a905683a563,64b38cf5-857a-55c1-a193-3485c5cce782,7,32,ምድርም የተቀበሩባትን ሰዎች ትመልሳለች፤ መሬትም በውስጡ ያረፉትን ሰዎች ይመልሳል፤ ከዚህም በኋላ አብያተ ነፍስ በውስጣቸው የተቀመጡ ነፍሳትን ይመልሳሉ።
9e989f9e-b466-5c38-a902-6809acba8a67,be69d268-6c2b-54fa-a4ff-2a905683a563,64b38cf5-857a-55c1-a193-3485c5cce782,8,33,ያንጊዜም ልዑል በፈጠረው በዙፋኑ ላይ ይገለጣል፤ ቸርነቱም ትመጣለች፤ ይቅርታውም ትመለሳለች፤ ትዕግሥቱም ትሰበሰባለች።
f52eedcc-b928-5f92-a5f2-578a9acc49cc,be69d268-6c2b-54fa-a4ff-2a905683a563,64b38cf5-857a-55c1-a193-3485c5cce782,9,34,ቍርጥ ፍርድ ብቻ ይቀራል፤ ጽድቅ ትጸናለች፤ ሃይማኖትም ትገለጣለች።
1dc84fbc-ed97-5244-adb6-46a78be0716e,be69d268-6c2b-54fa-a4ff-2a905683a563,64b38cf5-857a-55c1-a193-3485c5cce782,10,35,ሰውን ሥራው ይከተለዋል፤ ዋጋውም ይገለጣል፤ ቅንነቱም ትነቃለች፤ ኀጢአቱም አታንቀላፋም።
97d9cb0d-76b5-539b-ab49-1fb6f3004e04,be69d268-6c2b-54fa-a4ff-2a905683a563,64b38cf5-857a-55c1-a193-3485c5cce782,11,36,የቍርጥ ፍርድ ጕድጓድ በዕረፍት ቦታ አንጻር ይከፈታል። በደስታ ገነትም አንጻር እሳተ ገሃነም ይገለጣል።
82cca84f-d7bb-57a3-a4f9-00372bda5580,be69d268-6c2b-54fa-a4ff-2a905683a563,64b38cf5-857a-55c1-a193-3485c5cce782,12,37,“ያንጊዜም ልዑል ከሙታን የተነሡ አሕዛብን፦ ‘እነሆ እዩ፤ የካዳችሁትም ማን እንደ ሆነ ዕወቁ፤ ያልተገዛችሁ ለማን ነው? የናቃችሁትስ የማንን ትእዛዝ ነው?” ይላቸዋል።
19ab3e61-0913-50cc-a104-210e18ccd8a3,be69d268-6c2b-54fa-a4ff-2a905683a563,64b38cf5-857a-55c1-a193-3485c5cce782,13,38,እነሆ፥ ወደ ፊታችሁ እዩ፤ በወዲህ ደስታና ዕረፍት አለ፤ በወዲያም ፍርድና እሳት አለ።’
6bba5f00-21d1-59fe-afd5-33cc1b48a1c3,be69d268-6c2b-54fa-a4ff-2a905683a563,64b38cf5-857a-55c1-a193-3485c5cce782,14,39,“ልዑል በፍርድ ቀን አሕዛብን እንዲህ ይላቸዋል፦ ‘የፍርድ ቀንስ እንዲህ ናት፤ ፀሐይ፥ ጨረቃም፥ ከዋክብትም የሉአትም።
fb3feb9e-5925-572c-a5ff-3c27cf08256a,be69d268-6c2b-54fa-a4ff-2a905683a563,64b38cf5-857a-55c1-a193-3485c5cce782,15,40,ደመናም፥ መብረቅም፥ ነጐድጓድም፥ ነፋስም፥ ውኃም፥ ሰማይም፥ ጨለማም፥ ሌሊትም፥ መዓልትም የሉአትም፤
8e5b4721-9260-5ef0-a4c6-2dffa2ef94a1,be69d268-6c2b-54fa-a4ff-2a905683a563,64b38cf5-857a-55c1-a193-3485c5cce782,16,41,ክረምት፥ በጋም፥ መከርም፥ ብርድም፥ ሐሩርም፥ ጥቅል ነፋስ፥ በረድ፥ ውርጭ፥ ጉም፥ ዝናም፥ ጠል የለባትም።
403d6e89-793e-5a63-ae09-b2bb42a1cca6,be69d268-6c2b-54fa-a4ff-2a905683a563,64b38cf5-857a-55c1-a193-3485c5cce782,17,42,ማታና ጧት፥ ብርሃንና ብልጭልጭታ፥ ፋናና መብራት፥ ሁሉ ለእርሱ የተጠበቀለትን ያይበት ዘንድ ከእግዚአብሔር ከጌትነቱ ብርሃን ብቻ በቀር ይህ ሁሉ የለም።
bf1f5bde-07b0-5c9c-a813-a49bc254ab5a,be69d268-6c2b-54fa-a4ff-2a905683a563,64b38cf5-857a-55c1-a193-3485c5cce782,18,43,የዚያች ሰዓት ርዝመቷ እንደ ሰባት ዓመት ይሆናል።
9a07497b-1dab-587a-ab5a-6f21e02bbf01,be69d268-6c2b-54fa-a4ff-2a905683a563,64b38cf5-857a-55c1-a193-3485c5cce782,19,44,ፍርዱም፥ ቅጣቱም ይህ ነው’ ይህንም ለአንተ ብቻ ነገርሁ።”
431c8792-4d1a-5b44-af9f-28b2f2aa860a,be69d268-6c2b-54fa-a4ff-2a905683a563,60876c8f-9aa6-53b0-adf6-b18eed226f91,1,45,እኔም እንዲህ አልሁት፥ “አሁንም አቤቱ፥ ትእዛዝህን ጠብቀው የኖሩ ብፁዓን ናቸው።
e06e6209-fefa-5ce4-aede-fafe1e1c6c66,be69d268-6c2b-54fa-a4ff-2a905683a563,60876c8f-9aa6-53b0-adf6-b18eed226f91,2,46,ነገር ግን ስለ ጠየቅሁህ ነገር ከሕያዋን መካከል የማይበድል ማንነው? ከተወለደስ ወገን ሕግህን ያልተወ ማንነው?
f4522ec2-b1ef-5d82-a4e5-e3d14b6d4e91,be69d268-6c2b-54fa-a4ff-2a905683a563,60876c8f-9aa6-53b0-adf6-b18eed226f91,3,47,አሁንም በሚመጣው ዓለም ደስ ታሰኛቸው ዘንድ ያለህ ጻድቃን ጥቂት እንደ ሆኑ፥ የሚፈረድባቸውም ብዙዎች እንደ ሆኑ አያለሁ።
2c21b2f6-e314-59aa-ae1c-f74a8e692592,be69d268-6c2b-54fa-a4ff-2a905683a563,60876c8f-9aa6-53b0-adf6-b18eed226f91,4,48,ከዚህም ያሳተን፥ ወደ ጥፋትም የመራን፥ ወደ ሞት ጎዳናና ወደ ጥፋት መንገድም የወሰደን፥ ከዛሬ ጀምሮ ከእኛ ሕይወትን ያራቃት፥ ክፉ ልቡና በእኛ ጸንትዋልና። ይህም በተወለዱ ሁሉ ላይ ነው እንጂ በጥቂቶች ብቻ አይደለም።”
db793711-349e-5ec9-a8c2-1633bdf02b6b,be69d268-6c2b-54fa-a4ff-2a905683a563,60876c8f-9aa6-53b0-adf6-b18eed226f91,5,49,መልአኩም መለሰልኝ እንዲህም አለኝ፥ “ስማኝ ልንገርህ፤ ዳግመኛም አስተምርሃለሁ።
52fc7e5f-0d71-544b-ae2d-7cb5d1d498cc,be69d268-6c2b-54fa-a4ff-2a905683a563,60876c8f-9aa6-53b0-adf6-b18eed226f91,6,50,ስለዚህ ነገር ልዑል ሁለት ዓለምን እንጂ አንድ ዓለምን ብቻ አልፈጠረም።
74567a74-7bf5-5f58-a798-661c12772123,be69d268-6c2b-54fa-a4ff-2a905683a563,60876c8f-9aa6-53b0-adf6-b18eed226f91,7,51,አንተ ግን የጻድቃን ቍጥራቸው ጥቂት ነው፤ ብዙዎችም አይደሉም፤ የኃጥኣን ግን ቍጥራቸው ብዙ ነው ብለሃልና፥
8ad30440-0002-5861-a746-8c7686e16333,be69d268-6c2b-54fa-a4ff-2a905683a563,60876c8f-9aa6-53b0-adf6-b18eed226f91,8,52,እርሳሱን ከሸክላ ጋር ሥራ።”
84421361-ad48-5e48-a681-619835fb5179,be69d268-6c2b-54fa-a4ff-2a905683a563,60876c8f-9aa6-53b0-adf6-b18eed226f91,9,53,እኔም አልሁት፥ “አቤቱ፥ ይህ እንዴት ይቻለኛል።”
53f16601-b6ac-5169-a356-34d4de423826,be69d268-6c2b-54fa-a4ff-2a905683a563,60876c8f-9aa6-53b0-adf6-b18eed226f91,10,54,እንዲህም አለኝ፥ “ይህን ብቻ አይደለም፥ ነገር ግን ምድርን ጠይቃት፤ ትነግርሃለችም፤ ተናገራት፤ ትመልስልሃለችም።
6ba1dd2d-3af5-5c67-a79c-e7d632657937,be69d268-6c2b-54fa-a4ff-2a905683a563,60876c8f-9aa6-53b0-adf6-b18eed226f91,11,55,እነሆ፥ ወርቁን፥ ብሩንም፥ ናሱንም፥ ብረቱንና እርሳሱን፥ ሸክላውንም አንቺ ታስገኚዋለሽ በላት።
c266f674-a149-5a1a-ad0e-a6febfc3dc7a,be69d268-6c2b-54fa-a4ff-2a905683a563,60876c8f-9aa6-53b0-adf6-b18eed226f91,12,56,ብር ከወርቅ፥ ናስም ከብር፥ ብረትም ከናስ፥ እርሳስም ከብረት፥ ሸክላም ከእርሳስ ይበዛል።
fddb08bb-8176-5dc9-a6c8-0733b38f7894,be69d268-6c2b-54fa-a4ff-2a905683a563,60876c8f-9aa6-53b0-adf6-b18eed226f91,13,57,እንግዲህ አንተ ራስህ ዕወቅ፥ የትኛው ይከብራል? የትኛውስ ይወደዳል? የሚበዛው ነውን? ወይስ የሚያንሰው ነው?”
42e0d82f-96be-5e8f-aabb-d23c5b72c924,be69d268-6c2b-54fa-a4ff-2a905683a563,60876c8f-9aa6-53b0-adf6-b18eed226f91,14,58,እኔም መለስሁለት እንዲህም አልሁት፥ “ጌታዬ ሆይ የሚያንሰው ይወደዳል፤ የሚበዛውም ይረክሳል።”
8fe533be-f59b-5d9c-a958-1e64cb622e8b,be69d268-6c2b-54fa-a4ff-2a905683a563,60876c8f-9aa6-53b0-adf6-b18eed226f91,15,59,እርሱም መለሰልኝ፤ እንዲህም አለኝ፥ “ያሰብኸውን አንተ ራስህ መዝነው፤ ከብዙው ካለው ይልቅ፥ ከጥቂቱ ያለው እጅግ ደስ ይለዋልና ከእኔ ዘንድ የሚገኝ የጻድቃን ደስታቸው እንደዚሁ ነው።
c1187238-6399-524d-aaa3-3739047ea0f6,be69d268-6c2b-54fa-a4ff-2a905683a563,60876c8f-9aa6-53b0-adf6-b18eed226f91,16,60,ስለሚድኑ ስለ ጥቂቶች ደስ ይለኛል፤ ክብሬን ያገኛሉና። ስሜም በእነርሱ ተመስግኖአልና።
6bc0702f-6a70-5b70-a554-656b785bab93,be69d268-6c2b-54fa-a4ff-2a905683a563,60876c8f-9aa6-53b0-adf6-b18eed226f91,17,61,ስለሚጠፉ ስለ ብዙዎች ልቡናዬን አላሳዝነውም። እነርሱ ዛሬ በእሳት ተመስለዋልና፥ እንደ እሳት ነበልባልም ሆነዋልና፥ እንደ ጢስም ነድደውና ተንነው ጠፍተዋልና።”
3bc99036-ffbd-5ee2-a455-2aae1ec3e1a4,be69d268-6c2b-54fa-a4ff-2a905683a563,ce4ecc81-b71b-588d-ae65-e01a114cf1c6,1,62,እኔም መለስሁለት፤ እንዲህም አልሁት፥ “ምድር ሆይ እንዳንቺ ያለ ልዩ ፍጥረት ከመሬትሽ ለምን ተገኘ?
199f2fa5-e0dd-558e-a180-4d35b03da934,be69d268-6c2b-54fa-a4ff-2a905683a563,ce4ecc81-b71b-588d-ae65-e01a114cf1c6,2,63,ነገር ግን ክፉ ልቡና ከሚፈጠርልን ይልቅ ባይፈጠርልን በተሻለን ነበር።
cb514067-17fc-5694-aa13-a3b7ad90da42,be69d268-6c2b-54fa-a4ff-2a905683a563,ce4ecc81-b71b-588d-ae65-e01a114cf1c6,3,64,ክፉ ልብም ከእኛ ጋር ያድጋል፤ ስለ እርሱም ይፈረድብናል፤ ሳናውቀው እንጐዳለንና።
3791900f-87ed-5fea-a0a4-68867adf1ef6,be69d268-6c2b-54fa-a4ff-2a905683a563,ce4ecc81-b71b-588d-ae65-e01a114cf1c6,4,65,የሰው ልጆች ያልቅሱ፤ የምድረ በዳ አውሬዎች ግን ደስ ይበላቸው፤ ከአዳም የተወለዱ ሁሉም ያልቅሱ፤ የእንስሳ መንጋዎችም ደስ ይበላቸው።
8a6c5ed3-d699-5681-a487-e37fcb80bdda,be69d268-6c2b-54fa-a4ff-2a905683a563,ce4ecc81-b71b-588d-ae65-e01a114cf1c6,5,66,የሚጠብቃቸው ቍርጥ ፍርድ ስለሌለ፥ ፍርድንም ገሃነምንም ስለማያውቁት፥ ከሞቱም በኋላ መነሣትን ተስፋ ስለማያደርጉ እነርሱ ከእኛ እጅግ ይሻላሉና።
0ebc9ad4-9b43-5915-ada9-4ef7b3bd2452,be69d268-6c2b-54fa-a4ff-2a905683a563,ce4ecc81-b71b-588d-ae65-e01a114cf1c6,6,67,የምንነሣው ትንሣኤ ምን ይጠቅመናል?
e4fbdc9e-45f4-5d3f-adbd-f76a3925fb0d,be69d268-6c2b-54fa-a4ff-2a905683a563,ce4ecc81-b71b-588d-ae65-e01a114cf1c6,7,68,የተወለድን ሁሉ በኀጢአት ተሰጠምን፤ ዐመፅንም ተሞላን፤ በደላችንም ጸና።
67dd34f4-db2a-5880-a92b-fc0ebf01b25c,be69d268-6c2b-54fa-a4ff-2a905683a563,ce4ecc81-b71b-588d-ae65-e01a114cf1c6,8,69,ከሞትን በኋላ ወደ ፍርድ ባንሄድ በተሻለን ነበር አልሁት።”
5161b2f5-dfec-53f8-aeec-23e407657de5,bc8877f7-ddc1-55de-aad3-a7ff6f332ef5,59c49fc7-6b49-5c86-a403-b4b5af766374,1,1,መልአኩም መለሰልኝ፤ እንዲህም አለኝ፥ “ልዑል ይህን ዓለም፥ አዳምንና ከእርሱ የተወለዱትንም ሁሉ በፈጠራቸው ጊዜ ቍርጥ ፍርድንና ቅጣቱን አስቀድሞ አዘጋጀ።
a231639d-d0fa-5f53-a702-8cb0ff8decd8,bc8877f7-ddc1-55de-aad3-a7ff6f332ef5,59c49fc7-6b49-5c86-a403-b4b5af766374,2,2,አሁንም ከቃልህ የተነሣ አስተውል፤ እንዲህ ብለሃልና፦ ‘ክፉ ልብ ከእኛ ጋር ያድጋል፤
4e4d0005-5973-581d-aab5-beebf0a76014,bc8877f7-ddc1-55de-aad3-a7ff6f332ef5,59c49fc7-6b49-5c86-a403-b4b5af766374,3,3,በምድር የሚኖሩም ስለ እርሱ ይፈረድባቸዋል፥ አእምሮ ሳላቸው ይበድላሉና፥ ሕጉንም በልቡናቸው ተቀብለው ትእዛዙን አልጠበቁምና፥ ሕጉንም ተምረው የተቀበሉትን ሕጉንና ትእዛዙን ትተዋልና።
7a0e6af4-e9f2-5950-a0cf-d245ad8a2e29,bc8877f7-ddc1-55de-aad3-a7ff6f332ef5,59c49fc7-6b49-5c86-a403-b4b5af766374,4,4,እንግዲህ በቍርጥ ፍርድ ቀን ምን ይሉ ዘንድ አላቸው? በኋለኛው ዘመንስ ምን ይናገራሉ?
ec7bc2c2-6195-524f-ac47-c80a48bf1917,bc8877f7-ddc1-55de-aad3-a7ff6f332ef5,59c49fc7-6b49-5c86-a403-b4b5af766374,5,5,ልዑል በዚህ ዓለም የሚኖሩ ሰዎችን ምን ያህል ታገሣቸው? ነገር ግን ስለ ወሰነው ጊዜ ነው እንጂ ስለ እነርሱ አይደለም።”
32ec2966-0042-50bd-aefe-51a890c0d550,bc8877f7-ddc1-55de-aad3-a7ff6f332ef5,8dfc0235-6247-5901-a379-d7ea805b7dcb,1,6,እኔም መለስሁለት እንዲህም አልሁት፥ “በፊትህ ባለሟልነትን ካገኘሁ ይህንም ለባሪያህ ንገረው፤ በሞትን ጊዜ፥ ከእኛ ከእያንዳንዳችንም ነፍሳችን በምትወጣበት ጊዜ ቍርጥ ፍርዱን የሚያደርግበት ጊዜው እስኪደርስ ድረስ ይጠብቁናል? ወይስ ከዛሬ ጀምሮ ይፈረድብናል?”
70ab4331-4049-51fd-a8b6-faf9bde272e8,bc8877f7-ddc1-55de-aad3-a7ff6f332ef5,8dfc0235-6247-5901-a379-d7ea805b7dcb,2,7,እርሱም መለሰልኝ እንዲህም አለኝ፥ “ይህንም እነግርሃለሁ፤ አንተ ግን ከከሓድያን ጋር አትጨመርም፤ ከሚፈረድባቸውም ጋር አትቈጠርም።
f4a7fa83-6939-5bf5-ab7f-70cd537295ab,bc8877f7-ddc1-55de-aad3-a7ff6f332ef5,8dfc0235-6247-5901-a379-d7ea805b7dcb,3,8,በልዑል ዘንድ የተዘጋጀ መዝገብ ለአንተ አለህና፥ ነገር ግን እስከ ኋለኛው ቀን ድረስ አልገልጥልህም።
1bde8655-0318-50ce-a3eb-b7464d6ce82e,bc8877f7-ddc1-55de-aad3-a7ff6f332ef5,8dfc0235-6247-5901-a379-d7ea805b7dcb,4,9,የሞትስ ነገር እንዲህ ነው፤ ከልዑል ዘንድ የትእዛዝ ቃል ከመጣ በኋላ፥ እገሌ ይሙት ባለ ጊዜ ነፍሱ ከሥጋው ትለያለች፤ ዳግመኛም ወደ ሰጣት ትመለሳለች፤ ለልዑል ጌትነትም አስቀድማ ትሰግዳለች።
cfff93c6-145c-530d-ae04-18ba7781f971,bc8877f7-ddc1-55de-aad3-a7ff6f332ef5,8dfc0235-6247-5901-a379-d7ea805b7dcb,5,10,የልዑልን መንገዶች ካልጠበቁ፥ የልዑልን ሕግ ካቃለሉ፥ እርሱንም መፍራትን ካላሰቡ ከከሓድያን ወገን ከሆኑ ግን፥
864f7c60-1194-5b65-ac5b-6707747ab67c,bc8877f7-ddc1-55de-aad3-a7ff6f332ef5,8dfc0235-6247-5901-a379-d7ea805b7dcb,6,11,እነዚያ የኃጥኣን ነፍሳት ይዞራሉ እንጂ ወደ ጻድቃን ማደሪያ አይገቡም፤ ከዚህ በኋላ መከራ ይቀበላሉ፤ ይጨነቃሉ፤ ያዝናሉም፤ ሰባቱንም ሥርዐታት ያሳዩአቸዋል።
b80c86f5-fe0e-54e8-aa7a-be6a457f1fbf,bc8877f7-ddc1-55de-aad3-a7ff6f332ef5,8dfc0235-6247-5901-a379-d7ea805b7dcb,7,12,መጀመሪያዪቱ ሥርዐት ይህች ናት፤ የልዑልን ሕግ ክደዋልና።
995825e2-86b0-543a-afc9-e3d78e4e7c37,bc8877f7-ddc1-55de-aad3-a7ff6f332ef5,8dfc0235-6247-5901-a379-d7ea805b7dcb,8,13,ሁለተኛዪቱም ሥርዐት እንዲህ ናት፤ ከእንግዲህ ወዲህ ዳግመኛ በሕይወት ይኖሩ ዘንድ መመለስ አይቻላቸውምና።
1824021b-4a0f-59aa-aa40-8fc8c9c3e9cd,bc8877f7-ddc1-55de-aad3-a7ff6f332ef5,8dfc0235-6247-5901-a379-d7ea805b7dcb,9,14,ሦስተኛዪቱም ሥርዐት እንዲህ ናት፥ በልዑል ሥርዐት ላመኑ የተዘጋጀላቸውን ዋጋ ያያሉና።
10238c82-6a17-5a6e-a194-c099f097288e,bc8877f7-ddc1-55de-aad3-a7ff6f332ef5,8dfc0235-6247-5901-a379-d7ea805b7dcb,10,15,አራተኛዪቱም ሥርዐት እንዲህ ናት፤ በኋላ ዘመን የሚጠብቃቸውን ፍርድ ያያሉና።
5cbb7fd4-e3a6-52b6-a133-d222904359a8,bc8877f7-ddc1-55de-aad3-a7ff6f332ef5,8dfc0235-6247-5901-a379-d7ea805b7dcb,11,16,አምስተኛዪቱም ሥርዐት እንዲህ ናት፤ መላእክት የጻድቃንን ነፍስ በማደሪያቸው ውስጥ በብዙ ዕረፍት ሲጠብቋቸው ያያሉና።
c8ed0d22-049f-55c4-aaf6-9bf759e0d66b,bc8877f7-ddc1-55de-aad3-a7ff6f332ef5,8dfc0235-6247-5901-a379-d7ea805b7dcb,12,17,“ስድስተኛዪቱም ሥርዐት እንዲህ ናት፤ ከዛሬ ጀምሮ የሚያገኛቸውን መከራ እያዞሩ ያሳዩአቸዋልና።
b53a0f51-f605-5fe3-a14e-cd8cf7999452,bc8877f7-ddc1-55de-aad3-a7ff6f332ef5,8dfc0235-6247-5901-a379-d7ea805b7dcb,13,18,ከነገርሁህ ሥርዐታት ሁሉ የምትበልጥ ሰባተኛዪቱ ሥርዐት እንዲህ ናት፤ በፊቱ ይፈረድባቸው ዘንድ ያላቸው ዛሬ በሕይወታቸው ሳሉ እርሱን የበደሉ በፊታቸው የልዑልን ጌትነት ባዩ ጊዜ በኀሣር ይቀልጣሉና፥ በኀፍረትም ይጐሳቈላሉና፥ በፍርሀትም ይጠወልጋሉና።
ee3399d7-2d15-544f-ac60-af514a7b5f1b,bc8877f7-ddc1-55de-aad3-a7ff6f332ef5,8dfc0235-6247-5901-a379-d7ea805b7dcb,14,19,“የልዑልን ሕግ የጠበቁ ግን ከመዋቲ ሥጋቸው በሚለዩበት ጊዜ ሥርዐታቸው እንዲህ ናት።
5d783181-b50f-5c36-a3c6-d2df44f97aad,bc8877f7-ddc1-55de-aad3-a7ff6f332ef5,8dfc0235-6247-5901-a379-d7ea805b7dcb,15,20,በኖረበት ዘመን ሁሉ ያስተማራቸው የልዑልን ሕግ ይፈጽሙ ዘንድ መከራቸውን ታግሠው ሁልጊዜ በድካም ለእግዚአብሔር ተገዝተውለታልና።
d1199acd-1246-5710-a71a-eb48e5e939e0,bc8877f7-ddc1-55de-aad3-a7ff6f332ef5,8dfc0235-6247-5901-a379-d7ea805b7dcb,16,21,ስለዚህ ነገራቸው እንዲህ ነው።
a757d4df-4e93-5a77-a3a3-c1640a099bbe,bc8877f7-ddc1-55de-aad3-a7ff6f332ef5,8dfc0235-6247-5901-a379-d7ea805b7dcb,17,22,መጀመሪያ የተቀባያቸውን የእግዚአብሔርን ጌትነት በብዙ ደስታ ያያሉ፤ ወደ ሰባቱም ሥርዐታት ይወስዷቸዋል።
72cf25c6-c0aa-56f9-a665-a1a7fab9e796,bc8877f7-ddc1-55de-aad3-a7ff6f332ef5,8dfc0235-6247-5901-a379-d7ea805b7dcb,18,23,መጀመሪያዪቱ ሥርዐት እንዲህ ናት፤ በዛሬው ሕይወታቸው በሞት እንዳያስታቸው በእነርሱ ያለ ክፉ አሳብን ድል ይነሡ ዘንድ በብዙ ድካም ተጋድለዋልና።
04f39c73-da85-57f1-abd1-011606e6f4cb,bc8877f7-ddc1-55de-aad3-a7ff6f332ef5,8dfc0235-6247-5901-a379-d7ea805b7dcb,19,24,ሁለተኛዪቱም ሥርዐት እንዲህ ናት፤ የኃጥኣንን ነፍሳት በሚዞሩበት ያዩአቸዋልና፤ የሚጠብቃቸውንም ፍርድ ያያሉና።
a4b3bd59-3235-586c-ad6a-9db88fc68d71,bc8877f7-ddc1-55de-aad3-a7ff6f332ef5,8dfc0235-6247-5901-a379-d7ea805b7dcb,20,25,ሦስተኛዪቱም ሥርዐት እንዲህ ናት፥ በሕይወት ሳሉ በሃይማኖት የተቀበሉትን ሕጉን እንደ ጠበቁ የፈጠራቸው ምስክር ይሆንላቸዋልና።
c7632f97-4de0-5876-a19d-a3872ee1071e,bc8877f7-ddc1-55de-aad3-a7ff6f332ef5,8dfc0235-6247-5901-a379-d7ea805b7dcb,21,26,አራተኛዪቱም ሥርዐት እንዲህ ናት፥ መላእክት እየጠበቋቸው ብዙ ደስታ ባለባቸው ማደሪያዎቻቸው ከዛሬ ጀምሮ የሚያርፉትን ዕረፍትና የሚቈያቸውን ክብር ያያሉና።
942ea59d-0d7e-5c13-aa1b-8451af5fb5ca,bc8877f7-ddc1-55de-aad3-a7ff6f332ef5,8dfc0235-6247-5901-a379-d7ea805b7dcb,22,27,አምስተኛዪቱም ሥርዐት እንዲህ ናት፤ ዛሬ ያለውን ሞት እንዴት ድል እንደነሡትና ኋላ ያገኙት ዘንድ ያላቸውን እንደ ወረሱ አይተው ደስ ይላቸዋልና፤ ዳግመኛም ድካምን ከተመላ ከዚህ ከጠባቡ የተነሣ እንደታገሡ፥ ያን ሰፊውን ሕይወት እንደሚያገኙ ያያሉ። ሞት በሌለበትም ለዘለዓለም ደስ ይላቸዋል።
c1337733-1ec7-5f95-ae33-0a012c53542f,bc8877f7-ddc1-55de-aad3-a7ff6f332ef5,8dfc0235-6247-5901-a379-d7ea805b7dcb,23,28,ስድስተኛዪቱም ሥርዐት እንዲህ ናት፤ ፊታቸው እንደ ፀሐይ እንደሚያበራ፥ ብርሃናቸውም እንደ ከዋክብት እንደሚያንጸባርቅ ያሳዩአቸው ዘንድ አላቸውና፥ ከእንግዲህ ወዲህም አይሞቱምና።
f00a9f1c-f401-5d4b-a046-4a3f6ed02eb1,bc8877f7-ddc1-55de-aad3-a7ff6f332ef5,8dfc0235-6247-5901-a379-d7ea805b7dcb,24,29,ከሁሉ የምትበልጥ ሰባተኛዪቱም ሥርዐት እንዲህ ናት፤ በእርሱ ዘንድ ይከብሩና ዋጋ ያገኙ ዘንድ ያላቸው በሕይወት ሳሉ የተገዙለትን ፊቱን ያዩ ዘንድ የሚቸኩሉ ስለ ሆነ ሳያፍሩ በብዙ ደስታ ተማምነው በግልጥ ይመካሉና።
daa68a33-9c9d-5a2f-aee8-073891c3ac0a,bc8877f7-ddc1-55de-aad3-a7ff6f332ef5,8dfc0235-6247-5901-a379-d7ea805b7dcb,25,30,“ከዛሬ ጀምሮ ያገኙ ዘንድ ያላቸው የጻድቃን ነፍሳት ሥርዐታቸው ይህ ነው፤ ከሓድያንም መከራ ይቀበሉ ዘንድ የነገርሁህ ሥርዐታቸው፥ መንገዳቸውና ፍርዳቸው ይህ ነው።”
3480205d-4e21-57f7-a323-14cbc1802850,bc8877f7-ddc1-55de-aad3-a7ff6f332ef5,8dfc0235-6247-5901-a379-d7ea805b7dcb,26,31,እኔም መለስሁለት እንዲህም አልሁት፥ “ከሥጋዋ ከተለየች በኋላ ይህን የነገርኸኝን ታይ ዘንድ ለነፍስ ቀን ይሰጣታልን?”
be456640-f735-5fab-a7be-8328f3b9ffe6,bc8877f7-ddc1-55de-aad3-a7ff6f332ef5,8dfc0235-6247-5901-a379-d7ea805b7dcb,27,32,“በእነዚያም በሰባቱ ቀኖች ይህን የነገርሁህን ሥራቸውን ሁሉ ያዩ ዘንድ ለሰባት ቀን ነጻ ናቸው፤ ከዚያም በኋላ ወደ ቦታቸው ይመለሳሉ” አለኝ።
c507a654-cedf-566f-a29d-a385bb0ba62c,bc8877f7-ddc1-55de-aad3-a7ff6f332ef5,8dfc0235-6247-5901-a379-d7ea805b7dcb,28,33,እኔም መለስሁለት እንዲህም አልሁት፥ “አቤቱ ጌታዬ፥ በፊትህ ባለሟልነትን ካገኘሁ ይህንም ለባሪያህ ዳግመኛ ንገረው፤ በፍርድ ቀን ጻድቃን በልዑል ዘንድ ለኃጥኣን መለመን ይችላሉን?
5fddceaf-a65e-54ce-ab72-d7010a34ad37,bc8877f7-ddc1-55de-aad3-a7ff6f332ef5,8dfc0235-6247-5901-a379-d7ea805b7dcb,29,34,አባቶችም ለልጆቻቸው፥ ልጆችም ለአባቶቻቸው፥ ወንድሞችም ለወንድሞቻቸው፥ ዘመዶችም ለዘመዶቻቸው፥ ወዳጆችም ለወዳጆቻቸው መለመን ይችላሉን?”
e57a98f6-533b-551d-a20a-f18219bc8ce4,bc8877f7-ddc1-55de-aad3-a7ff6f332ef5,8dfc0235-6247-5901-a379-d7ea805b7dcb,30,35,እርሱም መለሰልኝ እንዲህም አለኝ፥ “በፊቴ ባለሟልነትን አግኝተሃልና ይህንም እነግርሃለሁ፦ የፍርድ ቀንስ ለአንድ ጊዜ ናት፤ በሁሉም ትእዛዝ ላይ የእውነት ማኅተምን ያሳያቸዋል።
71736388-a448-58b4-aa5f-d9123ed40715,bc8877f7-ddc1-55de-aad3-a7ff6f332ef5,8dfc0235-6247-5901-a379-d7ea805b7dcb,31,36,ዛሬ አባት ልጁን ስለ እርሱ፥ ልጅም አባቱን፥ ጌታም አገልጋዩን፥ ወዳጅም ወዳጁን ስለ እርሱ ታሞ ይተኛ ዘንድ፥ በልቶና ጠጥቶም ደስ ይለው ዘንድ፥ ይፈወስም ዘንድ እንደማይልከው፥
a56174fe-027d-5c8c-ae06-84e8c9a54c87,bc8877f7-ddc1-55de-aad3-a7ff6f332ef5,8dfc0235-6247-5901-a379-d7ea805b7dcb,32,37,እንደዚሁ አንዱ ለሌላው መለመን ፈጽሞ የሚችል ማንም የለም፤ የራሱንም ሸክም በባልንጀራው ላይ የሚመልስ ማንም የለም። ሁሉም ዋጋውን ያገኛልና፥ ሥራውም የየራሱ ነውና።”
f4cb4105-e062-552c-a540-48dc5688bee2,bc8877f7-ddc1-55de-aad3-a7ff6f332ef5,8dfc0235-6247-5901-a379-d7ea805b7dcb,33,38,እኔም መለስሁለት እንዲህም አልሁት፥ “ቀድሞ አብርሃም ስለ ሰዶምና ገሞራ፥ ሙሴም በምድረ በዳ በበደሉ ጊዜ ስለ አባቶቻችን እንደ ለመነ ዛሬ እንዴት አገኘን?
e111ba33-bd9f-56e5-a3fa-24f231c45c74,bc8877f7-ddc1-55de-aad3-a7ff6f332ef5,8dfc0235-6247-5901-a379-d7ea805b7dcb,34,39,ኢያሱ በአካን ዘመን ስለ እስራኤል፥ ሳሙኤልም በሳኦል ዘመን፥
2d6d59fa-00eb-596e-a5c4-741da31e98c2,bc8877f7-ddc1-55de-aad3-a7ff6f332ef5,8dfc0235-6247-5901-a379-d7ea805b7dcb,35,40,ዳዊትም ስለ ቸነፈር፥ ሰሎሞንም ስለ ቤተ መቅደስ፥ ኤልያስም ስለ ዝናምና ስለ ሙታን ይድኑ ዘንድ፥
154e8aa6-4499-5110-ac64-93c8b9830334,bc8877f7-ddc1-55de-aad3-a7ff6f332ef5,8dfc0235-6247-5901-a379-d7ea805b7dcb,36,41,ሕዝቅያስም በሰናክሬም ዘመን ለሕዝቡ፥ ብዙ ሰዎችም ስለ ብዙዎች ለመኑ።
5504c707-7a22-534d-ac01-20f825185be8,bc8877f7-ddc1-55de-aad3-a7ff6f332ef5,8dfc0235-6247-5901-a379-d7ea805b7dcb,37,42,እንግዲህ ዛሬ መዋቲው በሕይወት ሳለ፥ ኀጢአትም በዝታ ሳለች ጻድቃን ስለ ኃጥኣን ከለመኑ ያንጊዜስ እንደዚሁ እንደ ምን አይሆንም?”
cfe0b87f-15a3-50fc-a7bd-a9a629fb0b08,bc8877f7-ddc1-55de-aad3-a7ff6f332ef5,8dfc0235-6247-5901-a379-d7ea805b7dcb,38,43,እርሱም መለሰልኝ፤ እንዲህም አለኝ፥ “የዚህ የዛሬው ዓለም ፍጻሜው ገና አልሆነምና፤ የእግዚአብሔርም ክብር በውስጡ ለዘለዓለም ተገልጦ የሚኖር አይደለምና-። ስለዚህም ጽኑዓን ለድኩማን ለመኑ።
e0c838c9-6397-5745-ad49-e3097a026ee6,bc8877f7-ddc1-55de-aad3-a7ff6f332ef5,8dfc0235-6247-5901-a379-d7ea805b7dcb,39,44,የፍርድ ቀንስ የዚህ ዓለም መጨረሻ ናት፤ መዋቲው ያልፍ ዘንድ፥ የማያልፈውም ይተካ ዘንድ፥ ለሚመጣው ዓለም መጀመሪያ ናት።
1802a90f-84ae-5265-afed-98fadde9d8e3,bc8877f7-ddc1-55de-aad3-a7ff6f332ef5,8dfc0235-6247-5901-a379-d7ea805b7dcb,40,45,ከዚህ በኋላ ድካም ይሻራል፤ ጠብም ይጠፋል፤ ጽድቅም ታብባለች፤ ቅንነት ትጸናለች።
0a021057-a20b-5cf0-a238-504d3361f2a7,bc8877f7-ddc1-55de-aad3-a7ff6f332ef5,8dfc0235-6247-5901-a379-d7ea805b7dcb,41,46,ያንጊዜ በፍርድ ድል የተነሣ ሰውን ይቅር ማለት የሚቻለው የለም፤ ድል የነሣውንም መከራ ሊያጸናበት የሚችል የለም።”
d9ef9862-7a67-5828-a49c-f57c6c01cad1,bc8877f7-ddc1-55de-aad3-a7ff6f332ef5,8dfc0235-6247-5901-a379-d7ea805b7dcb,42,47,እኔም መለስሁለት፤ እንዲህም አልሁት፥ “ቃሌ እንደ ቀደመው ነው፤ አሁንም እንዲህ እላለሁ፦ ምድር አዳምን ባታስገኘው በተሻለ ነበር፤ ከአስገኘችውም እንዳይበድል ባስተማረችው ነበር።
b28dbb1d-8d46-56b7-a541-eed6b98ac506,bc8877f7-ddc1-55de-aad3-a7ff6f332ef5,8dfc0235-6247-5901-a379-d7ea805b7dcb,43,48,ሁላችን የምንኖረው ሕይወት ምን ይጠቅመናል? በኀዘን እንኖራለንና፤ ከሞትንም በኋላ ዳግመኛ ፍርድ ይቈየናልና።
f684a978-c7f9-5d48-a52f-e4b411fa766f,bc8877f7-ddc1-55de-aad3-a7ff6f332ef5,8dfc0235-6247-5901-a379-d7ea805b7dcb,44,49,አዳም ሆይ! ምን አደረግንህ? አንተ ባትበድል ይህች መከራ በእኛ ላይ ባልመጣችብን ነበር።
deaf5b28-586e-5da9-a152-24c17ba2481f,bc8877f7-ddc1-55de-aad3-a7ff6f332ef5,8dfc0235-6247-5901-a379-d7ea805b7dcb,45,50,ተስፋ ያስደረግኸን፥ ሞት የሌለበት የሚመጣው ዓለም ምን ይጠቅመናል? እኛ ግን ሞትን የሚያመጣ ሥራን ሠራን።
a79f755f-1e4b-5719-a9f9-0239fad24919,bc8877f7-ddc1-55de-aad3-a7ff6f332ef5,8dfc0235-6247-5901-a379-d7ea805b7dcb,46,51,የነገሩንን በጎውን ተስፋ አልሠራንም፤ እኛ ግን ክፉ ሥራን ሠራን። ዐመፅንም ተከተልን።
ebde09bb-c981-568d-ae8e-1f26c93d7085,bc8877f7-ddc1-55de-aad3-a7ff6f332ef5,8dfc0235-6247-5901-a379-d7ea805b7dcb,47,52,ኀዘንና ደዌ የሌለባቸውን፥ ለእኛ የተዘጋጁትን ቤቶች አልተከተልንም። እኛ ግን ኀጢአትን ሠራን።
3b39b444-84c8-5fd5-a3dd-90448833eb5f,bc8877f7-ddc1-55de-aad3-a7ff6f332ef5,8dfc0235-6247-5901-a379-d7ea805b7dcb,48,53,ያጸናቸው ዘንድ መከራ የተቀበሉ ጻድቃን የልዑልን ጌትነት ያዩ ዘንድ አላቸውና፤ እኛ ግን በበደላችን ኖርን።
751a1234-3bd3-5bfb-aecf-dfa04dd07463,bc8877f7-ddc1-55de-aad3-a7ff6f332ef5,8dfc0235-6247-5901-a379-d7ea805b7dcb,49,54,ፍሬው የማይጠወልግ ገነት ይገለጣልና፥ በውስጡም የሚገኘው ፍሬ ደስታና ሕይወት ነውና።
a0d94e2e-c9cd-5d19-a294-697b7c76e91e,bc8877f7-ddc1-55de-aad3-a7ff6f332ef5,8dfc0235-6247-5901-a379-d7ea805b7dcb,50,55,እኛ ግን አንገባም፤ የማንመሰገንበትን ሥራ እንሠራለንና።
0aff4580-c2f2-58d2-ab65-f88a7cb8d154,bc8877f7-ddc1-55de-aad3-a7ff6f332ef5,8dfc0235-6247-5901-a379-d7ea805b7dcb,51,56,ትዕግሥትን ያጸኗት ፊታቸው ይበራልና፥ የእኛ ፊት ግን ከጨለማ ይልቅ ይጠቍራል።
a8e863d4-3bd3-50f1-a934-3a8eb4026939,bc8877f7-ddc1-55de-aad3-a7ff6f332ef5,8dfc0235-6247-5901-a379-d7ea805b7dcb,52,57,እነሆ፥ ከሞትን በኋላ በእኛ ላይ ምን እንዳለ ሳናውቅ እንኖራለን።”
a8f6d661-46bd-5c1d-aef4-ed94604c582d,bc8877f7-ddc1-55de-aad3-a7ff6f332ef5,8dfc0235-6247-5901-a379-d7ea805b7dcb,53,58,መልአኩም መለሰልኝ እንዲህም አለኝ፥ “በዚህ ዓለም ለሚጋደል፥ በምድር ለተወለደ ሰው የታሰበለት ይህ ነው።
404732c0-40cd-5e29-af60-173c833b7429,bc8877f7-ddc1-55de-aad3-a7ff6f332ef5,8dfc0235-6247-5901-a379-d7ea805b7dcb,54,59,ድል ያደረገ እኔ ያልሁትን ያገኛል፤ ድል የተነሣ ግን አንተ ያልኸውን ያገኛል።
f4d7cdb2-a100-58bd-aa3f-00f94958e59b,bc8877f7-ddc1-55de-aad3-a7ff6f332ef5,8dfc0235-6247-5901-a379-d7ea805b7dcb,55,60,ትድኑ ዘንድ ሕይወትን ምረጧት ብሎ ሙሴ ለሕዝቡ የነገራቸው መንገድ ይህች ናት። ነገር ግን እርሱን አልተቀበሉትም፤ ከእርሱም በኋላ ነቢያትን የተናገርኋቸው እኔንም አልተቀበሉም።
9ce0a48a-8269-5970-a6e7-923fa06fee28,bc8877f7-ddc1-55de-aad3-a7ff6f332ef5,8dfc0235-6247-5901-a379-d7ea805b7dcb,56,61,በሚያምኑ ሰዎች ደስታ እንዳለ በሚጠፉት ሰዎች ኀዘን የለም።”
8156ddf1-26ac-5bf4-a52c-de2198c9602b,bc8877f7-ddc1-55de-aad3-a7ff6f332ef5,8dfc0235-6247-5901-a379-d7ea805b7dcb,57,62,እኔም መለስሁለት እንዲህም አልሁት፥ “አቤቱ፥ ምንጊዜም እንደ ኢምንት የሆኑትን ይቅር ባላቸው ጊዜ ልዑል ዛሬ ይቅር ባይ እንዲባል ፈጽሜ አውቃለሁ።
a05af353-a3db-55fc-a541-aef66cc72f13,bc8877f7-ddc1-55de-aad3-a7ff6f332ef5,8dfc0235-6247-5901-a379-d7ea805b7dcb,58,63,ይቅር ባይ ነው፤ ወደ ሕጉ የተመለሱትን ይቅር ይላቸዋልና።
899b44c8-2e05-5b4f-acd8-22e5b401ce52,bc8877f7-ddc1-55de-aad3-a7ff6f332ef5,8dfc0235-6247-5901-a379-d7ea805b7dcb,59,64,ታጋሽም ነው፤ የበደሉትን ሰዎች እንደ ልጆች ይታገሣቸዋልና።
8f5c381b-36ab-5f73-a641-0472272579e7,bc8877f7-ddc1-55de-aad3-a7ff6f332ef5,8dfc0235-6247-5901-a379-d7ea805b7dcb,60,65,ለጋስም ነው፤ እንደ ሥራቸው እንደሚገባቸው መጠን ለነገርሁህ ሰዎች ይሰጣቸዋልና።
0d8a51e2-b0a3-5a72-ac2e-b32807701ade,bc8877f7-ddc1-55de-aad3-a7ff6f332ef5,8dfc0235-6247-5901-a379-d7ea805b7dcb,61,66,ምሕረቱም የበዛ ነው፤ ላሉት፥ ለሚታዘዙትም፥ ይመሰገኑ ዘንድ ላላቸውም ቸርነቱን ፈጽሞ ያበዛልና።
8e3dd93d-25e4-5d57-a2f2-25ff75bec36e,bc8877f7-ddc1-55de-aad3-a7ff6f332ef5,8dfc0235-6247-5901-a379-d7ea805b7dcb,62,67,ቸርነቱን ፈጽሞ ካላበዛ ይህ ዓለም ባልኖረ ነበርና፥ በእርሱም ያሉ ባልኖሩ ነበርና።
bffd78b5-687e-5245-a369-48f2610b99ed,bc8877f7-ddc1-55de-aad3-a7ff6f332ef5,8dfc0235-6247-5901-a379-d7ea805b7dcb,63,68,ለጋስም ነው፤ ኃጥኣን ከኀጢአታቸው ይመለሱ ዘንድ ከቸርነቱ ካልሰጣቸው ሰው ሁሉ ባልዳነ ነበርና።
a1fcd011-dcd1-58f1-a1b9-9a086517129c,bc8877f7-ddc1-55de-aad3-a7ff6f332ef5,8dfc0235-6247-5901-a379-d7ea805b7dcb,64,69,ፈራጅም ነው፤ እርሱ የፈጠረውን ፍጥረት ካልጠበቀ የከሓድያን ብዛታቸው ይጠፋልና፤ ከቍጥራቸውም ብዛት አይቀርምና። ያም ባይሆን በጣም ጥቂት ነው።”
5eac73c7-b2fd-5b88-a934-2e05469e2f33,f25c16c8-f42b-53ee-aaa3-8f141ad2b2fb,71dad071-1074-51d9-a031-cc7dd0f0e5eb,1,1,መልአኩም መለሰልኝ እንዲህም አለኝ፥ “ይህንስ ዓለም ልዑል ስለ ብዙዎች ፈጠረው፤ የሚመጣውን ግን ስለ ጥቂቶች ፈጠረው።
47d6f001-0f20-5f98-a640-559802e2c8b0,f25c16c8-f42b-53ee-aaa3-8f141ad2b2fb,71dad071-1074-51d9-a031-cc7dd0f0e5eb,2,2,“ዕዝራ! እነሆ በፊትህ ምሳሌውን እተረጕምልሃለሁ፤ ምድርን ጠይቃት፤ ትነግርሃለችም፤ ከእርሱ ሸክላ የሚገኝበትን መሬት ታስገኛለችና፥ መሬትም ወርቅ ከእርሱ የሚገኝበትን ታስገኛለችና፥ ከወርቅ ይልቅ ሸክላ እጅግ ይበዛል።
feeb7bc8-4920-5806-aaad-3e03d9a21a69,f25c16c8-f42b-53ee-aaa3-8f141ad2b2fb,71dad071-1074-51d9-a031-cc7dd0f0e5eb,3,3,የዚህ ዓለም ሥራም እንዲሁ ነው፤ በውስጡ የተፈጠሩ ብዙ ናቸው፤ የሚድኑ ግን ጥቂቶች ናቸውና።”
a066e49b-a84b-5d34-a601-6830df4187d1,f25c16c8-f42b-53ee-aaa3-8f141ad2b2fb,71dad071-1074-51d9-a031-cc7dd0f0e5eb,4,4,እኔም መለስሁለት እንዲህም አልሁት፥ “ልብ ከጥበብ የተነሣ ደስ ይበላት፤ ጆሮም ነገርን ትጠጣ።
79eeedc1-cf46-5986-a3a0-dcf9e5949f8a,f25c16c8-f42b-53ee-aaa3-8f141ad2b2fb,71dad071-1074-51d9-a031-cc7dd0f0e5eb,5,5,ጆሮ ለመስማት ተሠርትዋልና፥ ልብም ለማወቅ ተፈጥሯልና፥ ሰው ከጥቂት ሕይወት በቀር ሳይሰጠው ባልወደደው ይሄዳል።
bdf6250c-9895-5652-a4a0-48f049a1e488,f25c16c8-f42b-53ee-aaa3-8f141ad2b2fb,71dad071-1074-51d9-a031-cc7dd0f0e5eb,6,6,አቤቱ ለባሪያህ ከፈቀድህለት፥ ዓለም ሰውን በሚችለው ገንዘብ ሙታን ሁሉ መኖርን ይችሉ ዘንድ እንዲያፈራልን እናርስና እንዘራ ዘንድ ልብንና ሕሊናን ብትሰጠን በተሻለን ነበር።
093f387c-a8d3-57eb-a48a-bba2e819f446,f25c16c8-f42b-53ee-aaa3-8f141ad2b2fb,71dad071-1074-51d9-a031-cc7dd0f0e5eb,7,7,የእጆችህ ፍጥረት እኛ አንተ እንደተናገርህ ሁላችን የተካከልን ነንና።
4eb239c1-35b4-53fa-a7a6-1fb57edb6e02,f25c16c8-f42b-53ee-aaa3-8f141ad2b2fb,71dad071-1074-51d9-a031-cc7dd0f0e5eb,8,8,ዛሬ በማኅፀን ትፈጥረዋለህና፥ ሥጋንና ሕዋሳትንም ትቀርጽለታለህና፥ ማስተዋልንም ትሰጠዋለህና፥ በእሳትና በውኃ ትጠብቀዋለህና፥ ያን የፈጠርኸውንም በማኅፀን ዘጠኝ ወር ትሸከመዋለህና፥ ባንተም ቃል ይጠበቃልና።
5b4ac55e-81c5-5a80-ab4e-256cc857e11f,f25c16c8-f42b-53ee-aaa3-8f141ad2b2fb,71dad071-1074-51d9-a031-cc7dd0f0e5eb,9,9,ዳግመኛም እናቱ በወለደችው ጊዜ፥ ከተወለደና ከተፈጠረ በኋላ፥ የሚጠባበትን ወራት እስኪጨርስ ድረስ ይህ ባሪያህ ሕፃኑ ያድግ ዘንድ፥
126e1687-064a-5903-a2e2-0c3a1f02978b,f25c16c8-f42b-53ee-aaa3-8f141ad2b2fb,71dad071-1074-51d9-a031-cc7dd0f0e5eb,10,10,ከሰውነትዋ በላይ ካሉ ከጡቶችዋም የጡት ፍሬ ወተት ይፈስለት ዘንድ ታዝለታለህ፥
9388f7cb-08c5-59d5-a5cf-95f94096ea13,f25c16c8-f42b-53ee-aaa3-8f141ad2b2fb,71dad071-1074-51d9-a031-cc7dd0f0e5eb,11,11,ይህ ባሪያህ እስከ ጊዜው ድረስ ያድግ ዘንድ በቸርነትህ ታሳድገዋለህ።
3d683bdf-7241-57f9-a4c3-69e04a3467a8,f25c16c8-f42b-53ee-aaa3-8f141ad2b2fb,71dad071-1074-51d9-a031-cc7dd0f0e5eb,12,12,በቸርነትህም ትመግበዋለህ፤ ሕግህንም ታስተምረዋለህ፤ በጥበብህም ትገሥጸዋለህ።
f0e9831e-07b5-5e7b-a20d-e91dadd2330d,f25c16c8-f42b-53ee-aaa3-8f141ad2b2fb,71dad071-1074-51d9-a031-cc7dd0f0e5eb,13,13,ከዚህ በኋላ የፈጠርኸውንና ሕያው ያደረግኸውን ያን ባሪያህን ትገድለዋለህ።
125c0f3c-9ab8-5b16-a1af-045b12e5891f,f25c16c8-f42b-53ee-aaa3-8f141ad2b2fb,71dad071-1074-51d9-a031-cc7dd0f0e5eb,14,14,ፈጥረህ ይህን ያህል ዘመን ያኖርኸውን ያን ባሪያህን የምታጠፋው ከሆነ እንግዲያ ለምን ፈጠርኸው?
57fddd26-3a07-5a8a-a32a-7aa21a074d4e,f25c16c8-f42b-53ee-aaa3-8f141ad2b2fb,71dad071-1074-51d9-a031-cc7dd0f0e5eb,15,15,አሁንም ነገርህ እውነት ነው፤ ስለ ሁሉም አንተ ታውቃለህ፤ ነገር ግን እናገር ዘንድ እኔን ያተጋኝ አይደለም።
458b8d6e-4072-5c81-a2a7-a0f4e81a85df,f25c16c8-f42b-53ee-aaa3-8f141ad2b2fb,71dad071-1074-51d9-a031-cc7dd0f0e5eb,16,16,ይህን የማዝን ስለ ወገኖችህና ስለ ርስትህ ነው እንጂ።
8bc9c7d6-cdc0-5e4b-a318-b6b2cbbafac2,f25c16c8-f42b-53ee-aaa3-8f141ad2b2fb,71dad071-1074-51d9-a031-cc7dd0f0e5eb,17,17,ይህንም በፊትህ እማልድ ዘንድ የጀመርሁት ስለ እኔም፥ ስለ እነዚያም ነው። የሚመጣውን ዓለም ሕጉን እየሰማን የምንኖር የእኛን መሰነካከል አያለሁና።
acf09124-7c58-52c4-a0b9-fccc8bf8c01b,f25c16c8-f42b-53ee-aaa3-8f141ad2b2fb,71dad071-1074-51d9-a031-cc7dd0f0e5eb,18,18,ስለዚህም ቃሌን ስማ፤ በፊትህ የምናገረውንም ልመናዬን አድምጥልኝ።”
7eda3cbb-7216-5fe7-a923-12282e962277,f25c16c8-f42b-53ee-aaa3-8f141ad2b2fb,d73195bc-0249-58b7-ab83-18a54a39f3ff,1,19,ሳይወስዱት የዕዝራ የጸሎቱ ቃል መጀመሪያ ይህ ነው።
70c1e3c5-943f-5128-a79c-28c755eb0705,f25c16c8-f42b-53ee-aaa3-8f141ad2b2fb,d73195bc-0249-58b7-ab83-18a54a39f3ff,2,20,“ለዘለዓለሙ የምትኖር አቤቱ፥ በልዑል አርያም ሁነህ የምታይ፥ በሰማይ ያለህ፥
a3f084fd-ac9e-5d63-adb6-76e5b6e187dd,f25c16c8-f42b-53ee-aaa3-8f141ad2b2fb,d73195bc-0249-58b7-ab83-18a54a39f3ff,3,21,ሥልጣንህ የማይሸነፍ፥ መንግሥትህ የማያልፍ፥ ሠራዊተ መላእክት በፍርሀት የሚቆሙልህ፥
aa207059-7117-51f1-a3e3-79ab5d2e55b6,f25c16c8-f42b-53ee-aaa3-8f141ad2b2fb,d73195bc-0249-58b7-ab83-18a54a39f3ff,4,22,ነፋስና እሳት በትእዛዝህ የተፈጠሩ፥ ቃልህ ጽኑ የሆነ፥ የተናገርኸውም ጸንቶ የሚኖር፥
ff2d6452-386c-5e45-a40a-8f3f3651c23a,f25c16c8-f42b-53ee-aaa3-8f141ad2b2fb,d73195bc-0249-58b7-ab83-18a54a39f3ff,5,23,ሥርዐትህ ጽኑ የሆነ፥ ትእዛዝህም የሚያስፈራ፥ ትእዛዝህም ጥልቆችን የሚያደርቅ፥ ቍጣህም ተራራዎችን የሚያቀልጥ፤ ሕግህም እውነት የሆነ፥
a2f38efe-a0a6-5688-a7db-20fd10e733e9,f25c16c8-f42b-53ee-aaa3-8f141ad2b2fb,d73195bc-0249-58b7-ab83-18a54a39f3ff,6,24,አቤቱ፥ የባሪያህን ቃል ስማ፤ የባሪያህን ልመና አድምጥ፤ ነገሬንም አድምጥ።
beaccda2-b217-59ad-a0ec-3efac587e2d5,f25c16c8-f42b-53ee-aaa3-8f141ad2b2fb,d73195bc-0249-58b7-ab83-18a54a39f3ff,7,25,እኔ በሕይወት ሳለሁ እነግርሃለሁ፤ ልቡናዬም እንዳሰበ መጠን እነግርሃለሁ፤ እመልስልሃለሁም።
7c840448-76ae-5842-aae6-507796ab81a1,f25c16c8-f42b-53ee-aaa3-8f141ad2b2fb,d73195bc-0249-58b7-ab83-18a54a39f3ff,8,26,የወገኖችህን በደል አትመልከት፤ ለአንተ የተገዙልህን ጽድቃቸውን ተመልከት እንጂ።
cd267f92-7817-544d-adaa-69c81bfa5586,f25c16c8-f42b-53ee-aaa3-8f141ad2b2fb,d73195bc-0249-58b7-ab83-18a54a39f3ff,9,27,የኃጥኣንን ሥራቸውን አትመልከት፤ በመከራቸው ሥርዐትን የጠበቁትን ተመልከት እንጂ።
4fdcdd6d-965f-597d-a4e3-f247d1b8f00d,f25c16c8-f42b-53ee-aaa3-8f141ad2b2fb,d73195bc-0249-58b7-ab83-18a54a39f3ff,10,28,በፊትህ ክፉ ሥራን ስለሠሩ አትቈጣ፤ በፍጹም ልባቸው በሕግህ የታመኑትን አስብ እንጂ።
1a5607a5-d45f-5ad0-a186-21b0e0961743,f25c16c8-f42b-53ee-aaa3-8f141ad2b2fb,d73195bc-0249-58b7-ab83-18a54a39f3ff,11,29,በሥራቸው እንደ እንስሳ የሆኑ ሰዎችን ጥፋት አትውደድ። ሥርዐትህን በብሩህ ልቡና ያጸኗትን አስባቸው፤ ተመልከታቸውም እንጂ።
330a750f-5bbd-5a1b-a13b-a274598cab88,f25c16c8-f42b-53ee-aaa3-8f141ad2b2fb,d73195bc-0249-58b7-ab83-18a54a39f3ff,12,30,ከአራዊት የከፉ ሰዎችን አትቈጣቸው። በጌትነትህ መታመን ያዘወተሩትን ውደዳቸው እንጂ።
bf15b0f8-4420-5368-aa18-a85a4eb37fd8,f25c16c8-f42b-53ee-aaa3-8f141ad2b2fb,d73195bc-0249-58b7-ab83-18a54a39f3ff,13,31,ነገር ግን እኛና ከእኛ አስቀድሞ የነበሩ ሞትን የሚያመጣ ሥራን ሠራን።
f908a696-e737-55b5-ace3-47702bcb3080,f25c16c8-f42b-53ee-aaa3-8f141ad2b2fb,d73195bc-0249-58b7-ab83-18a54a39f3ff,14,32,አንተ ግን ስለ እኛ፥ ስለ በደሉ ሰዎችም ይቅር ባይ ሁን፤ በጎ ሥራ የሌለን እኛን ይቅር ብትለን ያንጊዜ ይቅር ባይ ትባላላህና።
84bdf6da-e99f-5385-a3c4-0c1055fa41eb,f25c16c8-f42b-53ee-aaa3-8f141ad2b2fb,d73195bc-0249-58b7-ab83-18a54a39f3ff,15,33,በአንተ የተዘጋጀ በጎ ሥራ ያላቸው ጻድቃንን ግን በሥራቸው ይቅር ትላቸዋለህ።
a18b8499-db00-5b19-a2ec-110af95c0159,f25c16c8-f42b-53ee-aaa3-8f141ad2b2fb,d73195bc-0249-58b7-ab83-18a54a39f3ff,16,34,ትቈጣው ዘንድ ሰው ምንድን ነው? ስለ እርሱስ ታዝን ዘንድ የመዋቲ ወገን ምንድን ነው?
a949d687-7ea9-5b73-a0ed-c2ff98b43382,f25c16c8-f42b-53ee-aaa3-8f141ad2b2fb,d73195bc-0249-58b7-ab83-18a54a39f3ff,17,35,አሁንም ከተወለደው ወገን የማይበድል እንደሌለ እውነት እናገራለሁ።
fcaafe8f-c99c-5da6-a6fc-a03a04663511,f25c16c8-f42b-53ee-aaa3-8f141ad2b2fb,d73195bc-0249-58b7-ab83-18a54a39f3ff,18,36,ነገር ግን ጌታ ሆይ፥ ስለዚህ በጎ ሥራ የሌላቸውን ይቅር ብትላቸው ቸርነትህ ፈጽሞ ይታወቃል።”
23e19a6e-ab0f-5ee6-a401-08f4c04946d5,f25c16c8-f42b-53ee-aaa3-8f141ad2b2fb,d73195bc-0249-58b7-ab83-18a54a39f3ff,19,37,እርሱም መለሰልኝ እንዲህም አለኝ፥ “በእኔ ዘንድ እውነትን ተናገርህ፤ አንተ እንደ ተናገርኸው እንዲሁ ነው።
ddf28166-e3df-551f-ad82-11374c0be9a2,f25c16c8-f42b-53ee-aaa3-8f141ad2b2fb,d73195bc-0249-58b7-ab83-18a54a39f3ff,20,38,ለሚበድሉ ሰዎች ሞትን፥ ፍርድንም፥ ጥፋትንም በእውነት አልወድላቸውም።
105d8b66-e0dd-5bc8-a24f-38638f647c8d,f25c16c8-f42b-53ee-aaa3-8f141ad2b2fb,d73195bc-0249-58b7-ab83-18a54a39f3ff,21,39,ነገር ግን ስለ ጻድቃን ደስ ይለኛል፤ የሚድኑ ዋጋቸውን ያገኛሉና።
04b52fd0-7618-54c7-ab4b-0d1df4f4165c,f25c16c8-f42b-53ee-aaa3-8f141ad2b2fb,d73195bc-0249-58b7-ab83-18a54a39f3ff,22,40,እንደ ተናገርኸውም እንዲሁ ይሆናል።
8af84e33-1583-52a6-a99d-1c2dd5d08e8c,f25c16c8-f42b-53ee-aaa3-8f141ad2b2fb,d73195bc-0249-58b7-ab83-18a54a39f3ff,23,41,ገበሬ ብዙ ዘር እንደሚዘራ፥ ብዙ ተክልንም እንደሚተክል፥ ጊዜውም ቢሆን ዘሩ ሁሉ የሚበቅል እንደ አይደለ፥ ተክሉም ሁሉ ሥር የሚሰድድ እንደ አይደለ፥ በዚህ ዓለም ያሉ ሰዎችም እንዲሁ ናቸው፤ ሁሉም የሚድኑ አይደሉም።”
48acbcf3-7daa-5809-af29-e6ba36b0c7e0,f25c16c8-f42b-53ee-aaa3-8f141ad2b2fb,d73195bc-0249-58b7-ab83-18a54a39f3ff,24,42,እኔም መለስሁለት፤ እንዲህም አልሁት፥ “በፊትህ ባለሟልነትንስ ካገኘሁ ልናገር።
08fbe3ff-1bc6-53ed-ad7d-528fdf4531a8,f25c16c8-f42b-53ee-aaa3-8f141ad2b2fb,d73195bc-0249-58b7-ab83-18a54a39f3ff,25,43,የገበሬ ዘርስ ባይበቅል ምናልባት ዝናም ባያገኝ ይሆናል፤ ስለዚህም ይጠፋል።
cf333546-ebbd-551a-a438-088c951d9651,f25c16c8-f42b-53ee-aaa3-8f141ad2b2fb,d73195bc-0249-58b7-ab83-18a54a39f3ff,26,44,ነገር ግን በእጅህ የፈጠርኸው፥ በአምሳልህም የመሰልኸው ሰው አምሳልህ ነውና፥ ስለ እርሱም ሁሉን ፈጥረሃልና፥ እንግዲህ እንደ ገበሬ ዘር ለምን ታደርገዋለህ?
f84b006a-cab2-54fe-a4e4-c31570eb8682,f25c16c8-f42b-53ee-aaa3-8f141ad2b2fb,d73195bc-0249-58b7-ab83-18a54a39f3ff,27,45,አቤቱ አገባብህም አይደለም፤ ለወገኖችህ ራራ፤ ርስትህንም ይቅር በል እንጂ፤ ፍጥረትህን ይቅር ትለዋለህና።”
31573df3-9038-538f-a25e-9752ec9e0830,f25c16c8-f42b-53ee-aaa3-8f141ad2b2fb,d73195bc-0249-58b7-ab83-18a54a39f3ff,28,46,እርሱም መለሰልኝ፤ እንዲህም አለኝ፥ “በዚህ ዓለም ያለው በዚህ ዓለም ላሉት ምሳሌያቸው ነው፤ የወዲያው ዓለም ግን በወዲያው ዓለም ለሚኖሩ ምሳሌያቸው ነው።
63a13f68-bf89-5372-a2b4-eef6941e701c,f25c16c8-f42b-53ee-aaa3-8f141ad2b2fb,d73195bc-0249-58b7-ab83-18a54a39f3ff,29,47,ነገር ግን ዕውቀት ያነሰህ አንተ ከእኔ ይልቅ ፍጥረቴን ፈጽመህ ትወድድ ዘንድ፥ ይልቁንም አንተ ኃጥእ ሳትሆን በብዙ ወገን ኃጥእን ትመስላለህ።
ebaf4fc1-0bff-5825-affe-14c3bcb10a3e,f25c16c8-f42b-53ee-aaa3-8f141ad2b2fb,d73195bc-0249-58b7-ab83-18a54a39f3ff,30,48,ነገር ግን ስለዚህ በልዑል ዘንድ ትመሰገናለህ፤
2de63fcc-a62e-5fc7-adef-2315bfb7b350,f25c16c8-f42b-53ee-aaa3-8f141ad2b2fb,d73195bc-0249-58b7-ab83-18a54a39f3ff,31,49,ራስህን አዋርደሃልና፥ ፈጽመህም ትመሰገን ዘንድ እንደሚገባህ ራስህን እንደ ጻድቃን አላደረግህምና።
61d7b733-38aa-59cf-a892-ac6d0ff564be,f25c16c8-f42b-53ee-aaa3-8f141ad2b2fb,d73195bc-0249-58b7-ab83-18a54a39f3ff,32,50,አሁንም በዚህ ዓለም የሚኖሩ ጐስቋሎች በኋላ ዘመን ብዙ መከራን ይቀበላሉ። በብዙ ትዕቢት ኖረዋልና።
732e8932-664e-5ee1-ad59-8166653ed04d,f25c16c8-f42b-53ee-aaa3-8f141ad2b2fb,d73195bc-0249-58b7-ab83-18a54a39f3ff,33,51,አንተ ግን ለራስህ ዕወቅ፤ እንደ አንተ ያሉትንም ክብር መርምር፤
79d1141d-05ed-5a16-a486-d4ebfa28a263,f25c16c8-f42b-53ee-aaa3-8f141ad2b2fb,d73195bc-0249-58b7-ab83-18a54a39f3ff,34,52,ገነት ለእናንተ ተከፍታለችና፥ ዕፀ ሕይወትም ተተክሏልና፥ የሚመጣውም ዓለም ተዘጋጅቶ ተሠርትዋልና፥ ደስታም ተሠርታለችና፥ ዕረፍትም ተነጥፋለችና፥ በጎ በረከትም ጸንታለችና፥ የጥበብ ሥርዋ ተገኝትዋልና።
b55139e4-295c-5aa3-a315-ef8692efb7cf,f25c16c8-f42b-53ee-aaa3-8f141ad2b2fb,d73195bc-0249-58b7-ab83-18a54a39f3ff,35,53,እንግዲህ ወዲህ ደዌ አበቃ፤ ሞትም ጠፋ፤ መቃብርም ተሰወረች፤ ሙስናም ጠፋ።
b8ca2926-1132-524b-a54d-bf1b3082dd4a,f25c16c8-f42b-53ee-aaa3-8f141ad2b2fb,d73195bc-0249-58b7-ab83-18a54a39f3ff,36,54,መከራም ተዘነጋ፤ የሕይወት መዝገብም ተገለጠ።
98410592-9fd7-534f-a6e3-abc50530101f,f25c16c8-f42b-53ee-aaa3-8f141ad2b2fb,d73195bc-0249-58b7-ab83-18a54a39f3ff,37,55,እንግዲህ ወዲህ ስለሚጠፉት ሰዎች ብዛት መመራመርን አትድገም።
337f012a-19e0-5857-aa08-7c943b6a9213,f25c16c8-f42b-53ee-aaa3-8f141ad2b2fb,d73195bc-0249-58b7-ab83-18a54a39f3ff,38,56,እነርሱ ነጻነትን አግኝተው ልዑልን ንቀውታልና፥ ሕጉንም አቃልለዋልና፥ ሥርዐቱንም ትተዋልና።
d01bc88a-20e7-5032-a375-26bf98836234,f25c16c8-f42b-53ee-aaa3-8f141ad2b2fb,d73195bc-0249-58b7-ab83-18a54a39f3ff,39,57,ጻድቃኑንም ረግጠዋቸዋልና።
cd2686a8-8d6c-50fc-ad1e-205b9eba4b67,f25c16c8-f42b-53ee-aaa3-8f141ad2b2fb,d73195bc-0249-58b7-ab83-18a54a39f3ff,40,58,እንደሚሞቱም እያወቁ በልቡናቸው እግዚአብሔርን አንፈልገውም ብለዋልና።
125de1a7-367a-5db8-aef7-4b1df1d64186,f25c16c8-f42b-53ee-aaa3-8f141ad2b2fb,d73195bc-0249-58b7-ab83-18a54a39f3ff,41,59,ስለዚህም ይህ በጎው ለእናንተ እንደ ሆነ እንዲሁም ይህ ጥፋት ለእነርሱ ነው።
0ef2111a-d2f4-5ec8-a167-1e2e13e48614,f25c16c8-f42b-53ee-aaa3-8f141ad2b2fb,d73195bc-0249-58b7-ab83-18a54a39f3ff,42,60,እነርሱ ከተፈጠሩ በኋላ የፈጣሪያቸውን ስም አሳድፈውታልና፥ ያዘጋጀላቸውን እግዚአብሔርንም አላመሰገኑትምና።
73c41367-da01-51d5-a475-2ea6c91c4a62,f25c16c8-f42b-53ee-aaa3-8f141ad2b2fb,d73195bc-0249-58b7-ab83-18a54a39f3ff,43,61,አሁንም ፍርዳቸው ይደርስባቸዋል።
a67cb9fb-3b19-549a-a9eb-aa7f5137b307,f25c16c8-f42b-53ee-aaa3-8f141ad2b2fb,d73195bc-0249-58b7-ab83-18a54a39f3ff,44,62,ለአንተና እንደ አንተ ለአሉ ለጥቂቶች እንጂ ይህን ለብዙዎች አልተናገርሁም።”
4ba3e843-30aa-5c4b-a480-21c0170786d1,f25c16c8-f42b-53ee-aaa3-8f141ad2b2fb,d73195bc-0249-58b7-ab83-18a54a39f3ff,45,63,እኔም መለስሁለት፤ እንዲህም አልሁት፥ “አቤቱ! እነሆ፥ እስካሁን ድረስ በኋላ ዘመን ታደርገው ዘንድ ያለህን ብዙ ምልክት ነገርኸኝ፤ ነገር ግን ጊዜው መቼ እንደ ሆነ አልነገርኸኝም።”
579b0449-3938-592c-ab29-931eea1224c7,87d207cf-4911-5ab9-a9d9-a72fe48bf02d,4e4999f1-8153-5091-a728-87d52fa9b823,1,1,መልአኩም መለሰልኝ እንዲህም አለኝ፥ “አንተ ራስህ ገምግመው፤ እኔ ከነገርሁህ ምልክት ያለፈ ብታይ፥
8405c9b1-f57a-5b6e-a98e-3fba26a505c2,87d207cf-4911-5ab9-a9d9-a72fe48bf02d,4e4999f1-8153-5091-a728-87d52fa9b823,2,2,ልዑል የፈጠረውን ዓለም ይጐበኝበት ዘንድ ያለው ጊዜ እንደ ደረሰ ያንጊዜ ዕወቅ።
8dd60d93-e597-5403-a4fe-f7c03ba63470,87d207cf-4911-5ab9-a9d9-a72fe48bf02d,4e4999f1-8153-5091-a728-87d52fa9b823,3,3,በዓለም በየሀገሩ ሽብር በሆነ ጊዜ፥ አሕዛብም በታወኩ ጊዜ፥ ሕዝቡም በተሸበሩ ጊዜ፥ አለቆችም በተዋጉ ጊዜ፥ መሳፍንቱም በደነገጡ ጊዜ፥
ece6ec0d-b531-57d1-a8f9-839e32a69c7a,87d207cf-4911-5ab9-a9d9-a72fe48bf02d,4e4999f1-8153-5091-a728-87d52fa9b823,4,4,ስለዚህ ልዑል ከጊዜው አስቀድሞ እንደ ተናገረ ያንጊዜ ዕወቅ።
e41dc195-4df3-5f56-a4b6-5e4e27b650d3,87d207cf-4911-5ab9-a9d9-a72fe48bf02d,4e4999f1-8153-5091-a728-87d52fa9b823,5,5,በዓለም የሆነው ሁሉ አስቀድሞ በቃል፥ ኋላም በመገለጥ እንደ ሆነ፥
87917ea7-e340-5b68-ac57-26aa3790f023,87d207cf-4911-5ab9-a9d9-a72fe48bf02d,4e4999f1-8153-5091-a728-87d52fa9b823,6,6,እንዲሁም የልዑል ዓለም መጀመሪያ በቃል፥ በተአምርና በኀይል፥ ኋላ ግን በሥራና በድንቅ ነው።
6e2ec461-abad-584d-a9c2-c34ec5a6909b,87d207cf-4911-5ab9-a9d9-a72fe48bf02d,4e4999f1-8153-5091-a728-87d52fa9b823,7,7,በምግባሩና በአመነበት ሃይማኖቱ የዳነና ማምለጥ የቻለ፥
05c6ae69-c38f-5729-a100-9a8d1356aee8,87d207cf-4911-5ab9-a9d9-a72fe48bf02d,4e4999f1-8153-5091-a728-87d52fa9b823,8,8,ከነገርሁህ ሥቃይ የሚድን እርሱ ብቻ ነው፤ ከዚህ ዓለም ለእኔ በለየኋት በምድሬና በድንበሬም ሕይወትን ያያል።
dcc50645-d0a6-51c1-ab68-1fcf9a21bcc4,87d207cf-4911-5ab9-a9d9-a72fe48bf02d,4e4999f1-8153-5091-a728-87d52fa9b823,9,9,ዛሬ ትእዛዜን ቸል ያሉ ያንጊዜ መከራን ይቀበላሉ፤ እኔን መፍራትን የተዉና የናቁኝም በገሃነም ውስጥ ይጨነቃሉ።
d5e46e80-c8f7-5272-a452-d1f3d81f421e,87d207cf-4911-5ab9-a9d9-a72fe48bf02d,4e4999f1-8153-5091-a728-87d52fa9b823,10,10,እኔ እየረዳኋቸው በሕይወታቸው ሳሉ የማያውቁኝም ሁሉ፥
e0dbdf65-71b8-54a8-a083-d0cb70478a50,87d207cf-4911-5ab9-a9d9-a72fe48bf02d,4e4999f1-8153-5091-a728-87d52fa9b823,11,11,እነርሱ ነጻ ሳሉ በሕጌ ላይ የታበዩም ሁሉ፥
a701dd47-bb6c-543a-ac93-672ae6c758bc,87d207cf-4911-5ab9-a9d9-a72fe48bf02d,4e4999f1-8153-5091-a728-87d52fa9b823,12,12,የትዕግሥቴም ቦታ ክፍት ሆኖላቸው ሳለ ልብ ያላደረጉኝ፥ የናቁኝም ሁሉ፥ ከሞቱ በኋላ ያውቁኝ ዘንድ አላቸው።
837a8c09-4a76-5ba6-aaf1-4d2ef0ee4158,87d207cf-4911-5ab9-a9d9-a72fe48bf02d,4e4999f1-8153-5091-a728-87d52fa9b823,13,13,አንተ ግን ኃጥኣን እንዴት እንደሚፈረድባቸው አትመርምር፤ ጻድቃን በዓለማቸው እንዴት እንደሚድኑ መርምር እንጂ፤ የሚመጣው ዓለም ስለ እነርሱ ነውና።”
3b1b520c-1be2-587d-a517-2898edd62a49,87d207cf-4911-5ab9-a9d9-a72fe48bf02d,4e4999f1-8153-5091-a728-87d52fa9b823,14,14,እኔም መለስሁለት፤ እንዲህም አልሁት፦
c75122da-1bfa-5eaa-a7ff-ad010d58e506,87d207cf-4911-5ab9-a9d9-a72fe48bf02d,4e4999f1-8153-5091-a728-87d52fa9b823,15,15,“ዝናም ከካፊያ እንደሚበዛ ከሚድኑት ኋለኞች ይልቅ የሚጠፉት እንደሚበዙ ቀድሞ ተናገርሁ፤ ዛሬም እናገራለሁ።”
0f93da73-0bbe-5939-ab05-32400dd29420,87d207cf-4911-5ab9-a9d9-a72fe48bf02d,4e4999f1-8153-5091-a728-87d52fa9b823,16,16,እርሱም መለሰልኝ፤ እንዲህም አለኝ፥ “ዘሩ በእርሻው መጠን እንደ ሆነ ፍርዱም እንደ ሥራው ነው፤ አጫጁም በአራሹ መጠን ነው።
0e948735-a8e6-536b-a347-974b68ded175,87d207cf-4911-5ab9-a9d9-a72fe48bf02d,4e4999f1-8153-5091-a728-87d52fa9b823,17,17,ዛሬ በውስጡ የሚኖሩበት ዓለማቸው ሳይፈጠር ያዘጋጀሁት ዓለም በጊዜው ነውና።
85995402-be16-533f-abe6-74af495f3e04,87d207cf-4911-5ab9-a9d9-a72fe48bf02d,4e4999f1-8153-5091-a728-87d52fa9b823,18,18,ያንጊዜም የተከራከረኝ የለም፤ ማንም የነበረ የለምና።
08bf91a0-27d6-5941-a19e-a257039bf5fd,87d207cf-4911-5ab9-a9d9-a72fe48bf02d,4e4999f1-8153-5091-a728-87d52fa9b823,19,19,አሁንም በምግብና ፍለጋ በሌለው በዘለዓለማዊ ሕግ በተዘጋጀው ዓለም ከተፈጠሩ በኋላ በሥራቸው ሞት ነበር።
53746b67-dd72-5223-a6ef-489286f5cc52,87d207cf-4911-5ab9-a9d9-a72fe48bf02d,4e4999f1-8153-5091-a728-87d52fa9b823,20,20,ዓለሙንም ባየሁት ጊዜ እነሆ፥ እነርሱ ጠፉ። በምድር በተዘራው ሥራቸውም እነሆ፥ ዓለም ይጨነቃል።
762daa18-0290-5395-ac62-0cde4cf91995,87d207cf-4911-5ab9-a9d9-a72fe48bf02d,4e4999f1-8153-5091-a728-87d52fa9b823,21,21,ሄጄም ለጥቂቶቹ ራራሁላቸው፤ ከዘለላውም ውስጥ ፍሬዎችን ለእኔ አስቀረሁ። ከብዙ ዛፍም አንድ ተክል መረጥሁ።
acf97948-7d97-59ae-a8f2-587a133d0d2d,87d207cf-4911-5ab9-a9d9-a72fe48bf02d,4e4999f1-8153-5091-a728-87d52fa9b823,22,22,በከንቱ የተወለዱ ብዛታቸው ይጠፋል፤ በብዙ ሥራ የጸናች ፍሬዬም፥ ተክሌም ትጠበቃለች።
2f6dc1dd-2fbd-594c-ae54-83bc8fcb63a2,87d207cf-4911-5ab9-a9d9-a72fe48bf02d,4e4999f1-8153-5091-a728-87d52fa9b823,23,23,አንተ ግን ዳግመኛ ሰባት ቀን ብትጾምና ብትጸልይ፥
8d7e1ec8-077e-579d-a56c-e55cee3394ee,87d207cf-4911-5ab9-a9d9-a72fe48bf02d,4e4999f1-8153-5091-a728-87d52fa9b823,24,24,ግንብ ወደአልተሠራባት ምድረ በዳ ብትሄድና ከእንጨት ፍሬ ብቻ ብትበላ፥ ሥጋም ባትበላ፥ ከእንጨቱ ፍሬ ብቻ በቀርም ወይን ባትጠጣ፥
f4a93d23-8c6a-532f-a34b-893bcc0b7742,87d207cf-4911-5ab9-a9d9-a72fe48bf02d,4e4999f1-8153-5091-a728-87d52fa9b823,25,25,ወደ ልዑል ሁልጊዜ ብትጸልይ መጥቼ እነግርሃለሁ።”
80fa7ae8-b9f1-5826-a128-fb7c8cf79aa5,87d207cf-4911-5ab9-a9d9-a72fe48bf02d,092477a6-d3b9-5c34-a401-79842e9121fe,1,26,ከዚህ በኋላ እግዚአብሔር እንዳዘዘኝ ስሙ አርፋድ ወደሚባል ምድረ በዳ ሄድሁ።
c88893a1-2fee-52f0-afb9-f660272eebbc,87d207cf-4911-5ab9-a9d9-a72fe48bf02d,092477a6-d3b9-5c34-a401-79842e9121fe,2,27,በሣር ውስጥ ተቀመጥሁ፤ የምድረ በዳንም ፍሬ ተመገብሁ፤ የበላሁትም ያጠግበኝ ነበር።
97170b64-204a-5943-a32e-e5561d66d4d6,87d207cf-4911-5ab9-a9d9-a72fe48bf02d,092477a6-d3b9-5c34-a401-79842e9121fe,3,28,ከዚህም ከሰባተኛው ቀን በኋላ በሣር ውስጥ ተኝቼ ሳለሁ ልቤ እንደ ቀድሞው ታወከብኝ።
b612655d-7c3e-5101-a1c0-f8fc61c10b14,87d207cf-4911-5ab9-a9d9-a72fe48bf02d,092477a6-d3b9-5c34-a401-79842e9121fe,4,29,አንደበቴንም አቅንቼ በልዑል ፊት እናገር ጀመርሁ፤
dc5798b3-de87-586c-a491-607ed7a8dbcd,87d207cf-4911-5ab9-a9d9-a72fe48bf02d,092477a6-d3b9-5c34-a401-79842e9121fe,5,30,እንዲህም አልሁ፥ “አቤቱ ጌታዬ፥ ዛፍና ሣር በሌሉበት ምድረ በዳ ለአባቶቻችን ፈጽመህ ታየሃቸው።
d6a373a9-573b-5f19-a846-934bb1b56a41,87d207cf-4911-5ab9-a9d9-a72fe48bf02d,092477a6-d3b9-5c34-a401-79842e9121fe,6,31,እንዲህም አልሃቸው፦ ‘አንተ እስራኤል ስማኝ፤ ቃሌንም አድምጠኝ፤
743d4aaa-738a-566f-a4cd-175fc75dae0d,87d207cf-4911-5ab9-a9d9-a72fe48bf02d,092477a6-d3b9-5c34-a401-79842e9121fe,7,32,እነሆም እኔ ሕጌን በውስጣችሁ እዘራለሁና፥ በላያችሁም ፍሬን ያፈራልና፥ ለዘለዓለሙም ትከብሩበታላቸሁና።’
554516cc-e9c2-5f21-a1e5-6d790dc99ddf,87d207cf-4911-5ab9-a9d9-a72fe48bf02d,092477a6-d3b9-5c34-a401-79842e9121fe,8,33,አባቶቻችንም ሕግህን ተቀብለው አልጠበቁም፤ በሥርዐትህም አልጸኑም፤ የሕግህ ፍሬ ግን አልጠፋም፤ የአንተ ገንዘብ ስለሆነ ይጠፋ ዘንድ አይቻልምና።
ac88a328-65dd-54ed-a486-610d82b165ce,87d207cf-4911-5ab9-a9d9-a72fe48bf02d,092477a6-d3b9-5c34-a401-79842e9121fe,9,34,ሕግ ያንተ ገንዘብ ስለሆነች በውስጣቸው የተዘራውን ተግባራቸውን አልጠበቁምና ሕግህን ተቀብለው ያልጠበቁ ጠፉ።
55970bfb-06f4-5d80-a40a-da801a3311dd,87d207cf-4911-5ab9-a9d9-a72fe48bf02d,092477a6-d3b9-5c34-a401-79842e9121fe,10,35,ምድርም ዘርን ከተቀበለች በኋላ፥ ባሕርም መርከብ በውስጧ ከገባ በኋላ፥ ዕቃም በውስጡ መብልና መጠጥን ከጨመሩበት በኋላ፥
bf050cce-a6c2-57e9-afbf-c11ddbb99f78,87d207cf-4911-5ab9-a9d9-a72fe48bf02d,092477a6-d3b9-5c34-a401-79842e9121fe,11,36,ያንጊዜ የዚያ የዘሩ፥ የዚያም የመርከቡ፥ የዚያም የመብሉና የመጠጡ ይጠፋ ዘንድ ጊዜው ቢሆን እንደዚሁ የሚጠፋ ይሆናል። ነገር ግን የያዙት ይቀራሉ። ለእኛስ እንደዚሁ አይደለም። ሕግን ተቀብለን የበደልን እኛ እንጠፋለንና፥ የተቀበለው ልባችንም እንዲሁ ነው፤ ሕጉ ግን በክብሩ ይኖራል እንጂ አይጠፋም።”
4e454282-305f-52be-afdb-4ed2b5c489b0,87d207cf-4911-5ab9-a9d9-a72fe48bf02d,30b397c0-acb8-55f7-a3de-ba7dc76b67eb,1,37,በዐይኖችም በተመለከትሁ ጊዜ በቀኝ በኩል እነሆ፥ አንዲት የምታለቅስ ሴትን አየሁ፤ በታላቅ ድምፅም ትጮኽ ነበር፤ እጅግም አዝና ነበር፤ ልብሷም ተቀድዶ ነበር፤ በራሷም ላይ ዐመድ ነስንሳ ነበር።
c7e19e11-1dbb-5f83-ac80-3388d78aba27,87d207cf-4911-5ab9-a9d9-a72fe48bf02d,30b397c0-acb8-55f7-a3de-ba7dc76b67eb,2,38,ያ ቀድሞ የማስበው አሳቤም ተለየኝ፤ ወደ እርሷም ተመልሼ፥ “ምን ያስለቅስሻል? ልቡናሽንስ ለምን ታሳዝኛለሽ? አልኋት።”
7b59c8b1-8ad7-516f-aa20-f989342197b8,87d207cf-4911-5ab9-a9d9-a72fe48bf02d,30b397c0-acb8-55f7-a3de-ba7dc76b67eb,3,39,እርስዋም አለችኝ፥ “ጌታዬ ለራሴ አለቅስ ዘንድ በመከራዬም ላይ መከራን እጨምር ዘንድ ተወኝ፤ ፈጽሜ እኔ አዝኛለሁና፥ ልቡናዬም ተጨንቃለችና።”
8892bbf7-d17a-5cf2-a282-cbb71a1c89b6,87d207cf-4911-5ab9-a9d9-a72fe48bf02d,30b397c0-acb8-55f7-a3de-ba7dc76b67eb,4,40,እኔም፥ “ምን ሆነሻል? ንገሪኝ” አልኋት።
23ca5e2d-00b4-5a12-aa0f-b44576567640,87d207cf-4911-5ab9-a9d9-a72fe48bf02d,30b397c0-acb8-55f7-a3de-ba7dc76b67eb,5,41,እርስዋም አለችኝ፥ “እኔ ባሪያህ ከጥንት ጀምሮ መካን ነበርሁ፤ ሠላሳ ዘመን ከባሌ ጋር ስኖር ልጅ አልወለድሁም።
7473a0e4-414d-5488-a472-e08db4b64d4f,87d207cf-4911-5ab9-a9d9-a72fe48bf02d,30b397c0-acb8-55f7-a3de-ba7dc76b67eb,6,42,እኔም በዚያ በሠላሳው ዘመን ሁልጊዜ በየጊዜውና በየሰዓቱ በመዓልትና በሌሊት ወደ ልዑል እጸልይ ነበር።
6729db25-3e55-511f-a4b5-4a0383bf25d5,87d207cf-4911-5ab9-a9d9-a72fe48bf02d,30b397c0-acb8-55f7-a3de-ba7dc76b67eb,7,43,ከዚህም ከሠላሳ ዓመት በኋላ እግዚአብሔር የባሪያውን ልመና ሰማ፤ መከራዬንም አየ፤ ድካሜንና ሥቃዬን ተመልክቶ አንድ ልጅ ሰጠኝ፤ በእርሱም ፈጽሞ ደስ አለኝ፤ እኔም፥ ባሌም፥ ያገሬም ሰዎች ሁሉ ደስ አለን፤ እግዚአብሔርንም አመሰገንነው።
6d466306-b89d-57cb-a0d4-9b22ba93d398,87d207cf-4911-5ab9-a9d9-a72fe48bf02d,30b397c0-acb8-55f7-a3de-ba7dc76b67eb,8,44,በብዙ ድካምም አሳደግሁት።
bd02e30a-a7dc-53dd-a908-cc83419eb3e0,87d207cf-4911-5ab9-a9d9-a72fe48bf02d,30b397c0-acb8-55f7-a3de-ba7dc76b67eb,9,45,ከዚህም በኋላ አካለ መጠን ባደረሰ ጊዜ ሚስት አጋባሁት፤ ሰርግንም ሰረግሁለት።
d803e4b3-8a06-5f7b-a2e9-6b77e369e839,f4a3adaa-89c5-5be3-a369-7f35d5557525,891e51e5-c89a-5f43-ada1-5304a1ce7805,1,1,“ከዚህ በኋላ ወደ ጫጕላው በገባ ጊዜ ወድቆ ሞተ።
4c3b73ab-ea7b-5348-af47-ae6661a73ec2,f4a3adaa-89c5-5be3-a369-7f35d5557525,891e51e5-c89a-5f43-ada1-5304a1ce7805,2,2,ከዚህ በኋላም ፋናችንንና መብራታችንን አጠፋን፤ እናለቅስ ዘንድም ተቀመጥን፤ ያገሬ ሰዎችም ሁሉ ተነሥተው ይመክሩኝና ያረጋጉኝ ጀመሩ፤ ከዚህም በኋላ እስከ ማግሥትዋ ቀን ሌሊት ድረስ ዝም አልሁ።
7fcab62e-6aa4-5328-a5b1-1975e9380788,f4a3adaa-89c5-5be3-a369-7f35d5557525,891e51e5-c89a-5f43-ada1-5304a1ce7805,3,3,ከዚህ በኋላ ሁሉም ዝም ባሉ ጊዜ፥ እኔንም መምከር በተዉ ጊዜ እኔ ሌሊት ተነሥቼ ሸሸሁ፤ ወደዚህም ምድረ በዳ መጣሁ።
11f37365-0798-564f-af51-f660c5d7d80d,f4a3adaa-89c5-5be3-a369-7f35d5557525,891e51e5-c89a-5f43-ada1-5304a1ce7805,4,4,ለዘለዓለሙ በዚሁ እኖራለሁ እንጂ እንግዲህ ወዲህ ወደ ሀገሬ እንዳልመለስ ቈረጥሁ፤ ሁልጊዜ እጾማለሁ፤ እስክሞትም ድረስ አለቅሳለሁ እንጂ እህል አልበላም፤ ውኃም አልጠጣም።”
e9ca07fa-9650-5c17-a77f-3b079ec1822c,f4a3adaa-89c5-5be3-a369-7f35d5557525,891e51e5-c89a-5f43-ada1-5304a1ce7805,5,5,ያ የማስበው አሳቤም ተወኝ፤ እኔም መለስሁላት፤ እንዲህም አልኋት፦
6275d75b-00e0-50e1-a590-ad4d5a4fbda1,f4a3adaa-89c5-5be3-a369-7f35d5557525,891e51e5-c89a-5f43-ada1-5304a1ce7805,6,6,“ከሴቶች ሁሉ አንቺ አላዋቂ ነሽ፤ ያገኘችንን የእኛን ልቅሶ አታዪምን?
e54081c6-2861-5112-a1a8-48093d09669a,f4a3adaa-89c5-5be3-a369-7f35d5557525,891e51e5-c89a-5f43-ada1-5304a1ce7805,7,7,ስለ ሁላችን እናት ስለ ጽዮን ሁላችን በኀዘን አለን፤ መከራንም ፈጽመን ተቀበልን።
fa5bec57-e422-596a-a43b-4a65a95d5bc1,f4a3adaa-89c5-5be3-a369-7f35d5557525,891e51e5-c89a-5f43-ada1-5304a1ce7805,8,8,አሁንም በእውነት ታዝኚና ታለቅሺ ዘንድ ይገባሻል፤ እኛ ሁላችንም ያዘንን ነንና፤ እኛም ስለ ብዙዎች እናዝናለን፤ አንቺ ግን ስለ አንዱ ልጅሽ ታዝኛለሽ።
e226e5d9-978f-54ec-ad30-05d9b7dd55e0,f4a3adaa-89c5-5be3-a369-7f35d5557525,891e51e5-c89a-5f43-ada1-5304a1ce7805,9,9,ምድርን ጠይቂአት፤ ትነግርሻለችም፤ በእርስዋ ላይ ይህን ያህል ስለ ተወለዱት ታለቅስ ዘንድ አግባብ ለእርስዋ ነው።
ad98a076-3cd2-5e96-a7ed-389973d00d01,f4a3adaa-89c5-5be3-a369-7f35d5557525,891e51e5-c89a-5f43-ada1-5304a1ce7805,10,10,ሁሉም ከጥንት ጀምሮ በእርስዋ ላይ ተፈጠሩ። እነሆም ሌሎች መጥተው ሁሉንም በሙሉ ፈጽሞ ለማጥፋት ወሰዷቸው።
523b3324-644d-5b84-a89a-0df021f4bacc,f4a3adaa-89c5-5be3-a369-7f35d5557525,891e51e5-c89a-5f43-ada1-5304a1ce7805,11,11,እንግዲህ ወዲህ ፈጽሞ ያለቅስ ዘንድ የሚገባው ማን ነው? ይህን ያህል ብዙ የጠፋበት ነውን? ወይስ አንቺ ስለ አንድ ልጅሽ ታዝኛለሽን?
10440260-7d7a-58cb-ad55-0318e162106f,f4a3adaa-89c5-5be3-a369-7f35d5557525,891e51e5-c89a-5f43-ada1-5304a1ce7805,12,12,ወይስ በጻዕርና በገዓር የወለድሁትን ልጄን አጥቻለሁና፤ የእኔ ልቅሶ እንደ ምድር ልቅሶ አይደለም ትያለሽን?
f2521936-977e-50fe-a53f-28ced0c2d0c2,f4a3adaa-89c5-5be3-a369-7f35d5557525,891e51e5-c89a-5f43-ada1-5304a1ce7805,13,13,ምድር ግን ብዙ አሕዛብ ወደ እርሷ እንደ መጡ እንደዚሁ ሄዱ።
dbddf8a9-7a14-57c7-a947-2e7c077f4bd1,f4a3adaa-89c5-5be3-a369-7f35d5557525,891e51e5-c89a-5f43-ada1-5304a1ce7805,14,14,ነገር ግን እኔ እንዲሁ እልሻለሁ፤ አንቺ አምጠሽ እንደ ወለድሽ እንዲሁም ምድር ከጥንት ጀምሮ በእርሷ ለተፈጠሩ ሰዎች ፈጣሪዋ የሰጣትን ፍሬዋን ሰጠቻቸው።
1f46e247-9879-5393-a7a4-482853f38409,f4a3adaa-89c5-5be3-a369-7f35d5557525,891e51e5-c89a-5f43-ada1-5304a1ce7805,15,15,አሁንም ይህን ኀዘንሽን ካንቺ አርቂ፤ ስለ አገኘችሽ ቅጣትና መከራም ትዕግሥተኛ ሁኚ።
0944d52a-23db-5057-a616-2c25e326e1ad,f4a3adaa-89c5-5be3-a369-7f35d5557525,891e51e5-c89a-5f43-ada1-5304a1ce7805,16,16,እግዚአብሔርን ብታመሰግኚው ይረዳሻልና፥ ልጅሽንም በጊዜው ታገኚዋለሽና፥ በሴቶችም ዘንድ መከራን የታገሠች ትባያለሽና፥
0fb03149-0ddc-5e52-a0f5-8b54a7211815,f4a3adaa-89c5-5be3-a369-7f35d5557525,891e51e5-c89a-5f43-ada1-5304a1ce7805,17,17,አሁንም ወደ ሀገርሽ ግቢ፤ ወደ ባልሽም ሂጂ።”
c0136da7-e3f8-52d7-a4dc-b8c6a2ded6cd,f4a3adaa-89c5-5be3-a369-7f35d5557525,891e51e5-c89a-5f43-ada1-5304a1ce7805,18,18,እርስዋም አለችኝ፥ “እንዲህስ አላደርግም፤ በዚህ እሞታለሁ እንጂ ወደ ሀገሬ አልገባም።”
fa92f014-5a7c-5c09-a569-61fc2d4c0d3c,f4a3adaa-89c5-5be3-a369-7f35d5557525,891e51e5-c89a-5f43-ada1-5304a1ce7805,19,19,ዳግመኛም ተናገርኋት፤ እንዲህም አልኋት፦
561e7117-6a19-5e1f-a47e-308c97f3890d,f4a3adaa-89c5-5be3-a369-7f35d5557525,891e51e5-c89a-5f43-ada1-5304a1ce7805,20,20,“ይህን ነገር አታድርጊ፤ እሺ በዪኝ፤ ራስሽንም እንደ ጽዮን መከራ አድርጊ፤ ስለ ኢየሩሳሌምም ከተማ ተረጋጊ።
207bf399-4f87-5836-a2e8-9a99e9099f2f,f4a3adaa-89c5-5be3-a369-7f35d5557525,891e51e5-c89a-5f43-ada1-5304a1ce7805,21,21,ቤተ መቅደሳችን እንደ ፈረሰ፥ መሠዊያችን እንደ ተሰባበረ አታዪምን?
dac7e208-5726-50c4-aec0-67cedba9f28a,f4a3adaa-89c5-5be3-a369-7f35d5557525,891e51e5-c89a-5f43-ada1-5304a1ce7805,22,22,ግናያቱ እንደ ጠፋ፥ ምስጋናችን እንደ ቀረ፥ ዘመራ ዘውዳችን እንደ ወደቀ፥ የመቅረዛችን መብራት እንደ ጠፋ፥ የቃል ኪዳናችን ታቦት እንደ ተማረከች፥ ንዋየ ቅድሳታችን እንዳደፈ፥ ስማችን እንደ ረከሰ፥ ጌቶቻችን እንደ ተዋረዱ፥ ካህኖቻችን እንደ ተቃጠሉ፥ ሌዋውያኖቻችን እንደ ተማረኩ፥ ደናግሎቻችን እንደ ተገደሉ፥ ሚስቶቻችንን እንደ ቀሙን፥ ጻድቃኖቻችን እንደ ተጐተቱ፥ ጐልማሶቻችን እንደ ተገዙ፥ ወንዶች ልጆቻችን እንደ ተቀሙ፥ አርበኞቻችን እንደ ደከሙ አታዪምን?
851169fd-c817-5507-a327-a3fa4a88b117,f4a3adaa-89c5-5be3-a369-7f35d5557525,891e51e5-c89a-5f43-ada1-5304a1ce7805,23,23,ከዚህ ሁሉ የሚበልጥ ጽዮን ጠፋች፤ ክብርዋም ከእርስዋ ወጣ፤ በጠላቶቻችንም እጅ ወደቅን።
58f5403a-424b-5794-aed1-de528988e4ae,f4a3adaa-89c5-5be3-a369-7f35d5557525,891e51e5-c89a-5f43-ada1-5304a1ce7805,24,24,አንቺም ተዪ፥ ልዑልና ኀያል ይቅር ይልሽ ዘንድ፥ ከድካምሽም እግዚአብሔር ፈጽሞ ያሳርፍሽ ዘንድ ይህን ብዙ ኀዘንሽን አርቂ።”
940d2fa1-fd2b-528d-aa86-2684758915ba,f4a3adaa-89c5-5be3-a369-7f35d5557525,891e51e5-c89a-5f43-ada1-5304a1ce7805,25,25,ከዚህ በኋላ ይኽን ስናገራት ድንገት ፊትዋ ከፀሐይ ይልቅ በራ፤ መልኳም እንደ መብረቅ አንጸባረቀ፤ ወደ እርሷ መቅረብንም ፈራሁ፤ ልቡናዬም ደነገጠብኝ፤ ከዚህም በኋላ ይህ ምን እንደ ሆነ ሳስብ አስደነገጠችኝ።
0f019547-635c-5bba-af3d-47a34f13c671,f4a3adaa-89c5-5be3-a369-7f35d5557525,891e51e5-c89a-5f43-ada1-5304a1ce7805,26,26,በታላቅ ድምፅም ጮኸች፤ ከድምፅዋም የተነሣ ምድር እስክትነዋወጥ ድረስ ድምፅዋ እጅግ የሚያስፈራ ሆነ።
a754cbcb-01ec-597d-a39b-94b4141089e6,f4a3adaa-89c5-5be3-a369-7f35d5557525,891e51e5-c89a-5f43-ada1-5304a1ce7805,27,27,ባየኋትም ጊዜ እነሆ የከበረችና የታነጸች ከተማ ነበረች እንጂ ሴት አልነበረችም፤ ታላቅ የሆነ የመሠረቶችዋንም ቦታ አየሁ፤ ፈርቼም በታላቅ ድምፅ ጮህኹ። እንዲህም አልሁ፦
8da0bd26-a82e-54b2-ade9-b5ba194d2f36,f4a3adaa-89c5-5be3-a369-7f35d5557525,891e51e5-c89a-5f43-ada1-5304a1ce7805,28,28,“አስቀድሞ ወደ እኔ የመጣህ መልአኩ ዑርኤል፥ አንተ ወዴት ነህ? ወደ ብዙ ምርምር እገባ ዘንድ፥ ፍጻሜዬም ለጕስቍልናዬ ትሆን ዘንድ፥ ጸሎቴም ለተግዳሮት ይሆን ዘንድ እንዲህ ለምን አደረግኸኝ?”
8a2ed2f2-8a9f-55f9-a43c-9586b74a096b,f4a3adaa-89c5-5be3-a369-7f35d5557525,ccdc6361-a4ee-5ca7-a6c7-323daee26924,1,29,እኔ እንደዚህ ስናገር እነሆ፥ ቀድሞ ወድ እኔ የመጣው ያ መልአክ ወደ እኔ መጣ።
3359a8bb-e938-55d5-a40c-07949ed5e193,f4a3adaa-89c5-5be3-a369-7f35d5557525,ccdc6361-a4ee-5ca7-a6c7-323daee26924,2,30,እንደ ሬሳ ተኝቼ አገኘኝ፤ አእምሮዬም ከእኔ ጋር አልነበረም፤ ቀኝ እጄንም ይዞ አጸናኝ፤ በእግሮችም አቅንቶ አቆመኝ።
e83a8756-7c3d-51f5-a593-815d6bc99b76,f4a3adaa-89c5-5be3-a369-7f35d5557525,ccdc6361-a4ee-5ca7-a6c7-323daee26924,3,31,መለሰልኝ፤ እንዲህም አለኝ፥ “ምን ሆንህ? ምንስ ያስደነግጥሃል? ልብህስ ካንተ ጋር ስለምን የለም?”
73e09f5c-f886-50c6-a07a-b3787fa7239b,f4a3adaa-89c5-5be3-a369-7f35d5557525,ccdc6361-a4ee-5ca7-a6c7-323daee26924,4,32,እኔም አልሁት፥ “አንተ ጥለኸኛልና፥ ተለይተኸኛልምና፥ እኔ እንደ ነገርኸኝ ወደዚህ ምድረ በዳ መጣሁ፤ ወደዚህም ምድረ በዳ በመጣሁ ጊዜ እነሆ፥ ማወቅ የማይቻለኝን አየሁ።”
f9b6ed14-a701-5320-a983-1305e45ee689,f4a3adaa-89c5-5be3-a369-7f35d5557525,ccdc6361-a4ee-5ca7-a6c7-323daee26924,5,33,እርሱም አለኝ፥ “እንግዲህስ እነግርህ ዘንድ እንደ ሰው ቁም።”
470a41ac-d468-5d6a-a198-bec57f990675,f4a3adaa-89c5-5be3-a369-7f35d5557525,ccdc6361-a4ee-5ca7-a6c7-323daee26924,6,34,እኔም አቤቱ ተናገር አልሁት፥ “ድንገት እንዳልሞት እንግዲህ አትለየኝ እንጂ።
4b139d08-9593-504b-adea-4480eb56fd84,f4a3adaa-89c5-5be3-a369-7f35d5557525,ccdc6361-a4ee-5ca7-a6c7-323daee26924,7,35,ያላየሁትን አይቻለሁና፥ የማላውቀውንም ሰምቻለሁና።
a8549a69-5c80-5895-a297-5341135f8615,f4a3adaa-89c5-5be3-a369-7f35d5557525,ccdc6361-a4ee-5ca7-a6c7-323daee26924,8,36,ነገር ግን ምናልባት ልቡናዬ ይዘነጋ ይሆንን? ሰውነቴስ ትጨነቅ ይሆንን?
2bd42b4c-b418-5c03-a2b5-2ff940d321e9,f4a3adaa-89c5-5be3-a369-7f35d5557525,ccdc6361-a4ee-5ca7-a6c7-323daee26924,9,37,አሁንም አቤቱ በጅ በለኝ፤ የዚህንም ራእይ ትርጓሜ ለባሪያህ ንገረው።”
638737be-7915-54eb-afd9-2f5ed6cce651,f4a3adaa-89c5-5be3-a369-7f35d5557525,ccdc6361-a4ee-5ca7-a6c7-323daee26924,10,38,እርሱም መለሰልኝ፤ እንዲህም አለኝ፥ “ስለምትፈራው ነገር አስተምርህ ዘንድ ስማኝ። ይህ የተሰወረ ምሥጢር ስለሆነ፦ ልዑል እግዚአብሔር ገልጦልሃልና።
a2ae040f-062c-5cac-a981-03c997e810cc,f4a3adaa-89c5-5be3-a369-7f35d5557525,ccdc6361-a4ee-5ca7-a6c7-323daee26924,11,39,ጽድቅህንም አየ፤ ስለ ወገኖችህ ብዙ ታዝናለህና፤ ስለ ጽዮንም እጅግ ትቈረቈራለህና።
a4b38cde-146b-5a5d-aa3a-a6620b3c49f9,f4a3adaa-89c5-5be3-a369-7f35d5557525,ccdc6361-a4ee-5ca7-a6c7-323daee26924,12,40,ነገሩ ይህ ነው፦
c2007374-ac11-583e-ab7c-0137c8202688,f4a3adaa-89c5-5be3-a369-7f35d5557525,ccdc6361-a4ee-5ca7-a6c7-323daee26924,13,41,ቀድሞ እንደ አልቃሽ ሆና ያየሃት፥ ታረጋጋትም ዘንድ የጀመርህ ይች ሴት፥
89c25f3b-4141-5244-adef-1aeebb2b93b4,f4a3adaa-89c5-5be3-a369-7f35d5557525,ccdc6361-a4ee-5ca7-a6c7-323daee26924,14,42,አሁን አንተ እንዳየሃት ሴት አይደለችም። የታነጸች ከተማ እንጂ።
6b6fbd73-24b8-5b2a-a2d3-17017e2e7600,f4a3adaa-89c5-5be3-a369-7f35d5557525,ccdc6361-a4ee-5ca7-a6c7-323daee26924,15,43,ስለ ልጅዋ መከራ ነግራሃለችና።
92df881b-e320-5812-a130-9cbbb59ae48c,f4a3adaa-89c5-5be3-a369-7f35d5557525,ccdc6361-a4ee-5ca7-a6c7-323daee26924,16,44,ያች ያየሃት ሴት ዛሬ እንደ ታነጸች ከተማ ሀገር ሁና የምታያት ጽዮን ናት።
3708dea2-ba76-517a-afc8-4123266f1071,f4a3adaa-89c5-5be3-a369-7f35d5557525,ccdc6361-a4ee-5ca7-a6c7-323daee26924,17,45,ሠላሳ ዘመን መካን ሆንኹ ያለችህም ይህ ነው፤ የሚያቀርቡት መሥዋዕት ሳይኖር ዓለም ሦስት ሺህ ዘመን ኖሯልና።
7d23061e-aaf4-57c3-a3dc-e4ed7901188c,f4a3adaa-89c5-5be3-a369-7f35d5557525,ccdc6361-a4ee-5ca7-a6c7-323daee26924,18,46,ከሦስት ሺህ ዓመት በኋላም ሰሎሞን ከተማን ሠራ፤ ያንጊዜም ቍርባንን አቀረበ። ያችም መካን ሴት የወለደችው ልጅ፥
78c431b5-f192-5de5-a6ab-c24eb142019e,f4a3adaa-89c5-5be3-a369-7f35d5557525,ccdc6361-a4ee-5ca7-a6c7-323daee26924,19,47,ይህም በብዙ ድካም አሳደግሁት ያለችህ ኢየሩሳሌም የኖረችው ዘመን ነው።
377ed1ff-2346-53cf-a783-4fc9a776b1af,f4a3adaa-89c5-5be3-a369-7f35d5557525,ccdc6361-a4ee-5ca7-a6c7-323daee26924,20,48,ይህም ልጅዋ ወደ ጫጕላው በገባ ጊዜ ወድቆ ሞተ፤ ይህም መከራ አገኘን ያለችህ የኢየሩሳሌም ጥፋትዋ ነው።
a96fadcf-5884-5628-a45f-68ba9d503ec3,f4a3adaa-89c5-5be3-a369-7f35d5557525,ccdc6361-a4ee-5ca7-a6c7-323daee26924,21,49,እነሆ ለልጆችዋ እንዴት እንደምታለቅስላቸው ያየሃት፥ አንተም ከመከራዋ ታረጋጋት ዘንድ የጀመርህ ያች ሴት ኢየሩሳሌም ናት።
01167394-a2c9-59af-ad07-aaf7ff0138e0,f4a3adaa-89c5-5be3-a369-7f35d5557525,ccdc6361-a4ee-5ca7-a6c7-323daee26924,22,50,አሁንም ልዑል እግዚአብሔር ስለ እርስዋ በፍጹም ሰውነትህ እንድታዝን፥ በፍጹም ልቡናህም እንድትቈረቈር ባየ ጊዜ የደስታዋን ጌጥና የክብሩዋን መገለጥ አሳየህ። የተሰወረ ምሥጢር ነውና።
c78599fc-08d4-5859-a070-b2d1c3907b49,f4a3adaa-89c5-5be3-a369-7f35d5557525,ccdc6361-a4ee-5ca7-a6c7-323daee26924,23,51,ስለዚህ ነገር ቤት ባልተሠራበት በዚህ በምድረ በዳ ትኖር ዘንድ እነግርሃለሁ።
02106046-9f15-5c25-ab6b-881d705ebefa,f4a3adaa-89c5-5be3-a369-7f35d5557525,ccdc6361-a4ee-5ca7-a6c7-323daee26924,24,52,ልዑል እግዚአብሔር ያሳይህ ዘንድ ያለውን ሁሉ አውቄአለሁና።
ece73c45-d822-5d83-aaab-f397ebde2940,f4a3adaa-89c5-5be3-a369-7f35d5557525,ccdc6361-a4ee-5ca7-a6c7-323daee26924,25,53,ስለዚህም የግንብ መሠረት ወደሌለበት ወደዚህ ትመጣ ዘንድ እነግርሃለሁ።
30eb4ea1-a210-5bd5-a7b0-dda572dd9577,f4a3adaa-89c5-5be3-a369-7f35d5557525,ccdc6361-a4ee-5ca7-a6c7-323daee26924,26,54,ልዑል ይገለጥበት ዘንድ ባለው ቦታ የሰው ሥራ ግንብ ሊኖር አይቻልምና።
79f04969-2202-5541-a8dd-c349297c3307,f4a3adaa-89c5-5be3-a369-7f35d5557525,ccdc6361-a4ee-5ca7-a6c7-323daee26924,27,55,“አንተስ እንግዲህ አትፍራ፤ ልብህም አይደንግጥ፤ ገብተህ ብርሃንዋንና የግንብዋን ጽናት እይ እንጂ።
84cea846-c04a-5722-a533-288037f32557,f4a3adaa-89c5-5be3-a369-7f35d5557525,ccdc6361-a4ee-5ca7-a6c7-323daee26924,28,56,መስማት የምትችለውን ያህል በጆሮህ ስማ።
19e44888-55c4-5eda-aa1c-92dd57cacc18,f4a3adaa-89c5-5be3-a369-7f35d5557525,ccdc6361-a4ee-5ca7-a6c7-323daee26924,29,57,አንተ ከብዙዎች ይልቅ ራስህን ብፁዕ አሰኝተሃልና፥ በልዑልም ዘንድ እንደ ጥቂቶች ተጠርተሃልና።
3004e540-9bb2-545a-a8e1-62a680a3562f,f4a3adaa-89c5-5be3-a369-7f35d5557525,ccdc6361-a4ee-5ca7-a6c7-323daee26924,30,58,ዛሬም በዚህ እደር።
119a3f61-1d1f-5410-a084-e8684f7fa627,f4a3adaa-89c5-5be3-a369-7f35d5557525,ccdc6361-a4ee-5ca7-a6c7-323daee26924,31,59,ልዑል እግዚአብሔር በዓለም በሚኖሩ ሰዎች ላይ በጊዜው የሚያደርገውን ራእይ ነገ በሕልም ያሳይሃል።”
83c4de0b-9c0b-504f-a278-bf3b129b0e86,f4a3adaa-89c5-5be3-a369-7f35d5557525,ccdc6361-a4ee-5ca7-a6c7-323daee26924,32,60,በዚያችም ሌሊት፥ በማግሥቱም እንዳዘዘኝ አደርሁ።
3e3d6acf-2f2e-5827-a1ca-7f1c3aa5bdd7,c22a2fa1-629c-591a-a3db-2ccfb0b4627d,516b727e-b46d-53d2-a709-5770b18c383b,1,1,ከዚህም በኋላ በማግሥቱ ሌሊት ንስር ከባሕር ሲወጣ በሕልም አየሁ፤ ክንፎቹም ዐሥራ ሁለት ናቸው፤ ራሶቹም ሦስት ናቸው።
05446bde-9c35-5a5c-acf5-36aa23f7857c,c22a2fa1-629c-591a-a3db-2ccfb0b4627d,516b727e-b46d-53d2-a709-5770b18c383b,2,2,በክንፎቹም በዓለሙ ሁሉ ይበርራል፤ የሰማይ ነፋሳትም ሁሉ ይነፍሱበታል፤ ደመናትም በእርሱ ይሰበሰባሉ።
d70a8a48-641d-5007-af5c-8b4818830bff,c22a2fa1-629c-591a-a3db-2ccfb0b4627d,516b727e-b46d-53d2-a709-5770b18c383b,3,3,ከእነዚያም ክንፎች ራሶች ይበቅላሉ፤ እነዚያም ራሶች ደቃቅና ታናናሽ ክንፍ ይሆናሉ፤
c997a479-99d8-52fe-a744-31579350046f,c22a2fa1-629c-591a-a3db-2ccfb0b4627d,516b727e-b46d-53d2-a709-5770b18c383b,4,4,ራሶቹም ዝም ይላሉ፤ ከእነዚያም ራሶች መካከለኛው ራስ ይበልጣል፤ ነገር ግን እርሱም ከእነርሱ ጋር ዝም ይላል።
ff992834-6c3d-5576-adcc-a1c0d3c8158d,c22a2fa1-629c-591a-a3db-2ccfb0b4627d,516b727e-b46d-53d2-a709-5770b18c383b,5,5,ያም ንስር ምድርንና በምድር የሚኖሩትን ይገዛ ዘንድ በክንፎቹ ይበርራል፤
cf402966-8af3-545f-a421-1e4fb4690ff2,c22a2fa1-629c-591a-a3db-2ccfb0b4627d,516b727e-b46d-53d2-a709-5770b18c383b,6,6,ከሰማይ በታች ያለ ሁሉ ይገዛለት ዘንድ ያን ንስር በምድር ከተፈጠረው ፍጥረት የሚከራከረው ማንም የለም።
c2da8161-59c8-51fc-aca0-a09b7cf78a50,c22a2fa1-629c-591a-a3db-2ccfb0b4627d,516b727e-b46d-53d2-a709-5770b18c383b,7,7,ከዚህ በኋላ ያ ንስር ተነሣ፤ በጥፍሮቹም ቆመ፤ በታላቅ ድምፅም ጮኸ፤ ክንፎቹንም እንዲህ አላቸው፦
cb07f28d-86ed-5faf-a9db-d0088b2bd5ee,c22a2fa1-629c-591a-a3db-2ccfb0b4627d,516b727e-b46d-53d2-a709-5770b18c383b,8,8,“በየቦታችሁ ተኙ እንጂ ሁላችሁ እያንዳንዳችሁ በአንድነት አትነሡ፤ በየጊዜውም ትነሣላችሁ።
eb41092f-8cc1-59fc-a4a7-1c88d686a819,c22a2fa1-629c-591a-a3db-2ccfb0b4627d,516b727e-b46d-53d2-a709-5770b18c383b,9,9,የኋለኛዪቱ ራሱም ከሁሉ ትበልጣለች።”
51cfa3ae-55a3-52ad-a401-1950aa3e7c50,c22a2fa1-629c-591a-a3db-2ccfb0b4627d,516b727e-b46d-53d2-a709-5770b18c383b,10,10,ባየሁ ጊዜም ድምፁ የሚወጣ ከሥጋው መካከል እንጂ ከራሱ ውስጥ አይደለም።
b5660bbe-2887-50ab-a976-539f48f8478f,c22a2fa1-629c-591a-a3db-2ccfb0b4627d,516b727e-b46d-53d2-a709-5770b18c383b,11,11,የእነዚያ ራሶች ቍጥሮችም ስምንት ናቸው።
f53ba4b8-3005-524c-a928-c627686e7444,c22a2fa1-629c-591a-a3db-2ccfb0b4627d,516b727e-b46d-53d2-a709-5770b18c383b,12,12,ከዚህ በኋላ በቀኝ በኩል ክንፍ ወጣ፤ ምድሩንም ሁሉ ገዛ።
7874b28f-8c6f-5a42-ad7d-02911a8afcb0,c22a2fa1-629c-591a-a3db-2ccfb0b4627d,516b727e-b46d-53d2-a709-5770b18c383b,13,13,ከዚህ በኋላ ጥፋቱ በደረሰ ጊዜ ቦታው እስከማይታይ ድረስ እርሱም ጠፋ፤ ሁለተኛውም ወጣ፤ እርሱም ብዙ ዘመን አጽንቶ ገዛ።
65ff0cf9-d8bb-5768-a467-7cdc792e9e14,c22a2fa1-629c-591a-a3db-2ccfb0b4627d,516b727e-b46d-53d2-a709-5770b18c383b,14,14,ከዚህም በኋላ ጥፋቱ በደረሰ ጊዜ እርሱም እንደ ፊተኛው ጠፋ።
82a4c731-1f38-590b-a9db-c21fc59bdec5,c22a2fa1-629c-591a-a3db-2ccfb0b4627d,516b727e-b46d-53d2-a709-5770b18c383b,15,15,ቃልም መጣለት፤ እንዲህም አለው፦
2ec35655-4307-564a-abd1-053789f28d45,c22a2fa1-629c-591a-a3db-2ccfb0b4627d,516b727e-b46d-53d2-a709-5770b18c383b,16,16,“ምድርን ይህን ያህል ዘመን አጽንተህ የምትገዛ አንተ ንስር ሳትጠፋ ይኽን የምነግርህን ስማ።
bc488398-8c58-52d6-a827-569daf58ca79,c22a2fa1-629c-591a-a3db-2ccfb0b4627d,516b727e-b46d-53d2-a709-5770b18c383b,17,17,ከአንተ በኋላ እንደ አንተ የሚጸና፥ የእኩሌታህንም ያህል የሚገዛ የለም።”
ccc1484a-c511-5aad-a8b3-7cce3a0d5dd2,c22a2fa1-629c-591a-a3db-2ccfb0b4627d,516b727e-b46d-53d2-a709-5770b18c383b,18,18,ሦስተኛውም ወጣ፤ እርሱም እንደ መጀመሪያው አጽንቶ ገዛ፤ ከዚህ በኋላ እርሱም ጠፋ።
e1b1de6c-0538-522c-a2fd-72c4f560ac7c,c22a2fa1-629c-591a-a3db-2ccfb0b4627d,516b727e-b46d-53d2-a709-5770b18c383b,19,19,ከዚህም በኋላ ዳግመኛ ክንፎቹ ሁሉ ወጡ፤ እያንዳንዳቸውም ገዙ፤ ዳግመኛ ሁሉም ጠፉ።
30192477-55c4-5bcc-a565-71e804722140,c22a2fa1-629c-591a-a3db-2ccfb0b4627d,516b727e-b46d-53d2-a709-5770b18c383b,20,20,ከዚህ በኋላ ክንፎቹ አጽንተው ይገዙ ዘንድ በግራ በኩል በየጊዜያቸው ተነሡ፤ ነገር ግን ፈጥነው ጠፉ።
fd52840e-e431-5d5f-a844-480d369433a0,c22a2fa1-629c-591a-a3db-2ccfb0b4627d,516b727e-b46d-53d2-a709-5770b18c383b,21,21,ከእነርሱም ውስጥ የተነሡ አሉ፤ ነገር ግን እነርሱ አልገዙም።
6e322de9-9446-54f3-a5bb-eae8a937aeaf,c22a2fa1-629c-591a-a3db-2ccfb0b4627d,516b727e-b46d-53d2-a709-5770b18c383b,22,22,ከዚህ በኋላም እነዚያ ዐሥራ ሁለቱ ክንፎቹ ጠፉ፤ እኒያም ሁለቱ ራሶቹ ጠፉ።
fa431995-c366-5bad-a6ba-73013d5d848f,c22a2fa1-629c-591a-a3db-2ccfb0b4627d,516b727e-b46d-53d2-a709-5770b18c383b,23,23,ዝም ከሚሉ ከሦስቱ ራሶቹና ከስድስቱ ራሶቹ በቀር ከዚህ ንስር ወገን የቀረ የለም።
53c85663-4812-5963-af37-6ef85212cb8c,c22a2fa1-629c-591a-a3db-2ccfb0b4627d,516b727e-b46d-53d2-a709-5770b18c383b,24,24,ከዚህም በኋላ ከእነዚያ ከስድስቱ ራሶች ሁለቱ ተለይተው ሄዱ፤ በቀኝ በኩል ባለ ራሱ ውስጥም ተቀመጡ፤ አራቱ ግን በቦታቸው ቀሩ።
79c67f14-da63-5246-a264-199362dc2114,c22a2fa1-629c-591a-a3db-2ccfb0b4627d,516b727e-b46d-53d2-a709-5770b18c383b,25,25,እኒህ አራቱ ራሶች ግን ይቆሙ ዘንድ፥ እነርሱም ይገዙ ዘንድ ተማከሩ።
dd4924f7-ddea-5a03-ae5f-3bff32f79efa,c22a2fa1-629c-591a-a3db-2ccfb0b4627d,516b727e-b46d-53d2-a709-5770b18c383b,26,26,ከዚህም በኋላ አንዱ ተነሥቶ ቆመ፤ ነገር ግን ፈጥኖ ጠፋ።
4508d7b5-c0f8-55ce-ac2d-d85d19a15fa4,c22a2fa1-629c-591a-a3db-2ccfb0b4627d,516b727e-b46d-53d2-a709-5770b18c383b,27,27,ሁለተኛውም እንዲሁ ከፊተኛው ይልቅ እርሱ ፈጥኖ ጠፋ።
5267aa73-d322-5869-a77b-1639ef7cd108,c22a2fa1-629c-591a-a3db-2ccfb0b4627d,516b727e-b46d-53d2-a709-5770b18c383b,28,28,ከዚህ በኋላ የቀሩት እኒህ ሁለቱ ተተክተው ይገዙ ዘንድ እንዲሁ ተማከሩ።
27ae5ae9-453d-5a5e-adee-9a7d529617bb,c22a2fa1-629c-591a-a3db-2ccfb0b4627d,516b727e-b46d-53d2-a709-5770b18c383b,29,29,ከዚህም በኋላ እኒህ ሲማከሩ ዝም ከሚሉ ከሦስቱ ራሶች መካከለኛ የሚሆን አንዱ ተነሣ፤ ከእነርሱም የሚበልጥ እርሱ ነው።
62cfea82-a906-5ffd-afd9-cd682ab00996,c22a2fa1-629c-591a-a3db-2ccfb0b4627d,516b727e-b46d-53d2-a709-5770b18c383b,30,30,ከዚህም በኋላ እኒህን ሁለቱን ራሶች ከእርሱ ጋር ወሰዳቸው።
580d0b04-7ccb-502e-a0be-aa1916cb6090,c22a2fa1-629c-591a-a3db-2ccfb0b4627d,516b727e-b46d-53d2-a709-5770b18c383b,31,31,ያም ራስ አብረውት ካሉት ጋራ ተመለሰ፤ ይገዙ ዘንድ የተማከሩ እኒህን ሁለቱንም ራሶች ዋጣቸው።
cbc41998-4ee9-5c31-acd4-6043407207a5,c22a2fa1-629c-591a-a3db-2ccfb0b4627d,516b727e-b46d-53d2-a709-5770b18c383b,32,32,ያም ራስ ምድርን ሁሉ ያዛት፤ በውስጥዋም የሚኖሩትን በብዙ ድካምና መከራ አሠቃያቸው፤ ከቆሙት ከእኒያ ክንፎች ሁሉ ይልቅ ፈጽሞ ዓለምን ቀማ።
9ccfc22d-106f-5223-ae47-899ec626ed79,c22a2fa1-629c-591a-a3db-2ccfb0b4627d,516b727e-b46d-53d2-a709-5770b18c383b,33,33,ከዚህም በኋላ መካከለኛው ራስ እንደ እነዚያ ጠፋ።
cd6184f8-c01f-573e-a120-52ec17947373,c22a2fa1-629c-591a-a3db-2ccfb0b4627d,516b727e-b46d-53d2-a709-5770b18c383b,34,34,ሁለቱ ራሶችም ቀሩ፤ እነርሱም እንዲሁ ምድርንና በውስጧ የሚኖሩትን ገዙ።
a7467376-40a7-596a-a62f-6fe4fca9f883,c22a2fa1-629c-591a-a3db-2ccfb0b4627d,516b727e-b46d-53d2-a709-5770b18c383b,35,35,ከዚህ በኋላ ያ በቀኝ በኩል ያለው ራስ በግራ በኩል ያለውን ዋጠው።
f6b31097-af7f-50c2-a2cd-6f8372391ef0,c22a2fa1-629c-591a-a3db-2ccfb0b4627d,8bba220f-6877-541d-adae-c8a59631d64b,1,36,“ወደ ፊትህ ተመልከት፤ የምታየውንም ዕወቅ” የሚለኝን ቃል ሰማሁ።
616a02c6-553d-5d1c-ad29-441a3fc8d488,c22a2fa1-629c-591a-a3db-2ccfb0b4627d,8bba220f-6877-541d-adae-c8a59631d64b,2,37,ባየሁም ጊዜ እነሆ አንበሳ እያገሣ ከዱር ተነሣ፤ እንደ ሰውም ድምፅ ሲናገር ሰማሁት፤ ያንም ንስር እንዲህ አለው፦
b4d9d69e-40b9-5684-a89b-cdec550f044d,c22a2fa1-629c-591a-a3db-2ccfb0b4627d,8bba220f-6877-541d-adae-c8a59631d64b,3,38,“የምነግርህንና ልዑል ያለህን አንተ ስማ።
4be1a24e-7ef7-5f67-af77-214d5e450e78,c22a2fa1-629c-591a-a3db-2ccfb0b4627d,8bba220f-6877-541d-adae-c8a59631d64b,4,39,ምድርን ይገዟት ዘንድ ከፈጠርኋቸው፥ የዘመንም ፍጻሜ ከሚደርስባቸው ከእነዚያ ከአራቱ እንስሳ የቀረህ አንተ አይደለህምን?”
f1f2211e-22b3-57ff-a446-4f89e41e2cf3,c22a2fa1-629c-591a-a3db-2ccfb0b4627d,8bba220f-6877-541d-adae-c8a59631d64b,5,40,አራተኛውም መጥቶ ያለፉትን በብዙ ድካምና ሕማም ይህን ዓለም የቀሙትን እነዚያን እንስሳ ሁሉ ድል ያደርጋቸዋል፤ ይህን ያህል ዘመን በዚህ ዓለም በተንኰል ኖረ።
6add8418-ab50-590b-a262-dff314e18335,c22a2fa1-629c-591a-a3db-2ccfb0b4627d,8bba220f-6877-541d-adae-c8a59631d64b,6,41,ዓለምንም በክፉ አገዛዝ ገዛት።
fd5c879b-1ea4-5cb1-adf5-cc08e175fb07,c22a2fa1-629c-591a-a3db-2ccfb0b4627d,8bba220f-6877-541d-adae-c8a59631d64b,7,42,ጻድቃንን ቀምቶአቸዋልና፥ ደጋጎቹንም በድሎአቸዋልና፥ ቅኖቹንም ጠልቶአቸዋልና፥ አሰተኞቹንም ወዶአቸዋልና፥ የጻድቃንንም አንባቸውን አፍርሶአልና፥ ያልበደሉትንም ቅጽራቸውን አፍርሶአልና።
171691b4-a820-529e-afff-eeaf716da478,c22a2fa1-629c-591a-a3db-2ccfb0b4627d,8bba220f-6877-541d-adae-c8a59631d64b,8,43,ኀጢአቱም ወደ ልዑል ደርሳለችና፥ ትዕቢቱም ወደ ኀያል ደርሳለችና።
2f2ad963-3722-5f37-a90a-11cc06cdb8dc,c22a2fa1-629c-591a-a3db-2ccfb0b4627d,8bba220f-6877-541d-adae-c8a59631d64b,9,44,ልዑልም የራሱን ሰዎች ተመልክትዋቸዋልና፥ እነሆም ዓመቱ ተፈጽሞአልና።
0d175d72-2b3a-5d51-a15f-1722412803f0,c22a2fa1-629c-591a-a3db-2ccfb0b4627d,8bba220f-6877-541d-adae-c8a59631d64b,10,45,ስለዚህም አንተ ንስር ፈጽመህ ትጠፋለህ፤ ኀጢአተኞች ክንፎችህ፥ ዝንጉዎች ራሶችህ፥ ክፉዎች ጥፍሮችህና ዐመፀኛው ሥጋህ ይጠፋሉ።
5208b4f8-90a4-5d52-a6f8-65d09d2b1f61,c22a2fa1-629c-591a-a3db-2ccfb0b4627d,8bba220f-6877-541d-adae-c8a59631d64b,11,46,ምድርም ከመከራዋ ሁሉ እፎይ ብላ ካንተ ፈጽማ ታርፍ ዘንድ የፈጣሪዋን ፍርዱንና ቸርነቱን ተስፋ ታደርጋለች።
acf2b11a-0a47-5217-a97c-6d17b14df5e2,b7affe21-42b5-54a3-af41-ff0fdee1275e,bf919fc4-aac1-5b12-a9bd-d7b5796be265,1,1,ከዚህም በኋላ ፈጣሪ ለዚያ ንስር ይህን ቃል በነገረው ጊዜ፥
6e0cf7aa-b914-5528-add3-658f69c4400f,b7affe21-42b5-54a3-af41-ff0fdee1275e,bf919fc4-aac1-5b12-a9bd-d7b5796be265,2,2,የቀረው ያ ራስ ጠፋ፤ወደ እርሱ የመጡ እነዚያም ክንፎች ተነሡ፤ እነርሱም ይገዙ ዘንድ ተነሡ፤ በጥፍራቸውም ይታወኩ ነበር።
ac2e2c5b-d75e-5d66-aa6c-e3f3ab0c1f97,b7affe21-42b5-54a3-af41-ff0fdee1275e,bf919fc4-aac1-5b12-a9bd-d7b5796be265,3,3,ከዚህ በኋላ እነርሱም ጠፉ፤ ሥጋቸውም ሁሉ ተቃጠለ፤ ምድርም ፈጽማ ደነገጠች። እኔም ከብዙ ምርምር የተነሣ ደነገጥሁ፤ በጽኑ ፍርሀትም ነቃሁ።
8e56cba5-4fa9-5e10-ae2d-bf2c7973ccf4,b7affe21-42b5-54a3-af41-ff0fdee1275e,bf919fc4-aac1-5b12-a9bd-d7b5796be265,4,4,ልቡናዬንም እንዲህ አልኋት፥ “የልዑልን ሥራ ስትመረምሪ አንቺ ይህን ሁሉ አደረግሽኝ።
c04f3fd3-6bd4-5a44-a4b8-8ac9704d47e7,b7affe21-42b5-54a3-af41-ff0fdee1275e,bf919fc4-aac1-5b12-a9bd-d7b5796be265,5,5,ሰውነቴም ደከመች፤ ልቡናዬም እጅግ ተጨነቀች፤ በብዙ ፍርሀት ተይዤ ምንም ኀይል የለኝም፤ በዚችም ሌሊት ደነገጥሁ።
eb47128a-f27e-5159-a01d-a1d34b93e1e6,b7affe21-42b5-54a3-af41-ff0fdee1275e,bf919fc4-aac1-5b12-a9bd-d7b5796be265,6,6,አሁንም ለዘለዓለሙ ያጸናኝ ዘንድ ወደ ልዑል እጸልያለሁ።”
1dd2b8d2-d077-5f36-a2a5-244976b1a7c0,b7affe21-42b5-54a3-af41-ff0fdee1275e,bf919fc4-aac1-5b12-a9bd-d7b5796be265,7,7,እንዲህም አልሁ፥ “አቤቱ ጌታዬ በዐይኖችህ ፊት ባለሟልነትን ካገኘሁ፥ በአንተም ዘንድ ራሴን ብፁዕ ካሰኘሁ፥ ጸሎቴም በፊትህ ከደረሰች፥
ada0ca59-b25c-516b-a447-9d33dfb7a040,b7affe21-42b5-54a3-af41-ff0fdee1275e,bf919fc4-aac1-5b12-a9bd-d7b5796be265,8,8,አድነኝ፤ አጽናኝም፤ ነፍሴም ፈጽማ ደስ ይላት ዘንድ የሚያስፈራ የዚህን ሕልም ትርጓሜ ለባሪያህ ንገረው።
a6b26780-e9a8-5216-a7f9-d6786c2aafa0,b7affe21-42b5-54a3-af41-ff0fdee1275e,bf919fc4-aac1-5b12-a9bd-d7b5796be265,9,9,በኋላ ዘመን የሚደረገውንና የዓለሙን ኅልፈት ያሳየኸኝ አንተ ብፁዕ አድርገኸኛልና።”
4f6c6423-fe68-5ba5-a803-351290ef4303,b7affe21-42b5-54a3-af41-ff0fdee1275e,3b449daf-0409-54fa-a4d6-9c7524e4c2a9,1,10,መልአኩም እንዲህ አለኝ፥ “ያየኸው የዚህ ሕልምህ ትርጓሜ እንዲህ ነው።
6798dc6f-1102-5a20-a027-d3901c223a84,b7affe21-42b5-54a3-af41-ff0fdee1275e,3b449daf-0409-54fa-a4d6-9c7524e4c2a9,2,11,ከባሕር ሲወጣ ያየኸው ይህ ንስር ለወንድምህ ለዳንኤል በሕልም የታየችው አራተኛዋ መንግሥት ናት።
093daf42-4a98-5ac3-acc8-ea8fbedd66a2,b7affe21-42b5-54a3-af41-ff0fdee1275e,3b449daf-0409-54fa-a4d6-9c7524e4c2a9,3,12,ነገር ግን ዛሬ ለአንተ እኔ እንደተረጐምሁልህ ለእርሱ አልተረጐምሁለትም።
50ae4a47-21d6-5e68-ae2d-14e034466eb8,b7affe21-42b5-54a3-af41-ff0fdee1275e,3b449daf-0409-54fa-a4d6-9c7524e4c2a9,4,13,እነሆ፥ ዘመን ይመጣል፤ በምድርም ከእርስዋ አስቀድሞ ከነበሩት መንግሥታት ይልቅ የምታስፈራ መንግሥት ትነሣለች።
99b751b1-9f34-5c52-a7eb-e12579d5e537,b7affe21-42b5-54a3-af41-ff0fdee1275e,3b449daf-0409-54fa-a4d6-9c7524e4c2a9,5,14,በእርሷም ዐሥራ ሁለት ነገሥታት በተከታታይ ይነግሣሉ።
0af41344-9018-5bef-ae45-ed1cc334c6ca,b7affe21-42b5-54a3-af41-ff0fdee1275e,3b449daf-0409-54fa-a4d6-9c7524e4c2a9,6,15,ቀጥሎ የሚነግሠውም በዘመኑ ከዐሥራ ሁለቱ ነገሥታት ፈጽሞ የሚጸና ነው።
7f800993-3df2-5128-a0bb-c9c25fae5feb,b7affe21-42b5-54a3-af41-ff0fdee1275e,3b449daf-0409-54fa-a4d6-9c7524e4c2a9,7,16,ያየሃቸው የእኒህ የዐሥራ ሁለቱ ክንፎች ትርጓሜ ይህ ነው።
971492e9-5c9d-53a9-af94-155b5c4f095c,b7affe21-42b5-54a3-af41-ff0fdee1275e,3b449daf-0409-54fa-a4d6-9c7524e4c2a9,8,17,ቃልን ሲናገር ያየኸው ይህም ከሥጋው መካከል ነው እንጂ ከራሱ የሚወጣ ሁለተኛው አይደለም።
47d593fa-83a0-5b32-a94d-fba665c20750,b7affe21-42b5-54a3-af41-ff0fdee1275e,3b449daf-0409-54fa-a4d6-9c7524e4c2a9,9,18,ትርጓሜውም እንዲህ ነው፤ ከዚያ መንግሥት ወገን መካከል ብዙ ሁከት ይፈጠራል፤ መንግሥትም ለመውደቅ ትንገዳገዳለች፤ ነገር ግን ጸንታ ትኖራለች እንጂ ያንጊዜ አትወድቅም።
25dd21d7-f9a2-5727-a5cf-0befd9965a25,b7affe21-42b5-54a3-af41-ff0fdee1275e,3b449daf-0409-54fa-a4d6-9c7524e4c2a9,10,19,ከክንፎቹም ራሶች ሲወጡ ያየኸው ይህ፥
86c13dec-99aa-5116-a18f-050505b02104,b7affe21-42b5-54a3-af41-ff0fdee1275e,3b449daf-0409-54fa-a4d6-9c7524e4c2a9,11,20,ትርጓሜው እንደዚህ ነው፤ ስምንቱ ነገሥታት በእርስዋ ይነግሣሉ፤ ዘመናቸውም የከፋ፥ ወራታቸውም ያጠረ ይሆናል፤ ከእነርሱ ሁለቱ ግን በዘመናቸው መካከል ፈጥነው ይጠፋሉ።
b157fc6a-b6aa-59cb-a2ca-2dfa73d974a4,b7affe21-42b5-54a3-af41-ff0fdee1275e,3b449daf-0409-54fa-a4d6-9c7524e4c2a9,12,21,ነገር ግን አራቱ መንግሥታት የሚጠፉበት ጊዜ እስኪደርስ ድረስ ይጠበቃሉ፤ ሁለቱም ለብዙ ዘመን ይጠበቃሉ።
02ceb986-93a4-533b-ace0-d42bcac78e11,b7affe21-42b5-54a3-af41-ff0fdee1275e,3b449daf-0409-54fa-a4d6-9c7524e4c2a9,13,22,“ዝም ብለው ያየሃቸው እነዚህ ሦስቱ ራሶችም፦
5439480c-1258-508b-ad6b-302493e5cd8d,b7affe21-42b5-54a3-af41-ff0fdee1275e,3b449daf-0409-54fa-a4d6-9c7524e4c2a9,14,23,ትርጓሜው እንዲህ ነው፤ ልዑል በኋላ ዘመን ሦስት ነገሥታትን ያስነሣል፤ በውስጧም ብዙውን ያድሳሉ፤ ምድርንም ያሠቃዩአታል።
83d76cc0-8c15-58ba-ab83-ad4c6a828548,b7affe21-42b5-54a3-af41-ff0fdee1275e,3b449daf-0409-54fa-a4d6-9c7524e4c2a9,15,24,በውስጧ የሚኖሩትንም ከእነርሱ በፊት ከነበሩት ሁሉ ይልቅ እጅግ ያሠቃዩአቸዋል። ስለዚህም የንስሩ ራሶች ተባሉ።
25e44ad2-dd4d-51ec-ab80-2e341df98739,b7affe21-42b5-54a3-af41-ff0fdee1275e,3b449daf-0409-54fa-a4d6-9c7524e4c2a9,16,25,እነርሱ የመንግሥት መጀመሪያዎች፥ የመንግሥትም መጨረሻዎች ናቸውና።
40868437-2709-59dd-a383-c232721e1ac9,b7affe21-42b5-54a3-af41-ff0fdee1275e,3b449daf-0409-54fa-a4d6-9c7524e4c2a9,17,26,ይህም ሲጠፋ ያየኸው አንዱ ታላቅ ራስ በታላቅ ጻእር ተጨንቆ በመኝታው የሚሞት ከእነርሱ አንዱ ነው።
e809ab12-f45b-59a8-a48b-f45b4bff2c59,b7affe21-42b5-54a3-af41-ff0fdee1275e,3b449daf-0409-54fa-a4d6-9c7524e4c2a9,18,27,የቀሩት እነዚያ ሁለቱ ግን በጦር ይሞታሉ።
b82381ac-e431-5d22-a725-618d0f295ceb,b7affe21-42b5-54a3-af41-ff0fdee1275e,3b449daf-0409-54fa-a4d6-9c7524e4c2a9,19,28,አንዱ ኋለኛውም በጦር ይሞታል።
818a59be-5e0b-55ab-a4c2-8b99dfdd37ab,b7affe21-42b5-54a3-af41-ff0fdee1275e,3b449daf-0409-54fa-a4d6-9c7524e4c2a9,20,29,“በቀኝ በኩል ወደ አለው ራሱ የሄዱት እነዚያ ያየሃቸው ሁለት ራሶችም፥
d9974e16-7330-5c38-a728-82a542fff514,b7affe21-42b5-54a3-af41-ff0fdee1275e,3b449daf-0409-54fa-a4d6-9c7524e4c2a9,21,30,ትርጓሜው ይህ ነው፤ ልዑል በኋላ ዘመን የጠበቃቸው፥ መጀመሪያው ጥፋት የሚደረግባቸው ናቸው፤ አንተ እንዳየኸውም ብዙ ጸብ ይደረጋል።
5871eb20-54b3-5245-a76e-cc694d99e197,b7affe21-42b5-54a3-af41-ff0fdee1275e,3b449daf-0409-54fa-a4d6-9c7524e4c2a9,22,31,ከዱር እያገሣ ሲወጣ ያንም ንስር በሰማኸው ሁሉ ነገር ሲናገረውና በኀጢአቱ ሁሉ ሲዘልፈው ያየኸው ይህ አንበሳም፥
030eacce-bda6-50ed-a035-8fdae2bf886d,b7affe21-42b5-54a3-af41-ff0fdee1275e,3b449daf-0409-54fa-a4d6-9c7524e4c2a9,23,32,ልዑል ለኋላ ዘመን የጠበቀው፥ ከዳዊትም ወገን የሚወለደው ነው፤ መጥቶም ኀጢአታቸውን ይነግራቸዋል፤ ስለበደላቸውም ይዘልፋቸዋል፤ በፊታቸውም ፍዳቸውን ይገልጥባቸዋል።
719e4c6c-bfc7-50f1-a163-8a26a2f0a795,b7affe21-42b5-54a3-af41-ff0fdee1275e,3b449daf-0409-54fa-a4d6-9c7524e4c2a9,24,33,በሕይወት ሳሉም አስቀድሞ በፍርድ ያቆማቸዋል፤ ከዘለፋቸውም በኋላ ያንጊዜ ያጠፋቸዋል።
61029e6e-4766-54d3-a41e-0fa5ba1d7d1d,b7affe21-42b5-54a3-af41-ff0fdee1275e,3b449daf-0409-54fa-a4d6-9c7524e4c2a9,25,34,ትሩፋኑን ግን በቸርነቱ በከበረ አውራጃ ይቤዣቸዋል፤ አስቀድሜም የነገርሁህ የፍርድ ቀን እስኪደርስ ድረስ ደስ ያሰኛቸዋል።
ac6038c7-05b3-5733-a477-c661afeb6a90,b7affe21-42b5-54a3-af41-ff0fdee1275e,3b449daf-0409-54fa-a4d6-9c7524e4c2a9,26,35,ያየኸው ሕልምህ ይህ ነው፤ ትርጓሜውም እንደዚህ ነው።
4f2ac424-90b9-5e43-add7-ca89a633fb44,b7affe21-42b5-54a3-af41-ff0fdee1275e,3b449daf-0409-54fa-a4d6-9c7524e4c2a9,27,36,ልዑል ይህን ምሥጢር አንተ ብቻ እንድታውቀው አደረገልህ።
6d413e6e-33a3-554a-a860-11e41ef6af61,b7affe21-42b5-54a3-af41-ff0fdee1275e,3b449daf-0409-54fa-a4d6-9c7524e4c2a9,28,37,ነገር ግን ይህን ያየኸውን ሁሉ ጻፈው፤ በተሰወረ ቦታም አኑረው።
e2d061b9-763e-5bef-a7f8-761db4f177e7,b7affe21-42b5-54a3-af41-ff0fdee1275e,3b449daf-0409-54fa-a4d6-9c7524e4c2a9,29,38,ይህንም ምሥጢር በልቡናቸው ለመጠበቅ እንዲቻላቸው አንተ ለምታውቃቸው ለጠቢባን አስተምራቸው።
41ad36e1-aae4-5267-a2ac-90521f1d539e,b7affe21-42b5-54a3-af41-ff0fdee1275e,3b449daf-0409-54fa-a4d6-9c7524e4c2a9,30,39,አንተ ግን ልዑል ሊያሳይህ የሚወድደውን ታይ ዘንድ ዳግመኛ ሰባት ቀን በዚህ ተቀመጥ።”
ec59a704-a00d-5f5a-a316-e48cc5e756ca,b7affe21-42b5-54a3-af41-ff0fdee1275e,b472fef4-39c6-5cc6-ae41-1d5e05697e42,1,40,ከዚህም በኋላ ከእኔ ተለይቶ ሄደ፤ እኒያ ሰባት ቀኖች እንዳለፉ፥ እኔም ወደ ከተማ እንዳልገባሁ ሰዎች ሁሉ በሰሙ ጊዜ፥ ሕዝቡ ሁሉ ትንሹም ትልቁም ተሰብስበው ወደ እኔ መጡ፤ እንዲህም አሉኝ፦
7b61c8c7-ca08-53f9-a896-018fa135bfa7,b7affe21-42b5-54a3-af41-ff0fdee1275e,b472fef4-39c6-5cc6-ae41-1d5e05697e42,2,41,“እኛን ትተኸን በዚህ ምድረ በዳ ትኖር ዘንድ ምን በደልንህ? ምንስ ግፍ ሠራንብህ?
1c9a6810-3b86-5506-a27e-5736376e20ae,b7affe21-42b5-54a3-af41-ff0fdee1275e,b472fef4-39c6-5cc6-ae41-1d5e05697e42,3,42,ከሚለቅሙት ፍሬ ሁሉ እንደ አንድ ፍሬ፥ በጨለማ ቦታ ውስጥም እንደ አለ መብራት፥ ከጥልቅም እንደሚያድን የመርከብ ወደብ ከነቢያት ሁሉ አንድ አንተ ብቻ ቀርተህልናልና።
f2616412-6df1-5581-a09b-7ffdd096426f,b7affe21-42b5-54a3-af41-ff0fdee1275e,b472fef4-39c6-5cc6-ae41-1d5e05697e42,4,43,ወይስ ያገኘችን መከራ አልበቃችንምን?
73d5485b-2c46-5e14-ae86-f0376a6826b3,b7affe21-42b5-54a3-af41-ff0fdee1275e,b472fef4-39c6-5cc6-ae41-1d5e05697e42,5,44,አንተስ የምትለየን ከሆነ ጽዮን በተቃጠለች ጊዜ ብንኖር በተሻለን ነበር፤
60d8cfad-86be-51f8-ae1e-516143e7462a,b7affe21-42b5-54a3-af41-ff0fdee1275e,b472fef4-39c6-5cc6-ae41-1d5e05697e42,6,45,በዚያ ከሞቱት ሰዎች እኛ የምንሻል አይደለንምና።” በታላቅ ድምፅም አለቀሱ።
a417f9e7-831f-5858-a6ba-f71fd2bcb7a1,b7affe21-42b5-54a3-af41-ff0fdee1275e,b472fef4-39c6-5cc6-ae41-1d5e05697e42,7,46,እኔም መለስሁላቸው፤ እንዲህም አልሁአቸው፥ “የያዕቆብ ልጆች እመኑ፤ የእስራኤልም ወገኖች አትዘኑ።
ca63fd0b-eb90-5a18-a3da-85b4a814b685,b7affe21-42b5-54a3-af41-ff0fdee1275e,b472fef4-39c6-5cc6-ae41-1d5e05697e42,8,47,መታሰቢያችን በልዑል ፊት አለና፥ የማይዘነጋን እርሱም ጽኑዕ ነውና።
e18fb4c2-a05b-51b4-a275-b1506b00b0b3,b7affe21-42b5-54a3-af41-ff0fdee1275e,b472fef4-39c6-5cc6-ae41-1d5e05697e42,9,48,እኔስ አልተዋችሁም፤ ከእናንተም አልርቅም፤ ነገር ግን ወደዚህ ቦታ የመጣሁት ስለ ጽዮን ጥፋት እለምን ዘንድ ነው፤ በደስታችን ላይ ስለ መጣብንም መከራ ይቅርታን እለምን ዘንድ ነው።
6571142d-96a1-5c2c-ae67-8b8ade38f747,b7affe21-42b5-54a3-af41-ff0fdee1275e,b472fef4-39c6-5cc6-ae41-1d5e05697e42,10,49,አሁንም ሁላችሁ ወደየቤታችሁ ግቡ፤ እኔም ወደ እናንተ እመጣለሁ።”
bc9b65c6-942f-50b9-a091-64a7a82373b9,b7affe21-42b5-54a3-af41-ff0fdee1275e,b472fef4-39c6-5cc6-ae41-1d5e05697e42,11,50,ከእነዚያም ወራቶች በኋላ ሕዝቡ እንዳዘዝኋቸው ወደ ከተማ ወደየቤታቸው ገቡ።
6a9e00f8-da58-5566-ab89-5ab057cabf0c,b7affe21-42b5-54a3-af41-ff0fdee1275e,b472fef4-39c6-5cc6-ae41-1d5e05697e42,12,51,እኔ ግን መልአኩ እንዳዘዘኝ በዚያ ቦታ በምድረ በዳው ውስጥ ሰባት ቀን ተቀመጥሁ፤ ከምድረ በዳ ፍሬ ብቻም ተመገብሁ፤ በእነዚያም በሰባቱ ቀኖች ከምድረ በዳው ቅጠል በላሁ።
d66e819b-ecec-57b3-a275-af5a68239a0b,3dc51a09-4162-5889-a72d-a85d935daeac,797e37c4-757d-5a50-a5bf-0818c3531bf4,1,1,ከዚህም ከሰባተኛው ቀን በኋላ በሌሊት ሕልምን አየሁ።
034304cc-ae61-5478-a4dd-c487a20e15f6,3dc51a09-4162-5889-a72d-a85d935daeac,797e37c4-757d-5a50-a5bf-0818c3531bf4,2,2,እነሆ፥ ጽኑ ነፋስ ከባሕር ሲወጣ አየሁ፤ ማዕበሎቹም ሁሉ ታወኩ።
560eff7e-e2db-5051-a4ae-544575ff209e,3dc51a09-4162-5889-a72d-a85d935daeac,797e37c4-757d-5a50-a5bf-0818c3531bf4,3,3,ያም ነፋስ በሰው አምሳል ከባሕሩ ሲወጣ አየሁ፤ ከዚህ በኋላ ያ ሰው ከሰማይ ደመናዎች ጋር ወጣ፤ ፊቱንም መልሶ ባየ ጊዜ፥ ሁሉ በጊዜው ጊዜ ወደ እርሱ ይመጣል።
e4b6f855-aa9a-50f9-ab00-9cc95afb6087,3dc51a09-4162-5889-a72d-a85d935daeac,797e37c4-757d-5a50-a5bf-0818c3531bf4,4,4,ቃሉም በወጣ ጊዜ ከቃሉ የተነሣ ሁሉ ይቀልጣል፤ ቃሉን የሰሙት ሁሉም አደሮ ማር ወደ እሳት በቀረበ ጊዜ እንደሚቀልጥ ይቀልጣሉ።
3aa44938-1300-5f1d-a286-aafff1d27d1e,3dc51a09-4162-5889-a72d-a85d935daeac,797e37c4-757d-5a50-a5bf-0818c3531bf4,5,5,ከዚህ በኋላ ቍጥር የሌላቸው ብዙ ሰዎች ከባሕር የወጣ ይኽን ሰው ይዋጉት ዘንድ ከአራቱ ማዕዘን ሲሰበሰቡ አየሁ።
c7c7abfb-80fa-54cb-ac5a-0cbc8c7fea5f,3dc51a09-4162-5889-a72d-a85d935daeac,797e37c4-757d-5a50-a5bf-0818c3531bf4,6,6,ከዚህ በኋላም ታላቅ ተራራን ሠራ፤ በላዩም ተቀመጠ።
3d31b0dd-8908-59fe-a771-9cb46f134dfa,3dc51a09-4162-5889-a72d-a85d935daeac,797e37c4-757d-5a50-a5bf-0818c3531bf4,7,7,ያ ተራራም የተሠራበትን ላውቅ ወደድሁ፤ ነገር ግን አልቻልሁም።
cbf86f61-d136-5893-a0ea-745ea80f2f87,3dc51a09-4162-5889-a72d-a85d935daeac,797e37c4-757d-5a50-a5bf-0818c3531bf4,8,8,ከዚህም በኋላ ይጣሉት ዘንድ የተሰበሰቡት ሁሉ ፈጽመው ፈሩት። ነገር ግን ይዋጉት ዘንድ ደፈሩ።
0795b7ba-59b8-5564-ae60-3f4e2587a07b,3dc51a09-4162-5889-a72d-a85d935daeac,797e37c4-757d-5a50-a5bf-0818c3531bf4,9,9,ከዚህም በኋላ በከበቡት ጊዜ፥ ወደ እርሱም በመጡ ጊዜ እጁን በእነርሱ ላይ አላነሣም፤ ጦርን ወይም ማናቸውንም የጦር መሣሪያ አላነሣም።
6834bb8d-4a3a-5db5-a739-4ae54b2b58a4,3dc51a09-4162-5889-a72d-a85d935daeac,797e37c4-757d-5a50-a5bf-0818c3531bf4,10,10,ከአፉ የእሳት ማዕበልን፥ ከከንፈሩም የእሳት ነበልባልን፥ ከአንደበቱም የእሳት ፍምን እንደ ጥቅል ነፋስ አወጣ እንጂ፤ ያ የእሳት ማዕበል፥ ያም የእሳት ነበልባል፥ ያም የእሳት ፍም ሁሉ ተቀላቅሎ እንደ ጥቅል ነፋስ ሆነ።
a43c2d2d-0a6a-5de4-ac7f-1711e1fdea23,3dc51a09-4162-5889-a72d-a85d935daeac,797e37c4-757d-5a50-a5bf-0818c3531bf4,11,11,ሊገድሉት በከበቡት በእነዚያ በብዙዎች ላይም ወረደ፤ ከዐመዳቸው ትቢያና ከቃጠሏቸው ጢስ በቀር ከእነርሱ የተረፈ እስከማይኖር ድረስ ሁሉንም አቃጠላቸው። ከዚህም በኋላ ደንግጬ ነቃሁ።
2c64f18b-3341-5a08-a2b2-77f66c7bb40e,3dc51a09-4162-5889-a72d-a85d935daeac,797e37c4-757d-5a50-a5bf-0818c3531bf4,12,12,ከዚህም በኋላ ያን ሰው ከዚሁ ተራራ ሲወርድ አየሁት፤ ለእርሱ የሚስማሙ ብዙዎች ሌሎችንም ወደ እርሱ ጠራ።
a99fc750-cc0a-5f1a-a192-c6fa8a61c856,3dc51a09-4162-5889-a72d-a85d935daeac,797e37c4-757d-5a50-a5bf-0818c3531bf4,13,13,ብዙ ሰዎችም ወደ እርሱ መጡ፤ ከእነርሱም ደስ ያላቸው ነበሩ፤ ከእነርሱም ያዘኑ ነበሩ፤ ከእነርሱም እስረኞች ነበሩ። ከዚህ በኋላ ይህ ሁሉ በደረሰብኝ ጊዜ ደንግጬ ነቃሁ፤ ወደ ልዑልም ጸለይሁ።
d4ebc6f1-0bd2-5687-a1b6-c452de311eb2,3dc51a09-4162-5889-a72d-a85d935daeac,797e37c4-757d-5a50-a5bf-0818c3531bf4,14,14,እንዲህም አልሁ፥ “ቀድሞ አንተ ይህን ጌትነትህን ለባሪያህ አሳየኸው፤ ጸሎቴንም ትሰማ ዘንድ አደረግህልኝ።
6c09c38e-3f30-5feb-a72c-37ebae130b29,3dc51a09-4162-5889-a72d-a85d935daeac,797e37c4-757d-5a50-a5bf-0818c3531bf4,15,15,አሁንም የዚህን የሕልሜን ትርጓሜ ዳግመኛ ንገረኝ።
bfafc7d0-fbbc-5adb-accd-9bd2d2b268d2,3dc51a09-4162-5889-a72d-a85d935daeac,797e37c4-757d-5a50-a5bf-0818c3531bf4,16,16,ነገር ግን እኔስ እንደምጠራጠረው በእነዚያ ወራቶች ለሚኖሩ ሰዎች ወዮላቸው! ይልቁንም ላልነበሩት ወዮላቸው!
4b8c171a-d585-581f-ac0d-57572e651a0e,3dc51a09-4162-5889-a72d-a85d935daeac,797e37c4-757d-5a50-a5bf-0818c3531bf4,17,17,በኋላ ዘመን የሚቈያቸውን ገና ያልደረሰላቸውን ባለማወቅ ያዝናሉና።
652d75e5-3e21-56ea-a6a2-1e1aa29defe8,3dc51a09-4162-5889-a72d-a85d935daeac,797e37c4-757d-5a50-a5bf-0818c3531bf4,18,18,ላሉት ግን ፈጽመው ስላወቁት ነው።
d329bd5c-5e95-5977-ade5-3cd8d4d7df10,3dc51a09-4162-5889-a72d-a85d935daeac,797e37c4-757d-5a50-a5bf-0818c3531bf4,19,19,ስለዚህም ወዮላቸው! በዚህ ሕልም እንዳየሁ ታላቅ ጭንቅንና ብዙ ድካምን ያያሉና።
4ffdbc50-13bf-5192-ac95-bd1c97081b19,3dc51a09-4162-5889-a72d-a85d935daeac,797e37c4-757d-5a50-a5bf-0818c3531bf4,20,20,ነገር ግን ይህ ሳይደርስ መከራ መቀበል ይሻላል፤ እንደ ደመናም ከዚህ ዓለም ያልፉ ዘንድ ይሻላል፤ በኋላ ዘመን የምታገኛቸውን አያውቁምና።”
f6429b4c-691c-58b1-a734-9edec0cd8958,3dc51a09-4162-5889-a72d-a85d935daeac,af4b7d74-7d4c-5621-a09c-d30d8d668726,1,21,እርሱም መለሰልኝ እንዲህም አለኝ፥ “የዚህን የሕልምህን ትርጓሜ እነግርሃለሁ፤ ይህን ያልኸኝንም እተረጕምልሃለሁ።
db7f4cc7-5917-530a-a36e-e2a5e7eee936,3dc51a09-4162-5889-a72d-a85d935daeac,af4b7d74-7d4c-5621-a09c-d30d8d668726,2,22,ስለሚቀሩትና ስለሚኖሩት ተናግረሃልና ትርጓሜው እንዲህ ነው።
91ed5a17-a2e7-5dc8-ae7c-52f9da349b96,3dc51a09-4162-5889-a72d-a85d935daeac,af4b7d74-7d4c-5621-a09c-d30d8d668726,3,23,በእነዚያ ወራቶች ያን መከራ የሚያዩት እነዚያ የሚቀሩት ናቸው፤ ያም መከራ የሚያገኛቸውንና በልዑል ዘንድ ሃይማኖትና በጎ ምግባር፥ ጽናትም ያላቸውን እርሱ ራሱ ይጠብቃቸዋል።
a0d6f4ad-8de2-5601-a4fe-611ea9ad8a45,3dc51a09-4162-5889-a72d-a85d935daeac,af4b7d74-7d4c-5621-a09c-d30d8d668726,4,24,ነገር ግን ከሞቱት ይልቅ በሕይወት የቀሩት ፈጽመው ብፁዓን እንደ ሆኑ ዕወቅ።
2f958c97-a927-5d4a-ad40-b0f4f232079b,3dc51a09-4162-5889-a72d-a85d935daeac,af4b7d74-7d4c-5621-a09c-d30d8d668726,5,25,የዚህስ የሕልምህ ትርጓሜው እንደዚህ ነው፤ ከባሕር ሲወጣ ያየኸው ይህ ሰው፥
43d3b9e6-2f07-579a-af9f-4515ad70e80c,3dc51a09-4162-5889-a72d-a85d935daeac,af4b7d74-7d4c-5621-a09c-d30d8d668726,6,26,ዓለሙን ሁሉ በእርሱ ያድን ዘንድ ለኋላ ዘመን ልዑል የጠበቀው ይህ ነው። እርሱም የተረፉትን በሥርዐት ያኖራቸዋል።
506328a3-ae63-5dc8-a971-21784ee62f49,3dc51a09-4162-5889-a72d-a85d935daeac,af4b7d74-7d4c-5621-a09c-d30d8d668726,7,27,እንደ ጥቅል ነፋስ ከአፉ የእሳት ነበልባል፥ የእሳትም ፍሕም ሲወጣ ያየኸው፥
9f9f6c5e-d33b-5431-a7aa-86db8de07c46,3dc51a09-4162-5889-a72d-a85d935daeac,af4b7d74-7d4c-5621-a09c-d30d8d668726,8,28,ጦሩን ወይም የጦር መሣሪያውን ያላነሣ፥ ግን የከበቡትንና ሊገድሉት የመጡትን እነዚያን ብዙዎችን ያጠፋቸው ትርጓሜው እንዲህ ነው።
ded7f97d-7f2e-50ac-a454-b5ddfbab7ba0,3dc51a09-4162-5889-a72d-a85d935daeac,af4b7d74-7d4c-5621-a09c-d30d8d668726,9,29,በምድር የሚኖሩትን ልዑል የሚያድንበት ዘመን ይመጣል።
ffa10fd1-acda-5602-ac8d-c0039c208861,3dc51a09-4162-5889-a72d-a85d935daeac,af4b7d74-7d4c-5621-a09c-d30d8d668726,10,30,ያንጊዜ እርስ በእርሳቸው ይወነጃጀላሉ።
3752b7b8-48ab-5c28-a8c7-3e077f8a27b4,3dc51a09-4162-5889-a72d-a85d935daeac,af4b7d74-7d4c-5621-a09c-d30d8d668726,11,31,ከተማ ከከተማ ጋር፥ ገጠር ከገጠር ጋር፥ ሕዝብ ከሕዝብ ጋር፥ መንግሥታት ከመንግሥታት ጋር ይዋጋሉ።
ca081928-f901-5008-a930-37aac0b82e3f,3dc51a09-4162-5889-a72d-a85d935daeac,af4b7d74-7d4c-5621-a09c-d30d8d668726,12,32,ይህም በተደረገ ጊዜ፥ ቀድሞ ያሳየሁህ ምልክቱም በደረሰ ጊዜ ያንጊዜ ከባሕር ሲወጣ ያየኸው ያ ሰው ይገለጣል።
170e0d8a-88f1-556e-ab7e-33e2dd3acab6,3dc51a09-4162-5889-a72d-a85d935daeac,af4b7d74-7d4c-5621-a09c-d30d8d668726,13,33,“አሕዛብም ሁሉ ቃሉን በሰሙ ጊዜ ሀገሮቻቸውና እርስ በርሳቸው የሚጣሉበትን ጠባቸውን ይተዋሉ።
4fa6aebc-9167-5606-ad1e-aec6c87b87d5,3dc51a09-4162-5889-a72d-a85d935daeac,af4b7d74-7d4c-5621-a09c-d30d8d668726,14,34,ቍጥር የሌላቸው ሰዎች እንዳየሃቸው መጥተው ሊገድሉት ወድደው በአንድነት በዝተው ይሰበሰባሉ።
602bc30c-4ab0-5f02-a766-36b7a8280f0b,3dc51a09-4162-5889-a72d-a85d935daeac,af4b7d74-7d4c-5621-a09c-d30d8d668726,15,35,እርሱ ግን በጽዮን ተራራ ራስ ይቆማል።
8b7fc821-8f88-510d-afd6-4fdeaf4002dd,3dc51a09-4162-5889-a72d-a85d935daeac,af4b7d74-7d4c-5621-a09c-d30d8d668726,16,36,ያለ ሰው እጅ የተፈጠረው ተራራ ሲወጣ እንዳየኸው፥ ጽዮን ትመጣለች፤ ተዘጋጅታና ተሠርታም ለሁሉ ትታያለች፤
0b67dba4-eabd-5010-a12c-8c1f80eec352,3dc51a09-4162-5889-a72d-a85d935daeac,af4b7d74-7d4c-5621-a09c-d30d8d668726,17,37,እንደ ዓውሎ ነፋስ የሆኑ አሕዛብን በኀጢአታቸው የሚዘልፋቸው እርሱ ወልድ ነው። የሥራቸውንም ክፋት በፊታቸው ይገልጥባቸዋል። እንደ እሳት ነበልባል የሆኑትም በጽኑዕ የሚሠቃዩበትን ይገልጣል።
736f0092-15f6-5edf-a575-9a11509ceeb7,3dc51a09-4162-5889-a72d-a85d935daeac,af4b7d74-7d4c-5621-a09c-d30d8d668726,18,38,እንደ እሳት ፍም የሆኑትንም ያለ ድካም ከኀጢአታቸው ጋር ያጠፋቸዋል።
9aff490a-ebc1-5520-ae23-1ad0a1705e58,3dc51a09-4162-5889-a72d-a85d935daeac,af4b7d74-7d4c-5621-a09c-d30d8d668726,19,39,“ለእርሱ የሚስማሙ ብዙዎች ወደ እርሱ ሲሰበሰቡ ያየኸውም፥
9ef722e4-1629-5cad-a0a8-380bfe706895,3dc51a09-4162-5889-a72d-a85d935daeac,af4b7d74-7d4c-5621-a09c-d30d8d668726,20,40,እኒህ በአሦር ንጉሥ በስልምናሶር ዘመን ካገራቸው የተማረኩ፥ እርሱም በመንግሥቱ የማረካቸው፥ በወንዙ ማዶም ያኖራቸው ዘጠኙ ነገድና የነገድ እኩሌታ ናቸው፤ ተመልሰውም ሌላ ሆኑ።
343bfd41-9545-52dc-a854-a870d4dee41d,3dc51a09-4162-5889-a72d-a85d935daeac,af4b7d74-7d4c-5621-a09c-d30d8d668726,21,41,የወገናቸውን ነገድ ይተዉ ዘንድ፥ የሰው ወገን ወደማይኖርበት ሀገርም ይሄዱ ዘንድ እነርሱ ራሳቸው ይህችን ምክር አወጧት።
86437881-81d4-5c30-a8bd-bca0e32cc2aa,3dc51a09-4162-5889-a72d-a85d935daeac,af4b7d74-7d4c-5621-a09c-d30d8d668726,22,42,በሀገራቸው ያልጠበቁትን ሕግ ይጠብቁ ዘንድ፥
0da15408-1207-5ff7-a8d3-245d519a04ca,3dc51a09-4162-5889-a72d-a85d935daeac,af4b7d74-7d4c-5621-a09c-d30d8d668726,23,43,መግቢያው ጠባብ ወደ ሆነ ወደ ኤፍራጥስም ገቡ።
7033fd36-b48d-5e86-a306-05d2fd40392f,3dc51a09-4162-5889-a72d-a85d935daeac,af4b7d74-7d4c-5621-a09c-d30d8d668726,24,44,ያንጊዜም ልዑል ተአምር አደረገላቸው፤ የወንዙንም ምንጭ እስኪያልፉ ድረስ አቆመላቸው።
1bc98486-1942-589b-a018-293ceaab3f76,3dc51a09-4162-5889-a72d-a85d935daeac,af4b7d74-7d4c-5621-a09c-d30d8d668726,25,45,ሀገሩ ግን ዓመት ከመንፈቅ ያስሄዳል፤ የሀገሩም ስም አዛፍ ይባላል።
91f9b2e4-16b8-5071-a6f8-e7a6c05ce2c0,3dc51a09-4162-5889-a72d-a85d935daeac,af4b7d74-7d4c-5621-a09c-d30d8d668726,26,46,“እስከ ኋለኛውም ዘመን ድረስ በዚህ ኖሩ፤ ከዚህም በኋላ ዳግመኛ ይመለሱ ዘንድ ባላቸው ጊዜ፦
ce717f23-075a-5259-aaf4-c71c1e64c889,3dc51a09-4162-5889-a72d-a85d935daeac,af4b7d74-7d4c-5621-a09c-d30d8d668726,27,47,መሻገር ይችሉ ዘንድ የወንዙን ምንጭ ልዑል ዳግመኛ ያቆምላቸዋል።
0084a8cd-65fa-5829-af08-883628812ccb,3dc51a09-4162-5889-a72d-a85d935daeac,af4b7d74-7d4c-5621-a09c-d30d8d668726,28,48,ስለዚህም ስለ አየኸው ነገር ከሕዝቡ አብዛኛዎቹን ይወስዷቸዋል። እነርሱም በከበረው ቦታዬ ይገኛሉ።
dc94e1b7-69ca-5bb7-a2bc-7d924798a319,3dc51a09-4162-5889-a72d-a85d935daeac,af4b7d74-7d4c-5621-a09c-d30d8d668726,29,49,በእርሱ ላይ የተሰበሰቡ እነዚያን ብዙዎችንም ባጠፋቸው ጊዜ ያንጊዜ የቀሩትን ሕዝብ ያጸናቸዋል።
973b7be3-4894-5135-ad30-c48da299630e,3dc51a09-4162-5889-a72d-a85d935daeac,af4b7d74-7d4c-5621-a09c-d30d8d668726,30,50,ያንጊዜም ብዙ ምልክቱን ያሳያቸዋል።”
a1fdeadc-cc5c-5c92-a360-e27db341d35b,3dc51a09-4162-5889-a72d-a85d935daeac,af4b7d74-7d4c-5621-a09c-d30d8d668726,31,51,እኔም እንዲህ አልሁት፥ “አቤቱ ጌታዬ፥ ይህንም ንገረኝ፤ ከባሕር መካከል ሰው ሲወጣ እኔ ያየሁት ስለ ምንድን ነው?”
7a131022-6a74-52a8-ac62-f8ca70caead6,3dc51a09-4162-5889-a72d-a85d935daeac,af4b7d74-7d4c-5621-a09c-d30d8d668726,32,52,እንዲህም አለኝ፦ በባሕሩ ጥልቀት ውስጥ ያለውን ማንም ማወቅ እንደማይችል እንደዚሁም በምድር ካሉት ወልድን ማወቅ የሚችል ማንም የለም፤ ሰዓቱና ቀኑ በደረሰ ጊዜ ነው እንጂ፤ ከእርሱም ጋር ያሉት አያውቁትም።
6b5851df-8186-5069-aba4-e420dec98815,3dc51a09-4162-5889-a72d-a85d935daeac,af4b7d74-7d4c-5621-a09c-d30d8d668726,33,53,ያየኸው የሕልምህ ትርጓሜው ይህ ነው፤ ስለዚህም ለአንተ ብቻ አሳየሁህ።
ff5090dd-aaba-58dc-ab25-e131f67fd1b2,3dc51a09-4162-5889-a72d-a85d935daeac,af4b7d74-7d4c-5621-a09c-d30d8d668726,34,54,ግዳጅህን ትተህ የእኔን ግዳጅ ተከትለሃልና ሕጌንም ፈልገሃልና።
2eb489f0-0fc7-5abc-aa2e-1d3ddd4789f4,3dc51a09-4162-5889-a72d-a85d935daeac,af4b7d74-7d4c-5621-a09c-d30d8d668726,35,55,ሕይወትህንም ለዕውቀት አዘጋጅተሃልና፤ ጥበብንም እናት አድርገሃታልና።
cc92fbad-714f-5d88-a104-20e98cc3a575,3dc51a09-4162-5889-a72d-a85d935daeac,af4b7d74-7d4c-5621-a09c-d30d8d668726,36,56,ስለዚህም ይህን ገለጥሁልህ፤ ዋጋህ በልዑል ዘንድ አለና፥ እንግዲህስ ወዲህ ከጥቂት ቀን በኋላ ና፤ የምነግርህ ሌላ ነገር አለና፥ ድንቅንም እተረጕምልሃለሁና።”
74d2ea67-5ecf-5f9a-a867-788373f659e5,3dc51a09-4162-5889-a72d-a85d935daeac,af4b7d74-7d4c-5621-a09c-d30d8d668726,37,57,በየጊዜው ስለሚያደርገው ስለ ድንቅ ሥራውም እግዚአብሔርን አመሰግነውና አከብረው ዘንድ ወደ ምድረ በዳ አልፌ ሄድሁ።
7b30664a-8756-55d6-a832-aeb5513fb3c7,3dc51a09-4162-5889-a72d-a85d935daeac,af4b7d74-7d4c-5621-a09c-d30d8d668726,38,58,ዘመኖቹን ያዘጋጃቸዋልና፥ ይህንም በየዓመቱ ያደርጋልና። በዚያም ሦስት ቀን ተቀመጥሁ።
ed982b68-0c7d-5103-a577-9cfdf0e2af33,e7c145f6-a52c-5343-a1c1-a5556ae38d66,0648f795-d5fd-5b40-a103-4a5d78e394c0,1,1,በሦስተኛውም ቀን በዛፍ ሥር ተቀምጬ ሳለሁ፦
6bef661e-28e6-5b36-af26-3bd2c98433d6,e7c145f6-a52c-5343-a1c1-a5556ae38d66,0648f795-d5fd-5b40-a103-4a5d78e394c0,2,2,ከዚያች ዛፍ ፊት ለፊት ቃል መጣ፤ “ዕዝራ! ዕዝራ!” ብሎ ጠራኝ፤ እኔም፥ “እነሆኝ ጌታ ሆይ፥” አልሁ፤ ተነሥቼም ቆምሁ፤
4678373e-bc25-502e-a3b0-a4479e1d6d9d,e7c145f6-a52c-5343-a1c1-a5556ae38d66,0648f795-d5fd-5b40-a103-4a5d78e394c0,3,3,እርሱም እንዲህ አለኝ፥ “ለሙሴ ፈጽሜ ታየሁት፤ ወገኖችም ለግብፅ በተገዙ ጊዜ ጳጦስ በሚባል እንጨት ሥር ተናገርሁት።
0eac4761-5227-5ee1-aaca-c85a9c12e835,e7c145f6-a52c-5343-a1c1-a5556ae38d66,0648f795-d5fd-5b40-a103-4a5d78e394c0,4,4,ላክሁትም፤ ወገኖችንም ከግብፅ አወጣኋቸው፤ ሙሴንም ወደ ደብረ ሲና ወሰድሁት፤ ብዙ ቀንም በእኔ ዘንድ አኖርሁት።
bc5369d8-822b-5e9e-a7fe-4ff12119e261,e7c145f6-a52c-5343-a1c1-a5556ae38d66,0648f795-d5fd-5b40-a103-4a5d78e394c0,5,5,ብዙ ድንቅን ነገርሁት፤ የዘመናትንም ምሥጢር አሳየሁት፤ ኋለኛውንም ዘመን ነገርሁት።
336b1c7f-463e-5c61-a4be-c1fc5fa6d9f3,e7c145f6-a52c-5343-a1c1-a5556ae38d66,0648f795-d5fd-5b40-a103-4a5d78e394c0,6,6,ይህን ነገር ተናገር፤ ይህንም ነገር ሰውር ብዬ አዘዝሁት።
84c3b058-2324-570a-a672-24f1465a5b15,e7c145f6-a52c-5343-a1c1-a5556ae38d66,0648f795-d5fd-5b40-a103-4a5d78e394c0,7,7,አሁንም ለአንተ እልሃለሁ፦
281820fe-b553-5ac1-a6b4-250d55e0bf93,e7c145f6-a52c-5343-a1c1-a5556ae38d66,0648f795-d5fd-5b40-a103-4a5d78e394c0,8,8,የነገርሁህን ያን ነገር ታውቅ ዘንድ፥ ያየኸው ሕልምህንም፥ የሰማኸውን ትርጓሜውንም በልቡናህ ጠብቀው።
15212989-13aa-5f41-aea4-46c9996eb87e,e7c145f6-a52c-5343-a1c1-a5556ae38d66,0648f795-d5fd-5b40-a103-4a5d78e394c0,9,9,ከሰው ለይተው ይወስዱሃልና፥ ከዚህም በኋላ ዓለም እስኪያልፍ ድረስ እንዳንተ ያሉት ባሉበት ቦታ ከልጆች ጋር ትኖራለህ።
c07ddb5d-cf81-599d-ad7f-577f808f0656,e7c145f6-a52c-5343-a1c1-a5556ae38d66,0648f795-d5fd-5b40-a103-4a5d78e394c0,10,10,የዓለም የጐልማሳነቱ ወራት አልፏልና፥ ዘመኑም አርጅትዋልና።
e462b3e2-7640-5491-aea2-bc1f5240eb2c,e7c145f6-a52c-5343-a1c1-a5556ae38d66,0648f795-d5fd-5b40-a103-4a5d78e394c0,11,11,ዓለም ለዐሥር ክፍል ተከፍሏልና እስከ ዐሥርም ድረስ ደርሷልና።
629544be-5151-52cc-ae2d-6c203d856585,e7c145f6-a52c-5343-a1c1-a5556ae38d66,0648f795-d5fd-5b40-a103-4a5d78e394c0,12,12,የዐሥረኛው እኩሌታ ቀርትዋልና።
ad5168bb-3836-599c-aa1b-4f12148153b2,e7c145f6-a52c-5343-a1c1-a5556ae38d66,0648f795-d5fd-5b40-a103-4a5d78e394c0,13,13,አሁን ግን ቤትህን አዘጋጅ፤ አዘንተኞቻቸውንም ደስ አሰኛቸው፤ ዐዋቆቻቸውንም ልብ አስደርጋቸው፤ እንግዲህ የምታልፍ ሕይወትንም ተዋት።
8b84fa2a-8207-5aa4-afeb-aa46c3ab45e5,e7c145f6-a52c-5343-a1c1-a5556ae38d66,0648f795-d5fd-5b40-a103-4a5d78e394c0,14,14,መዋቲ አሳብን እንግዲህ ተወው፤ የሰው ሸክምንም ከላይህ ጣል፤ የሚሞት አሳብንም ተው፤ የማይሞተውንም ልበስ፤ እንግዲህም ወዲህ ከዚህ ዓለም ትሸጋገር ዘንድ አፍጥን።
03e6e8ba-b463-543b-a451-90f6c8f3683f,e7c145f6-a52c-5343-a1c1-a5556ae38d66,0648f795-d5fd-5b40-a103-4a5d78e394c0,15,15,ይች ያየሃት ክፋት ዛሬ ደርሳለችና፤ እንግዲህ ወዲህ ከእርሷ የምትከፋ ዳግመኛ ትደረጋለችና።
bc4bb7ed-1ed6-58bd-a358-d85a7bf013a8,e7c145f6-a52c-5343-a1c1-a5556ae38d66,0648f795-d5fd-5b40-a103-4a5d78e394c0,16,16,ዓለም እያረጀና እየደከመ በሚሄድ መጠን እንዲሁ በውስጡ የሚኖሩ ክፋታቸው ትበዛለችና።
15ced22e-b760-517e-aa44-15b4d6f2c051,e7c145f6-a52c-5343-a1c1-a5556ae38d66,0648f795-d5fd-5b40-a103-4a5d78e394c0,17,17,እውነት ትጠፋለችና፥ አሰትም ትጸናለችና። ይህ ያየኸውም ንስር ይደርስ ዘንድ ይቸኵላልና።”
5bd53388-bbf0-565e-a07d-f74acff4bf78,e7c145f6-a52c-5343-a1c1-a5556ae38d66,0648f795-d5fd-5b40-a103-4a5d78e394c0,18,18,እኔም መለስሁለት፤ እንዲህም አልሁት፥ “እንግዲህስ ወዲህ በፊትህ እናገራለሁ።
61b886ff-0b7d-5246-a24f-9e62737aed1b,e7c145f6-a52c-5343-a1c1-a5556ae38d66,0648f795-d5fd-5b40-a103-4a5d78e394c0,19,19,አቤቱ፥ እኔ እሄዳለሁና፥ እንደ አዘዝኸኝም ዛሬ ያሉትን ሕዝብ አስተምራቸዋለሁና። እንግዲህ ወዲህ ዳግመኛ የሚወለዱትን ማን ያስተምራቸዋል?
05fb0e43-ef99-5586-ad62-0ddf8e8079df,e7c145f6-a52c-5343-a1c1-a5556ae38d66,0648f795-d5fd-5b40-a103-4a5d78e394c0,20,20,ዓለም በጨለማ ውስጥ አለና፤ በውስጡ ለሚኖሩትም ብርሃን የላቸውም።
25f8fc8a-a54f-5e91-abe2-83fe818e0716,e7c145f6-a52c-5343-a1c1-a5556ae38d66,0648f795-d5fd-5b40-a103-4a5d78e394c0,21,21,ኦሪትህ ተቃጥላለችና፥ የሠራኸውን፥ ትሠራውም ዘንድ ያለህን የሚያውቀው የለምና።
7145573d-17ad-598f-a32c-b1d6facbe3ab,e7c145f6-a52c-5343-a1c1-a5556ae38d66,0648f795-d5fd-5b40-a103-4a5d78e394c0,22,22,በፊትህስ ባለሟልነትን ካገኘሁ፥ ቅዱስ መንፈስህን ላክልኝ፤ እኔም ሰው የሕይወት መንገድን ማግኘት ይችል ዘንድ፥ ሊኖሩ የሚወድዱ ሰዎችም ይድኑ ዘንድ ከጥንት ጀምሮ በዓለም የሆነውን ሁሉና በኦሪትህ ውስጥ ተጽፎ ያለውን እጽፋለሁ።”
154f9a16-48fc-5ccd-a376-1472f91db30a,e7c145f6-a52c-5343-a1c1-a5556ae38d66,0648f795-d5fd-5b40-a103-4a5d78e394c0,23,23,እርሱም መለሰልኝ፤ እንዲህም አለኝ፥ “ሄደህ ወገኖችህን ሰብስባቸው፤ እስከ አርባ ቀንም ድረስ እንዳይፈልጉህ ንገራቸው።
711451fe-09c4-5ccc-a29e-86ed0157c278,e7c145f6-a52c-5343-a1c1-a5556ae38d66,0648f795-d5fd-5b40-a103-4a5d78e394c0,24,24,አንተ ግን ብዙ ብራና አዘጋጅ፥ ከአንተም ጋራ ሶርያን፥ ደርብያን፥ ሰላምያን፥ ኢቀናንንና አሳሄልን እኒህን አምስቱን ሰዎች ውሰዳቸው። እነርሱ በመጻፍ ጠቢባን ናቸውና።
831e437e-65f8-54a9-a8e2-764494948576,e7c145f6-a52c-5343-a1c1-a5556ae38d66,0648f795-d5fd-5b40-a103-4a5d78e394c0,25,25,ወደዚህ ና፤ በልቡናህም የጥበብ መብራትን አበራለሁ፤ ትጽፍም ዘንድ ያለህን ሁሉ እስክትጨርስ ድረስ እንግዲህ አትጠፋም።
10f0f0ad-6de2-5d12-a7f6-1c7c074878cc,e7c145f6-a52c-5343-a1c1-a5556ae38d66,0648f795-d5fd-5b40-a103-4a5d78e394c0,26,26,በጨረስህ ጊዜ ግልጥ የምታደርገው አለ፤ የምትሠውረውም አለ፤ ለዐዋቂዎችም፥ ለጠቢባንም ትሰጣቸዋለህ፤ ነገ በዚህ ሰዓት ትጽፍ ዘንድ ትጀምራለህ።”
7e70a43a-1dc1-58c1-a06c-73783671814f,e7c145f6-a52c-5343-a1c1-a5556ae38d66,0648f795-d5fd-5b40-a103-4a5d78e394c0,27,27,እንደ አዘዘኝም ሄጄ ሕዝቡን ሁሉ ሰበሰብሁ።
0fe720a9-1418-50ab-a51a-07c2d6b0edcc,e7c145f6-a52c-5343-a1c1-a5556ae38d66,0648f795-d5fd-5b40-a103-4a5d78e394c0,28,28,እንዲህም አልኋቸው፥ “እስራኤል፥ ይህን ነገር ስሙ።
533908ec-7e71-594c-a070-fd94a19daed2,e7c145f6-a52c-5343-a1c1-a5556ae38d66,0648f795-d5fd-5b40-a103-4a5d78e394c0,29,29,አባቶቻችሁ ቀድሞ በግብጽ ምድር ኖሩ፤ ከዚያም ተቤዣቸው።
27f55657-af31-590c-a001-1daa6ae26aef,e7c145f6-a52c-5343-a1c1-a5556ae38d66,0648f795-d5fd-5b40-a103-4a5d78e394c0,30,30,የሕይወት ሕግንም ተቀበሉ፤ ግን አልጠበቁም፤ ከእነርሱም በኋላ ያላችሁት እናንተ ካዳችሁት።
d91cd5e0-5aeb-5d30-a662-1c108f63cf05,e7c145f6-a52c-5343-a1c1-a5556ae38d66,0648f795-d5fd-5b40-a103-4a5d78e394c0,31,31,ምድረ ርስትን ሰጠን፤ የጽዮንንም ምድር አወረሰን፤ እናንተም፥ አባቶቻችሁም ካዳችሁት፤ እርሱንም መበደል አልተዋችሁም፤ የአዘዛችሁ የልዑል መንገድን አልጠበቃችሁም።
91a9ae90-d7d9-5b2c-a74e-947b0383a056,e7c145f6-a52c-5343-a1c1-a5556ae38d66,0648f795-d5fd-5b40-a103-4a5d78e394c0,32,32,እርሱ እውነት ፈራጅ ነውና በጊዜው የሰጣችሁን ቀማችሁ።
51a5e0b7-a31f-5d20-add3-01c5edab46c5,e7c145f6-a52c-5343-a1c1-a5556ae38d66,0648f795-d5fd-5b40-a103-4a5d78e394c0,33,33,አሁንም እናንተ በዚህ አላችሁ፤ ወንድሞቻችሁ ግን ከእናንተ ተለይተው በውስጥ ናቸው።
b9a7ae86-8758-535a-a56a-79ed0182be64,e7c145f6-a52c-5343-a1c1-a5556ae38d66,0648f795-d5fd-5b40-a103-4a5d78e394c0,34,34,ልቡናችሁን ያስገዛችሁት፥ ሕሊናችሁንም የገሠጻችሁት እንደ ሆነ፥ ሕይወታችሁንም የጠበቃችሁት እንደ ሆነ አትሞቱም።
6bc9798a-9fce-5c98-a28d-1497f3c2b2fd,e7c145f6-a52c-5343-a1c1-a5556ae38d66,0648f795-d5fd-5b40-a103-4a5d78e394c0,35,35,ከሞት በኋላ ፍርድ ይመጣልና፥ እኛንም በሕይወት አያኖረንምና፥ ያንጊዜም የጻድቃን ስማቸው ይገለጣል፤ የኃጥኣንም ሥራቸው ይገለጣል።
1ca62838-20ec-5930-a0ac-de359ce86e65,e7c145f6-a52c-5343-a1c1-a5556ae38d66,0648f795-d5fd-5b40-a103-4a5d78e394c0,36,36,ከእናንተ ወደ እኔ የሚመጣ አይኑር፤ እስከ አርባ ቀንም ድረስ አትፈልጉኝ።”
b713b392-26e7-5088-abf1-6cb25a1c5785,e7c145f6-a52c-5343-a1c1-a5556ae38d66,0648f795-d5fd-5b40-a103-4a5d78e394c0,37,37,እንዳዘዘኝም እነዚያን አምስቱን ሰዎች ይዤ ወደ ምድረ በዳው ሄድን፤ በዚያም ተቀመጥን።
235525ee-5d5e-5c01-a0b8-be432e3b968f,e7c145f6-a52c-5343-a1c1-a5556ae38d66,0648f795-d5fd-5b40-a103-4a5d78e394c0,38,38,በማግሥቱም ቃል መጣ፥ “ዕዝራ! ዕዝራ!” ብሎ ጠርቶ እንዲህ አለኝ፥ “አፍህን ክፈት እኔም የማጠጣህን ጠጣ።”
12bb4539-8d89-5ba8-aa4d-abf970823d5c,e7c145f6-a52c-5343-a1c1-a5556ae38d66,0648f795-d5fd-5b40-a103-4a5d78e394c0,39,39,አፌንም በከፈትሁ ጊዜ ውኃ የተመላ፥ መልኩ እሳት የሚመስል መጠጥን አጠጣኝ።
1ab85ce3-7451-54bc-aa40-43c09c707d43,e7c145f6-a52c-5343-a1c1-a5556ae38d66,0648f795-d5fd-5b40-a103-4a5d78e394c0,40,40,ተቀብዬም ጠጣሁት፤ ልቡናዬም ፈጽሞ ዕውቀትን ተናገረ፤ ዕውቀትም በልቡናዬ በዛ፤ ነፍሴም ትጠብቀዋለች፤ ታስበዋለችም።
a96f3d5c-ee1a-590e-a68f-3454bae7a25a,e7c145f6-a52c-5343-a1c1-a5556ae38d66,0648f795-d5fd-5b40-a103-4a5d78e394c0,41,41,አፌም ተከፈተ፤ ከዚያም ወዲያ ዝም አላለም።
5da7f122-a81d-5aec-ae0d-ed4f63aabfe3,e7c145f6-a52c-5343-a1c1-a5556ae38d66,0648f795-d5fd-5b40-a103-4a5d78e394c0,42,42,ልዑልም ለእነዚያ ለአምስቱ ሰዎች ጥበብን ሰጣቸው፤ የማያውቁትንም ምልክት የሆነውን ይህን ሁሉ በማከታተል ጻፉ፤ በዚያም አርባ ቀን ተቀመጡ፤ እነርሱም ቀን ቀን ይጽፉ ነበር፤ ማታ ማታም እህል ይመገቡ ነበር፤
658f4b7f-5c6d-5387-a725-cdb8b79a1ff1,e7c145f6-a52c-5343-a1c1-a5556ae38d66,0648f795-d5fd-5b40-a103-4a5d78e394c0,43,43,እኔ ግን ቀን እናገራለሁ፤ ሌሊትም ዝም አልልም።
a6991cc0-281f-5661-ac02-931c377191ef,e7c145f6-a52c-5343-a1c1-a5556ae38d66,0648f795-d5fd-5b40-a103-4a5d78e394c0,44,44,በእነዚያ በአርባ ቀኖችም ሃያ አራት መጻሕፍት ተጻፉ።
b9c0d554-63e7-5966-a5af-ea3d804bf30b,e7c145f6-a52c-5343-a1c1-a5556ae38d66,0648f795-d5fd-5b40-a103-4a5d78e394c0,45,45,ከዚህም በኋላ እነዚያ አርባ ቀኖች በተፈጸሙ ጊዜ ልዑል ተናገረኝ፤ እንዲህም አለኝ፥ “አስቀድሞ የጻፋችሁትን ያን ግልጥ አድርገው፤ የሚገባውም የማይገባውም ሁሉ ያንብበው።
db3e6870-dadb-5da4-a955-d77cac856abc,e7c145f6-a52c-5343-a1c1-a5556ae38d66,0648f795-d5fd-5b40-a103-4a5d78e394c0,46,46,ይህን ግን ለጠቢባን ሕዝብ ትሰጣቸው ዘንድ ጠብቅ።
1e81b252-2d13-51e1-afa7-f11ed626cfc2,e7c145f6-a52c-5343-a1c1-a5556ae38d66,0648f795-d5fd-5b40-a103-4a5d78e394c0,47,47,በእነዚህ ውስጥ የማስተዋል መብራት፥ የጥበብ ምንጭ፥ የዕውቀትም ፈሳሽ አለና።”
818e8104-d93c-52ef-a58e-a3afb2f50952,e7c145f6-a52c-5343-a1c1-a5556ae38d66,0648f795-d5fd-5b40-a103-4a5d78e394c0,48,48,እንዲሁም አደረግሁ፤ በአራተኛው ዓመት፥ ከዓመታቱ ሱባዔያት በአምስተኛው ሱባዔ፥ ከፍጥረተ ዓለም በኋላ በአምስት ሺህ ዓመታት፥ ጨረቃ ሠርቅ ባደረገች በዐሥረኛው ቀን በሦስተኛው ወር፥ በዘጠና አንድ ቀናት።
4828bedc-b0b1-501d-a42a-4fbc381276c9,e7c145f6-a52c-5343-a1c1-a5556ae38d66,0648f795-d5fd-5b40-a103-4a5d78e394c0,49,49,ያንጊዜ ይህን ሁሉ ከጻፈ በኋላ ዕዝራን ይዘው እንደ እርሱ ያሉ ሰዎች ወዳሉበት ሀገር ወሰዱት፤ እርሱም እስከ ዘለዓለም ድረስ የልዑል የጥበቡ ጸሓፊ ተባለ።
2f93bccb-8f0c-549d-a105-f2a08c07ae10,2f4f757c-5083-55c0-ac61-53718ca54c4d,348cdf78-0ca9-5d16-a49a-a096395c003a,1,1,ኢዮስያስ ለፈጣሪው የፋሲካውን በግ ወደ ኢየሩሳሌም አመጣ፤ በመጀመሪያው ወርም በዐሥራ አራተኛው ቀን የፋሲካውን በግ ሠዋ።
3b71f6ad-4a8e-57ce-a0b8-499a85e9fa18,2f4f757c-5083-55c0-ac61-53718ca54c4d,348cdf78-0ca9-5d16-a49a-a096395c003a,2,2,ካህናቱንም የአገልግሎት ልብሳቸውን አልብሶ አቆማቸው፤ በእግዚአብሔርም ቤተ መቅደስ በየሰሞናቸው ሠራቸው።
21297446-dd1e-5db6-a091-ab45be593f49,2f4f757c-5083-55c0-ac61-53718ca54c4d,348cdf78-0ca9-5d16-a49a-a096395c003a,3,3,ሌዋውያንንም አላቸው፥ “ለእስራኤል ካህናት ተገዙ፤ የንጉሡ የዳዊት ልጅ ሰሎሞን በሠራው ቤተ መቅደስም በእግዚአብሔር ታቦት ቅድስና ሥርዐት አክብሯቸው።
ca385016-3f7f-5c7f-a241-599281d51aa5,2f4f757c-5083-55c0-ac61-53718ca54c4d,348cdf78-0ca9-5d16-a49a-a096395c003a,4,4,ታቦቱንም በጫንቃችሁ መሸከም አይገባችሁም። አሁንም ፈጣሪያችን እግዚአብሔርን አምልኩት፤ የእስራኤልንም ሕዝብ አገልግሉ።
e005d3ef-47ec-5656-a3ae-49af034e4f44,2f4f757c-5083-55c0-ac61-53718ca54c4d,348cdf78-0ca9-5d16-a49a-a096395c003a,5,5,እንደ እስራኤል ንጉሥ እንደ ዳዊት መጽሐፍና እንደ ልጁ ሰሎሞንም ገናናነት በየሀገራችሁና በየነገዳችሁ ተዘጋጁ፤ ሌዋውያንም በወንድሞቻችሁ በእስራኤል ልጆች ፊት በቤተ መቅደስ በየቦታችሁና በየሀገራችሁ ግዛት በየሹመታችሁ ቁሙ።
8fab541d-53f0-5c2f-ab61-acf6084fc451,2f4f757c-5083-55c0-ac61-53718ca54c4d,348cdf78-0ca9-5d16-a49a-a096395c003a,6,6,የፋሲካውንም በግ ሠዉ፤ ለወንድሞቻችሁም መሥዋዕቱን አዘጋጁ፤ ለሙሴ በተሰጠው በእግዚአብሔርም ሕግ ፋሲካን አድርጉ።”
dcb25ac5-292e-5df1-a2eb-57a9c5abb045,2f4f757c-5083-55c0-ac61-53718ca54c4d,348cdf78-0ca9-5d16-a49a-a096395c003a,7,7,ኢዮስያስም በዚያ ለነበሩ ሰዎች ሠላሳ ሺህ ፍየሎችንና በጎችን፥ ሦስት ሺህ በሬዎችንም ሰጣቸው፤ እንደዚሁም ለሕዝቡ፥ ለካህናቱና ለሌዋውያኑም ከንጉሥ ቤት አዝዞ ሰጠ።
38c851ae-2308-524c-a7ea-87c647a3c647,2f4f757c-5083-55c0-ac61-53718ca54c4d,348cdf78-0ca9-5d16-a49a-a096395c003a,8,8,የቤተ መቅደሱም ሹሞች ኬልቅያስ፥ ዘካርያስና ሲሉያስ ለካህናቱ ለፋሲካ በዓል ሁለት ሺህ ስድስት መቶ በጎችንና ሦስት መቶ በሬዎችን ሰጧቸው።
eb82bf4b-971d-5d14-a1f7-6a5b6d093d78,2f4f757c-5083-55c0-ac61-53718ca54c4d,348cdf78-0ca9-5d16-a49a-a096395c003a,9,9,መሳፍንቱም ኢኮንያስና ሳሚያስ፥ ወንድሙ ናትናኤልና ሲብያስ፥ ኪያሎስና ኢዮራም ለሌዋውያን ለፋሲካቸው ሺህ በጎችንና ሰባት መቶ በሬዎችን ሰጧቸው።
ee02c5c0-9ef5-5573-acf0-8c3c2c08db09,2f4f757c-5083-55c0-ac61-53718ca54c4d,348cdf78-0ca9-5d16-a49a-a096395c003a,10,10,ካህናቱና ሌዋውያኑም እንደ ሕጉ እንዲሁ መልካም አደረጉ፤ ቂጣውንም በየነገዳቸው ተመገቡ።
55975038-8f60-59c1-a92f-b23366584b08,2f4f757c-5083-55c0-ac61-53718ca54c4d,348cdf78-0ca9-5d16-a49a-a096395c003a,11,11,በሙሴ መጽሐፍም እንደ ተጻፈ በሕዝቡ ፊት በየአባቶቻቸው ሹመት መሥዋዕቱን ለእግዚአብሔር አቀረቡ።
1fbb2939-ffdd-56d2-a2cf-19f73b1b064b,2f4f757c-5083-55c0-ac61-53718ca54c4d,348cdf78-0ca9-5d16-a49a-a096395c003a,12,12,በነጋውም እንደዚሁ እንደ ሥርዐታቸው የፋሲካውን በግ በእሳት ሠዉ፤ መሥዋዕቶችንም በጋንና በብረት ምጣድ አበሰሉ።
00379252-0567-52c0-a8c9-b954ef577ff7,2f4f757c-5083-55c0-ac61-53718ca54c4d,348cdf78-0ca9-5d16-a49a-a096395c003a,13,13,ለሕዝቡም ሁሉ በጎ መዓዛ ያለውን መሥዋዕት ሠሩላቸው፤ ከዚህም በኋላ ለራሳቸውና ለወንድሞቻቸው ለአሮን ልጆች ካህናት አዘጋጁላቸው።
49238c71-c9a9-5fed-aa30-bc9a6b858ad6,2f4f757c-5083-55c0-ac61-53718ca54c4d,348cdf78-0ca9-5d16-a49a-a096395c003a,14,14,ካህናቱ ግን ቀኑ እስኪመሽ ድረስ የሰባውን መሥዕዋት ሠዉ፤ ሌዋውያኑም ለራሳቸውና ለወንድሞቻቸው ለአሮን ልጆች ሠዉ።
4c26c515-b276-56d8-a9d9-fa4dc0c534fe,2f4f757c-5083-55c0-ac61-53718ca54c4d,348cdf78-0ca9-5d16-a49a-a096395c003a,15,15,መዘምራኑ የአሳፍ ልጆችም ዳዊት በሠራው ሥርዐት በሹመታቸው ነበሩ፤ ከንጉሡ የተሾሙ አሳፍና ዘካርያስ፥ ዐዲኑስም ነበሩ።
78a9460c-8899-5d37-aad6-a1b5c27f7317,2f4f757c-5083-55c0-ac61-53718ca54c4d,348cdf78-0ca9-5d16-a49a-a096395c003a,16,16,የበሩ ሁሉ ጠባቂዎችም ነበሩ፤ ከሰሞኑም የሚያጓድል አልነበረም፤ ወንድሞቻቸው ሌዋውያን ያዘጋጁላቸው ነበርና።
2f75e905-f2fa-58b9-a214-8fa17545a082,2f4f757c-5083-55c0-ac61-53718ca54c4d,348cdf78-0ca9-5d16-a49a-a096395c003a,17,17,ያንጊዜም የእግዚአብሔርን መሥዋዕት አቅርበው ጨረሱ።
de0245fe-e177-591e-a38e-76ba76e7e466,2f4f757c-5083-55c0-ac61-53718ca54c4d,348cdf78-0ca9-5d16-a49a-a096395c003a,18,18,ንጉሡ ኢዮስያስ እንዳዘዘም ፋሲካቸውን አደረጉ፤ ወደ እግዚአብሔርም መሠዊያ መሥዋዕታቸውን አቀረቡ።
c2217fce-dd56-5196-a7c6-6f4de5a786b9,2f4f757c-5083-55c0-ac61-53718ca54c4d,348cdf78-0ca9-5d16-a49a-a096395c003a,19,19,በእነዚያም ወራቶች የነበሩ የእስራኤል ልጆች ፋሲካንና የቂጣውን በዓል ለሰባት ቀን አደረጉ።
d99a7d6a-0f88-5b3c-abce-55f20cb06f76,2f4f757c-5083-55c0-ac61-53718ca54c4d,348cdf78-0ca9-5d16-a49a-a096395c003a,20,20,ከነቢዩ ከሳሙኤልም ዘመን ወዲህ በእስራኤል ዘንድ እንደ እርሱ ያለ በዓል አልተደረገም።
cc138f21-77ca-5703-a2c4-590f3e2a83fb,2f4f757c-5083-55c0-ac61-53718ca54c4d,348cdf78-0ca9-5d16-a49a-a096395c003a,21,21,የእስራኤልም ነገሥታት ሁሉ ኢዮስያስ እንዳደረገው ፋሲካን አላደረጉም፤ ሌዋውያንና ካህናት፥ አይሁድና ወደ ኢየሩሳሌም መጥተው በዚያ የነበሩ እስራኤልም ሁሉ አላደረጉም።
253fa7f3-3f88-50b6-a9b9-ef73a3d4f88b,2f4f757c-5083-55c0-ac61-53718ca54c4d,348cdf78-0ca9-5d16-a49a-a096395c003a,22,22,ኢዮስያስ በነገሠ በዐሥራ ስምንተኛው ዓመት ይህን ፋሲካ አደረገ።
317d561e-be02-5bd1-a381-087c153dc0bd,2f4f757c-5083-55c0-ac61-53718ca54c4d,911f4a0b-a116-586d-a6c1-4397ea210c8c,1,23,የኢዮስያስም ሥራው እግዚአብሔርን መፍራት በተመላበት ልቡና በፈጣሪው ፊት የቀና ነበር።
6b88871f-b68e-5117-adc4-3203ea4b2f99,2f4f757c-5083-55c0-ac61-53718ca54c4d,911f4a0b-a116-586d-a6c1-4397ea210c8c,2,24,በቀድሞው ዘመን ከአሕዛብና ከመንግሥታት ሁሉ እግዚአብሔርን ፈጽመው ስለ በደሉትና ስለ አሳዘኑት ሰዎች እንደ ተጻፈ እግዚአብሔር በእስራኤል ላይ ቃሉን አጸና።
b405a2a6-341d-52a4-a870-ff037211389c,2f4f757c-5083-55c0-ac61-53718ca54c4d,911f4a0b-a116-586d-a6c1-4397ea210c8c,3,25,ከዚህም ከኢዮስያስ ሥራ ሁሉ በኋላ፦ የግብፅ ንጉሥ ፈርዖን በኤፍራጥስ ወንዝ በከርከሚስ ሠራዊቱን ይዞ ዘመተ፤ ኢዮስያስም ወጥቶ ተቀበለው።
7b3eef9a-077f-5baf-ad28-c127cfd9878f,2f4f757c-5083-55c0-ac61-53718ca54c4d,911f4a0b-a116-586d-a6c1-4397ea210c8c,4,26,የግብፅ ንጉሥም፥ “የይሁዳ ንጉሥ ሆይ፥ እኔ ካንተ ጋራ ምን አለኝ?” ብሎ ላከበት።
9750b6b3-1db1-564a-abe4-0b7e249549b8,2f4f757c-5083-55c0-ac61-53718ca54c4d,911f4a0b-a116-586d-a6c1-4397ea210c8c,5,27,“ከጌታ ከእግዚአብሔር ዘንድ በአንተ ላይ የተላክሁ አይደለም፥ እኔ የምወጋ ኤፍራጥስን ነውና፥ አሁንም እግዚአብሔር ከእኔ ጋር ነው፤ እግዚአብሔር በእኔ ዘንድ አለ፤ እርሱም ይረዳኛል፤ ገለል በል፤ ከእግዚአብሔርም ጋር አትከራከር” አለው።
ebe1133a-e906-54df-ad38-e6c747a69964,2f4f757c-5083-55c0-ac61-53718ca54c4d,911f4a0b-a116-586d-a6c1-4397ea210c8c,6,28,ኢዮስያስም በሠረገላዎቹ ሆኖ ገለል አልልም አለ፤ ይዋጋም ዘንድ ጀመረ፤ ከእግዚአብሔርም አፍ በነቢዩ በኤርምያስ የተነገረውን ቃል መስማት እንቢ አለ።
b9c2834d-d4fd-56ae-a5f7-74d91fc77b58,2f4f757c-5083-55c0-ac61-53718ca54c4d,911f4a0b-a116-586d-a6c1-4397ea210c8c,7,29,ነገር ግን መጊዶስ በሚባል ምድረ በዳ ይዋጋቸው ዘንድ ጸና፤ አለቆችም ወደ ንጉሡ ወደ ኢዮስያስ ወረዱ።
9a53f2cb-f353-523b-ae73-1dc53b903e6a,2f4f757c-5083-55c0-ac61-53718ca54c4d,911f4a0b-a116-586d-a6c1-4397ea210c8c,8,30,ንጉሡም ብላቴኖቹን አላቸው፥ “እጅግ ደክሜአለሁና ከሰልፉ ውስጥ አውጡኝ፥” ብላቴኖቹም ወዲያውኑ ከሰልፉ ውስጥ አወጡት።
de2e73f7-e203-5049-a2ba-17c4138f4840,2f4f757c-5083-55c0-ac61-53718ca54c4d,911f4a0b-a116-586d-a6c1-4397ea210c8c,9,31,በሌላ ሰረገላውም ተቀምጦ ወደ ኢየሩሳሌም ገባ፤ በዚያም ሞተ፤ በአባቱ መቃብርም ተቀበረ።
4f194739-ef7a-538b-a9f2-88160419ec97,2f4f757c-5083-55c0-ac61-53718ca54c4d,911f4a0b-a116-586d-a6c1-4397ea210c8c,10,32,በይሁዳም ሁሉ ለኢዮስያስ አለቀሱለት፤ ኤርምያስም ለኢዮስያስ አለቀሰለት፤ እስከዚች ቀን ድረስም ወንዶች ሁሉ ከሴቶች ጋር አለቀሱለት፤ ለዘለዓለምም እንዲሁ ያደርጉ ዘንድ ለእስራኤል ወገኖች ሥርዐት ሆኖ ተሰጠ።
b89a0d2a-ddb3-5a83-a9fc-5109effb298b,2f4f757c-5083-55c0-ac61-53718ca54c4d,911f4a0b-a116-586d-a6c1-4397ea210c8c,11,33,ይህም በይሁዳ ነገሥታት ታሪክ መጽሐፍ ተጻፈ፤ ኢዮስያስም የሠራው ሥራ ሁሉ፥ ክብሩም፥ የእግዚአብሔርንም ሕግ ማወቁ፥ በፊትም፥ በኋላም የሠራው ሥራ ሁሉ በእስራኤልና በይሁዳ ነገሥታት ታሪክ መጽሐፍ ተጽፏል።
e56092a4-87a8-5d39-ad81-9feedac44780,2f4f757c-5083-55c0-ac61-53718ca54c4d,1770d133-c579-5b30-a5f1-2ac31de7d2dd,1,34,ሕዝቡም የኢዮስያስን ልጅ ኢዮአክስን ወስደው በተወለደ በሃያ ሦስት ዓመት ዕድሜው በአባቱ በኢዮስያስ ፋንታ አነገሡት።
5fc6f376-ca89-5dec-a728-c342d0e929ba,2f4f757c-5083-55c0-ac61-53718ca54c4d,1770d133-c579-5b30-a5f1-2ac31de7d2dd,2,35,ለእስራኤልም በኢየሩሳሌም ሦስት ወር ነገሠ፤ የግብፅ ንጉሥም በኢየሩሳሌም ከመንግሥት አወረደው።
06860563-a2be-5ae5-a381-1fb2460bc2c4,2f4f757c-5083-55c0-ac61-53718ca54c4d,1770d133-c579-5b30-a5f1-2ac31de7d2dd,3,36,ሕዝቡንም ሁለት መቶ መክሊት ብርና አንድ መክሊት ወርቅ አስገበራቸው።
b54e8e75-b176-52cb-a6b0-c4c95284b2fd,2f4f757c-5083-55c0-ac61-53718ca54c4d,1770d133-c579-5b30-a5f1-2ac31de7d2dd,4,37,የግብፅ ንጉሥም ወንድሙን ኢዮአቄምን የይሁዳ ንጉሥ አድርጎ በኢየሩሳሌም አነገሠው።
e5070dbe-bf1b-586c-a119-cf88897130fd,2f4f757c-5083-55c0-ac61-53718ca54c4d,1770d133-c579-5b30-a5f1-2ac31de7d2dd,5,38,ኢዮአቄምም መሳፍንቱን አሰራቸው፤ ወንድሙ ዛርዮንንም ይዞ ወደ ግብፅ አገባው።
60a48919-1185-5c76-af97-bbc5fa1cca71,2f4f757c-5083-55c0-ac61-53718ca54c4d,1770d133-c579-5b30-a5f1-2ac31de7d2dd,6,39,ኢዮአቄምም በይሁዳ በኢየሩሳሌም በነገሠ ጊዜ ዕድሜው ሃያ አምስት ዓመት ሆኖት ነበር፤ በእግዚአብሔርም ፊት ክፉ አደረገ።
fd8ca3d3-fea3-5ab8-a451-e8f7f697c7ec,2f4f757c-5083-55c0-ac61-53718ca54c4d,1770d133-c579-5b30-a5f1-2ac31de7d2dd,7,40,ከዚህም በኋላ የባቢሎን ንጉሥ ናቡከደነፆር ወደ እርሱ ዘመተ፤ በብረት ሰንሰለትም አስሮ ወደ ባቢሎን ሰደደው።
5cdd943b-f678-5f19-a35f-5d3cad72e824,2f4f757c-5083-55c0-ac61-53718ca54c4d,1770d133-c579-5b30-a5f1-2ac31de7d2dd,8,41,ናቡከደነፆርም የእግዚአብሔርን ንዋየ ቅድሳት ወስዶ ወደ ባቢሎን አገባው፤ በጣዖቱም ቤት አኖረው።
c98b9449-c748-50ee-a132-46005c8047cf,2f4f757c-5083-55c0-ac61-53718ca54c4d,1770d133-c579-5b30-a5f1-2ac31de7d2dd,9,42,ይህም በይሁዳ ነገሥታት ታሪክ መጽሐፍ ተጽፎአል።
12355476-1150-5ef8-a4f3-5f03d2863273,2f4f757c-5083-55c0-ac61-53718ca54c4d,1770d133-c579-5b30-a5f1-2ac31de7d2dd,10,43,ከዚህም በኋላ ልጁ ኢኮንያስ ነገሠ፤ ዕድሜውም ዐሥራ ስምንት ዓመት ነበረ።
fd0b0959-353e-51bc-a0fa-1b1d9025a781,2f4f757c-5083-55c0-ac61-53718ca54c4d,1770d133-c579-5b30-a5f1-2ac31de7d2dd,11,44,ሦስት ወር ከዐሥር ቀን በኢየሩሳሌም ነገሠ፤ እርሱም በእግዚአብሔር ፊት ክፉ አደረገ።
a1fe3578-a0ee-5722-aaf0-79c21c2f1781,2f4f757c-5083-55c0-ac61-53718ca54c4d,1770d133-c579-5b30-a5f1-2ac31de7d2dd,12,45,ከዓመትም በኋላ ናቡከደነፆር ከእግዚአብሔር ንዋየ ቅድሳት ጋር ልኮ ወደ ባቢሎን አገባው።
20992d13-77b9-55ec-a3d6-7f33e035583b,2f4f757c-5083-55c0-ac61-53718ca54c4d,1770d133-c579-5b30-a5f1-2ac31de7d2dd,13,46,ሴዴቅያስንም በተወለደ በሃያ አንድ ዓመቱ በኢየሩሳሌምና በይሁዳ አነገሠው፤ ዐሥራ አንድ ዓመትም ነገሠ።
b9528a1c-b265-5d95-a952-a88b2657f0e1,2f4f757c-5083-55c0-ac61-53718ca54c4d,1770d133-c579-5b30-a5f1-2ac31de7d2dd,14,47,በእግዚአብሔርም ፊት ክፉ አደረገ፤ በነቢዩ በኤርምያስ አፍ ከተነገረው ከእግዚአብሔርም ቃል የተነሣ አልፈራም።
acad52f5-554a-5872-a910-41d7d64b117f,2f4f757c-5083-55c0-ac61-53718ca54c4d,1770d133-c579-5b30-a5f1-2ac31de7d2dd,15,48,ንጉሡ ናቡከደነፆርም በእግዚአብሔር ስም አማለው፤ እርሱ ግን ከዳው፤ አንገቱንም አደነደነ፤ ልቡናውንም አስታበየ፤ የእስራኤል ፈጣሪ የእግዚአብሔርንም ሕግ ተላለፈ።
adaf9698-7c68-5455-ad5b-a0aa2620be79,2f4f757c-5083-55c0-ac61-53718ca54c4d,1770d133-c579-5b30-a5f1-2ac31de7d2dd,16,49,የሕዝቡና የካህናቱ መሪዎችም ብዙ ተላለፉ፤ ከአሕዛብም ርኵሰት ይልቅ እጅግ በደሉ፤ በኢየሩሳሌምም የተቀደሰችውን የእግዚአብሔርን መቅደስ አሳደፉ።
4427292a-c3b1-5aad-af9c-fb822cdbeb48,2f4f757c-5083-55c0-ac61-53718ca54c4d,fdae62ff-e68d-5810-a0b2-ea21dcb84e44,1,50,የአባቶቻቸው አምላክ እግዚአብሔርም ይገሥጻቸውና ይመልሳቸው ዘንድ መልእክተኛውን ላከ፤ ለእነርሱና ለመቅደሳቸው ይራራልና።
fa27f224-b51e-5806-a604-cdfa4e6a508d,2f4f757c-5083-55c0-ac61-53718ca54c4d,fdae62ff-e68d-5810-a0b2-ea21dcb84e44,2,51,እነርሱ ግን በመልእክተኞቹ ዘበቱባቸው፤ እግዚአብሔርም በተናገራቸው ጊዜ በሕዝቡ እስኪቈጣ ድረስ በነቢያት ይስቁባቸው ነበር።
90faf350-a6f6-5e0b-aca8-7d1b2f4a3f1d,2f4f757c-5083-55c0-ac61-53718ca54c4d,fdae62ff-e68d-5810-a0b2-ea21dcb84e44,3,52,ጣዖቱን እጥፍ አድርገው ያመልኩ ነበርና የከላውዴዎን ክፍል የአሦር ነገሥታትም ይዘምቱባቸው ዘንድ አዘዘ።
2c3cb5b4-a080-5b2a-ad5d-584c11e6f562,2f4f757c-5083-55c0-ac61-53718ca54c4d,fdae62ff-e68d-5810-a0b2-ea21dcb84e44,4,53,መጥተውም በቤተ መቅደሱ አደባባይ ጐልማሶቻቸውን በሰይፍ ገደሉ፤ ለጐልማሳውም፥ ለቆንጆዋም፥ ለትልቁም፥ ለትንሹም ቢሆን አልራሩም፤ ሁሉንም በእጃቸው አሳልፎ ሰጣቸው።
16b8fc76-24d7-5055-ae5b-65e442e04edd,2f4f757c-5083-55c0-ac61-53718ca54c4d,fdae62ff-e68d-5810-a0b2-ea21dcb84e44,5,54,የእግዚአብሔርንም ንዋየ ቅድሳት ትልቁንም ትንሹንም ሁሉ፥ የእግዚአብሔርንም ታቦት፥ የንጉሡንም ቤት ዕቃ ሁሉ ዘርፈው ወደ ባቢሎን ወሰዱ።
dcca6651-84ba-58a3-a242-595771377c6f,2f4f757c-5083-55c0-ac61-53718ca54c4d,fdae62ff-e68d-5810-a0b2-ea21dcb84e44,6,55,የእግዚአብሔርንም ቤት አቃጠሉ፤ የኢየሩሳሌምንም ቅጽሯን አፈረሱ፤ ግንቧንም በእሳት አቃጠሉ።
fd9554d9-c2a4-5c2c-a280-4d419dc2fa1b,2f4f757c-5083-55c0-ac61-53718ca54c4d,fdae62ff-e68d-5810-a0b2-ea21dcb84e44,7,56,ያማረውንም ዕቃዋን ሁሉ አጠፉ፤ ከጦር የቀሩትንም ማርከው ወደ ባቢሎን ወሰዱአቸው።
86403711-9640-52a9-ad0c-eaccbb0fee91,2f4f757c-5083-55c0-ac61-53718ca54c4d,fdae62ff-e68d-5810-a0b2-ea21dcb84e44,8,57,በነቢዩ በኤርምያስ አፍ የተነገረው የእግዚአብሔር ቃል ይደርስ ዘንድ፥ ፋርሳውያን መግዛት እስከ ጀመሩበት ድረስ ለእርሱና ለልጆቹ አገልጋዮች ሆኑ።
8565c6ab-b984-5aeb-a9db-b3a8bc1913f7,2f4f757c-5083-55c0-ac61-53718ca54c4d,fdae62ff-e68d-5810-a0b2-ea21dcb84e44,9,58,ምድርም በማረፍዋ ደስ ይላታል፤ በተፈታችበትም ዘመን ሁሉ ሰብዓው ዘመን እስኪፈጸም ድረስ ታርፋለች።
ddd1a007-2e94-5107-ad77-1824b7944962,a0913c93-b6b5-5882-a70d-2349e9c83c52,7227e20b-1e9d-5c39-a8b8-ec23550c060a,1,1,በፋርስ ንጉሥ በቂሮስ መንግሥት በመጀመሪያዪቱ ዓመት እግዚአብሔር በነቢዩ በኤርምያስ አፍ የተናገረው ቃል ደረሰ።
71256af2-c12d-5158-ab6b-1d4814bc5dd7,a0913c93-b6b5-5882-a70d-2349e9c83c52,7227e20b-1e9d-5c39-a8b8-ec23550c060a,2,2,እግዚአብሔርም የፋርስን ንጉሥ የቂሮስን መንፈስ አነሣሣ፤ በመንግሥቱም ሁሉ ዐዋጅ ነገረ፤ እንዲህም ብሎ ጻፈ።
81c70bc6-9822-5f94-a42c-c89fdfea5e2b,a0913c93-b6b5-5882-a70d-2349e9c83c52,7227e20b-1e9d-5c39-a8b8-ec23550c060a,3,3,የፋርስ ንጉሥ ቂሮስ እንዲህ ይላል፥ “የእስራኤል አምላክ ልዑል እግዚአብሔር እኔን ለዘለዓለም አነገሠኝ።
384749e6-3896-52d1-a0c5-cedc6d53bb23,a0913c93-b6b5-5882-a70d-2349e9c83c52,7227e20b-1e9d-5c39-a8b8-ec23550c060a,4,4,በይሁዳ ባለችው በኢየሩሳሌም ቤተ መቅደስን እሠራለት ዘንድ አዘዘኝ፤
fdcde178-031d-5f09-a2d7-50ef12b30695,a0913c93-b6b5-5882-a70d-2349e9c83c52,7227e20b-1e9d-5c39-a8b8-ec23550c060a,5,5,ስለዚህ ከእናንተ ውስጥ ከሕዝቡ ወገን የሆነ ቢኖር እግዚአብሔር ከእርሱ ጋር ይሁን፤ በይሁዳ ወደ አለች ወደ ኢየሩሳሌም ይውጣ፤ ለእስራኤል ጌታ ለእግዚአብሔር በኢየሩሳሌም ቤተ መቅደስን ይሥራ።
37a64143-a83e-58d7-ac99-736eaa44598a,a0913c93-b6b5-5882-a70d-2349e9c83c52,7227e20b-1e9d-5c39-a8b8-ec23550c060a,6,6,በያገራችሁ ያላችሁ ሁሉ በየአውራጃችሁ ወርቁንና ብሩን ርዱ።
043b9df5-aaaa-5abb-a34b-9364d5b17553,a0913c93-b6b5-5882-a70d-2349e9c83c52,7227e20b-1e9d-5c39-a8b8-ec23550c060a,7,7,እናንተም ለእግዚአብሔር ቤተ መቅደስ ፈረሱንና ከብቱን ስእለት ካለው ሁሉ ጋር ጨምሩ።
a0481026-076e-5f67-a7cf-c945851b7785,a0913c93-b6b5-5882-a70d-2349e9c83c52,7227e20b-1e9d-5c39-a8b8-ec23550c060a,8,8,“የይሁዳና የብንያም ሀገሮች መሳፍንትም በየነገዳቸው፥ ሕዝቡም፥ ካህናቱም፥ ሌዋውያኑም፥ እግዚአብሔርም ልቡናውን ያነሣሣለት ሁሉ ይውጣ፤ በኢየሩሳሌም ያለውንም የእግዚአብሔርን ቤተ መቅደስ ይሥራ።
c844487f-6cdb-59fd-a36a-c551a528ff71,a0913c93-b6b5-5882-a70d-2349e9c83c52,7227e20b-1e9d-5c39-a8b8-ec23550c060a,9,9,ባውራጃቸው ያሉም በወርቅና በብር፥ በፈረስና በከብት ሁሉ፥ ስእለት ያለባቸውም፥ ልቡናውም የወደደ ሁሉ ይርዷቸው።”
110a62a8-d3d9-5c2c-af35-e6a20915f285,a0913c93-b6b5-5882-a70d-2349e9c83c52,7227e20b-1e9d-5c39-a8b8-ec23550c060a,10,10,ንጉሥ ቂሮስም ናቡከደነፆር ከኢየሩሳሌም ወስዶ በጣዖቶቹ ቤት ያኖረውን የእግዚአብሔርን ንዋየ ቅድሳት አወጣ።
27696342-cd1a-5d86-a2dd-33fa491edb92,a0913c93-b6b5-5882-a70d-2349e9c83c52,7227e20b-1e9d-5c39-a8b8-ec23550c060a,11,11,የፋርስ ንጉሥ ቂሮስም ንዋየ ቅዱሳቱን ባወጣ ጊዜ ለጠባቂው ለሚትረዳጡ ሰጠው፥
9dba676c-71a3-57da-a652-9880ba855c81,a0913c93-b6b5-5882-a70d-2349e9c83c52,7227e20b-1e9d-5c39-a8b8-ec23550c060a,12,12,ለይሁዳ የተሾመው ሰልምናስም ከእርሱ ተቀበለ፤
abde16c8-33c3-5ee9-a246-d644dbfe7e07,a0913c93-b6b5-5882-a70d-2349e9c83c52,7227e20b-1e9d-5c39-a8b8-ec23550c060a,13,13,ቍጥሩም እንዲህ ነው፦ የወርቁ ወጭት አንድ ሺህ፥ የብሩም ወጭት አንድ ሺህ ነው። የብር ሳህኖች ሃያ ዘጠኝ፥ የወርቅ ጽዋዎችም ሠላሳ፥ የብርም ጽዋዎች ሁለት ሺህ አራት መቶ ዐሥር፥ ሌሎች ዕቃዎች ግን አንድ ሺህ ነበሩ።
78ca8c0d-ae2e-555c-adfa-706639becaff,a0913c93-b6b5-5882-a70d-2349e9c83c52,7227e20b-1e9d-5c39-a8b8-ec23550c060a,14,14,የተመለሰውም የወርቁና የብሩ ዕቃ ሁሉ ተዳምሮ አምስት ሺህ አራት መቶ ስድሳ ዘጠኝ ነበር።
14f93b8e-0142-5d16-a75e-abdc9020359c,a0913c93-b6b5-5882-a70d-2349e9c83c52,7227e20b-1e9d-5c39-a8b8-ec23550c060a,15,15,ስልምናሶርም ከምርኮኞቹ ጋር ከባቢሎን ወስዶ ወደ ኢየሩሳሌም አገባው።
d5551393-7e87-5b7c-a9da-414785176363,a0913c93-b6b5-5882-a70d-2349e9c83c52,37c1c229-2ad1-535e-a767-5702bcb948cb,1,16,ከእነርሱም ውስጥ የፋርስ ንጉሥ አርጤክስስ በይሁዳና በኢየሩሳሌም አውራጃዎች ያስቈጠራቸው አሉ፤ ቤልሞስና ሚጥራዳጢ፥ ጠቢልዮስና ራቲሞስ፥ ቤሔልጤሞስና ጸሓፊው ሲሳዮስ፥ ከነዚህም በታች ያሉ በሰማርያ የሚኖሩ ሁሉ፥ በሌላም ሀገር ያሉ ሁሉ እንዲህ ብለው መልእክት ጻፉ።
06152fc9-0071-56a3-ae00-1944e3f0c908,a0913c93-b6b5-5882-a70d-2349e9c83c52,37c1c229-2ad1-535e-a767-5702bcb948cb,2,17,“ለጌታችን ለንጉሡ ለአርጤክስስ፦ ከብላቴኖችህ፥ ከታሪክ ጸሓፊህ ከራቲሞስና ከጸሓፊው ከሰሜልዮስ ከእነርሱ በታች ከተሾሙት ሁሉና በቄሌ-ሶርያና በፊኒቄ ከሚኖሩ ሁሉ፦
c6b2e9ad-12e2-5036-a08d-68a03b95a05f,a0913c93-b6b5-5882-a70d-2349e9c83c52,37c1c229-2ad1-535e-a767-5702bcb948cb,3,18,አሁንም ጌታችን ንጉሥ ሆይ፥ ይህን ዕወቅ፤ ከእናንተ ወደ እኛ የመጡ አይሁድ ወደ ኢየሩሳሌም ሄደው፥ ክፉና ከዳተኛ ከተማን ይገነባሉ፤ የገበያ ቦታዎችዋንና ቅፅሮችዋን፥ ቤተ መቅደስዋንም ያድሳሉ።
acd0209a-4043-50fe-a283-4eff5b774dc3,a0913c93-b6b5-5882-a70d-2349e9c83c52,37c1c229-2ad1-535e-a767-5702bcb948cb,4,19,ያችም ከተማ ከተሠራች፥ ቅፅሯም ካለቀ፥ ከዚያ በኋላ ግብር አይገብሩም፤ ዳግመኛም መንግሥታችንን ይቀማሉ።
f3957fb7-3317-581e-a25f-4a4ab7ed1694,a0913c93-b6b5-5882-a70d-2349e9c83c52,37c1c229-2ad1-535e-a767-5702bcb948cb,5,20,ቤተ መቅደስንም አሳምረው ይሠራሉ። አሁንም ስለዚህ ቸል አትበል።
8be6cacc-1811-5cb4-afe6-7d20cb6348be,a0913c93-b6b5-5882-a70d-2349e9c83c52,37c1c229-2ad1-535e-a767-5702bcb948cb,6,21,በአባቶቻችሁ የታሪክ መጽሐፍ ይፈልጉ ዘንድ ወደ ንጉሡ ወደ ቂሮስ ላክ።
a54b4f3f-e6b7-5d9d-a5e9-016695b44c04,a0913c93-b6b5-5882-a70d-2349e9c83c52,37c1c229-2ad1-535e-a767-5702bcb948cb,7,22,ያች ከተማ ነገሥታቱን የምትከዳና ከተሞችን እንደምታውክ፥ ስለዚህ የተጻፈ ታገኛለህ።
4225c994-aaca-5a81-ac47-89a044027136,a0913c93-b6b5-5882-a70d-2349e9c83c52,37c1c229-2ad1-535e-a767-5702bcb948cb,8,23,አይሁድም ከጥንት ጀምሮ ከዳተኞች እንደ ሆኑ ተጽፎ ታገኛለህ፤ ስለዚህም ያች ከተማ ጠፍታ ነበር።
14e31779-c6e3-514b-a366-8207e1b0f7a4,a0913c93-b6b5-5882-a70d-2349e9c83c52,37c1c229-2ad1-535e-a767-5702bcb948cb,9,24,አሁንም ጌታችን ንጉሥ ሆይ፥ እንነግርሃለን፤ ያች ከተማ ከተሠራች፥ ቅጽሮችዋም ከተፈጸሙ በኋላ ወደ ቄሌ-ሶርያና ወደ ፊንቄ አያሳልፏችሁም።”
cb2437e0-899f-5a70-a697-03cb2e4f8219,a0913c93-b6b5-5882-a70d-2349e9c83c52,37c1c229-2ad1-535e-a767-5702bcb948cb,10,25,ከዚህ በኋላ ንጉሡ ለጻፈለት ለታሪክ ጸሓፊው ለራቲሞስና ለቤሔልማቴም፥ ለጸሓፊው ለሳሚልዮስም በሰማርያና በፊኒቂስ ለሚኖሩ፥ ከእነርሱ በታች ላሉ፥ ለቀሩትም እንደ ጻፉለት እንዲህ የምትል ደብዳቤን ጻፈላቸው።
75f3daf9-a679-581c-a2e7-857479446648,a0913c93-b6b5-5882-a70d-2349e9c83c52,37c1c229-2ad1-535e-a767-5702bcb948cb,11,26,“እኔም የላካችሁልኝን ደብዳቤ አንብቤ ይፈልጉ ዘንድ አዘዝሁ፤ ያቺም ከተማ ከጥንት ጀምሮ ነገሥታቱን የምትከዳ እንደ ሆነች አገኘሁ።
e5e3d956-d351-5ae0-a7a3-4d3a309fc4af,a0913c93-b6b5-5882-a70d-2349e9c83c52,37c1c229-2ad1-535e-a767-5702bcb948cb,12,27,ሰዎችም ከዳተኞች እንደ ነበሩ፥ ሥራቸውም ጦርነት እንደ ነበረ፥ የኢየሩሳሌምም ነገሥታት ጠንካሮችና ክፉዎች እንደ ነበሩ፥ ቄሌ-ሶርያንና ፊኒቄን እንደ ገዙና እንደገበሩላቸው አገኘሁ።
7f8ed139-9637-51db-a08a-93634f09c016,a0913c93-b6b5-5882-a70d-2349e9c83c52,37c1c229-2ad1-535e-a767-5702bcb948cb,13,28,አሁንም እነዚያን ሰዎች ያቺን ከተማ መሥራትን እንዲከለክሏቸው፥
49d185ce-7215-50d2-a423-b58831fe7c05,a0913c93-b6b5-5882-a70d-2349e9c83c52,37c1c229-2ad1-535e-a767-5702bcb948cb,14,29,ነገሥታትም ይደክሙ ዘንድ ክፋትን እንዳታበዛ በውስጧ ምንም የሚሠራ እንዳይኖር እነሆ አዘዝሁ።”
e168a181-d305-56df-a143-92b8237d5e29,a0913c93-b6b5-5882-a70d-2349e9c83c52,37c1c229-2ad1-535e-a767-5702bcb948cb,15,30,ከዚህ በኋላ ራቲሞስና ጸሓፊው ስልምዮስ፥ ከእነዚህም በታች ያሉት ንጉሡ አርጤክስስ የጻፋትን ያችን መልእክት ባነበቧት ጊዜ ከብዙ ሰዎች ጋር በብዙ ችኮላ ወደ ኢየሩሳሌም ፈረሶቻቸውን አስነሡ፤ የሚሠሩትንም ይከለክሉ ጀመሩ።
5eb76e38-896b-5691-a782-b8323276515d,a0913c93-b6b5-5882-a70d-2349e9c83c52,37c1c229-2ad1-535e-a767-5702bcb948cb,16,31,የኢየሩሳሌም ቤተ መቅደስ ሥራም እስከ ፋርስ ንጉሥ ዳርዮስ ሁለተኛዪቱ ዘመነ መንግሥት ድረስ ቆመ።
b34348e9-9387-50e0-ade9-bb7bd44d37c4,544d2914-8258-5c50-a596-c4984640a01f,dea0cf3a-8649-52ec-a784-5129c2199678,1,1,ንጉሡ ዳርዮስም በመንግሥቱ ላሉ ሁሉ ለቤተ ሰዎቹ፥ ለሜዶንና ለፋርስ መኳንንት ሁሉ፥
4caa55e4-5e7d-5c31-a6a0-f56382087d29,544d2914-8258-5c50-a596-c4984640a01f,dea0cf3a-8649-52ec-a784-5129c2199678,2,2,ለመሳፍንቱ ሁሉ፥ በሥሩ ለሚገኙ ከሕንድ እስከ ኢትዮጵያ ባሉ መቶ ሃያ ሰባት ግዛቶች ላሉ አዛዦችና ሹሞች ሁሉ ታላቅ በዓል አደረገ።
b15c972f-560d-58d7-aca1-3384475c1c4d,544d2914-8258-5c50-a596-c4984640a01f,dea0cf3a-8649-52ec-a784-5129c2199678,3,3,በልተውና ጠጥተውም ጠገቡ፤ ከዚህም በኋላ ወደ ቤታቸው ገቡ፤ ንጉሡ ዳርዮስም ወደ እልፍኙ ገብቶ ተኛ።
1a9cd8be-4a74-5cb7-a100-566af7c68417,544d2914-8258-5c50-a596-c4984640a01f,dea0cf3a-8649-52ec-a784-5129c2199678,4,4,ንጉሡንም የሚጠብቁት ሦስት ጐልማሶች ራስ ጠባቂዎች ነበሩ። እርስ በርሳቸውም እንዲህ ተባባሉ፦
530ac79b-5384-5242-af26-d525a3b5bec9,544d2914-8258-5c50-a596-c4984640a01f,dea0cf3a-8649-52ec-a784-5129c2199678,5,5,“ሁላችን የሚያስጐመጅና የሚወደድ አንዳንድ ቃል አሻሽለን እንናገር ዘንድ ኑ፤ ነገሩ በጥበብ ከባልንጀራው ለተሻለለት ንጉሡ ዳርዮስ ብዙ ስጦታ ይስጠው፤ የአሸናፊነቱንም ዋጋ ይስጠው።
4a09fdd3-43ce-5745-aa26-74d9b1b2f1a9,544d2914-8258-5c50-a596-c4984640a01f,dea0cf3a-8649-52ec-a784-5129c2199678,6,6,ነጭ ሐርም ያልብሰው፤ በወርቅ ጽዋም ይጠጣ፤ በወርቅ አልጋም ይተኛ፤ በወርቅ ሰረገላም ላይ ይቀመጥ፤ ከተልባ እግርም የተሠራ መጠምጠሚያ በራሱ ላይ ያድርግ፤ በአንገቱም ላይ ዝርግፍ ወርቅ ይሰር።
bb5ade75-5599-518b-a121-0747c1e3e1b3,544d2914-8258-5c50-a596-c4984640a01f,dea0cf3a-8649-52ec-a784-5129c2199678,7,7,ስለ ጥበቡም ከንጉሡ ቀጥሎ ይቀመጥ፤ የንጉሡም ዘመድ ይሁን።”
283fa50c-daf6-51b5-a591-27bfe1f34edc,544d2914-8258-5c50-a596-c4984640a01f,dea0cf3a-8649-52ec-a784-5129c2199678,8,8,ከዚህም በኋላ ሁሉም የየራሳቸውን ቃል ጻፉ፤ አትመውም ከንጉሡ ከዳርዮስ መከዳ በታች አኖሩት።
b328fb66-c85e-5d06-a8d0-9b35c61a8b6b,544d2914-8258-5c50-a596-c4984640a01f,dea0cf3a-8649-52ec-a784-5129c2199678,9,9,እንዲህም አሉ፥ “ንጉሡ ከዕንቅልፉ በነቃ ጊዜ ይህቺን ደብዳቤ እንሰጠዋለን፤ ንጉሡና ሦስቱ የፋርስ ሹሞቹም በቃሉ ለተወደደውና ብልህ ለሆነው ይፍረዱለት።”
e0cf2975-c9ac-5319-aa3d-8a99a99f5448,544d2914-8258-5c50-a596-c4984640a01f,dea0cf3a-8649-52ec-a784-5129c2199678,10,10,አንደኛው “ወይን ያሸንፋል” ብሎ ጻፈ።
153bb61d-d645-5df4-a25b-85da40078db8,544d2914-8258-5c50-a596-c4984640a01f,dea0cf3a-8649-52ec-a784-5129c2199678,11,11,ሁለተኛውም “ንጉሥ ያሸንፋል” ብሎ ጻፈ።
043f70c7-3800-595d-ad3a-a5b02b80ce76,544d2914-8258-5c50-a596-c4984640a01f,dea0cf3a-8649-52ec-a784-5129c2199678,12,12,ሦስተኛውም “ሴቶች ያሸንፋሉ፤ ከሁሉም ይልቅ እውነት ታሸንፋለች” ብሎ ጻፈ።
8928cd0f-6a8c-5422-a952-cc87130a63be,544d2914-8258-5c50-a596-c4984640a01f,dea0cf3a-8649-52ec-a784-5129c2199678,13,13,ከዚህም በኋላ ዳርዮስ በነቃ ጊዜ ያቺን መጽሐፍ አንሥተው ሰጡት፤ አነበባትም።
20b4182e-0336-59cb-a384-cad1d88eedef,544d2914-8258-5c50-a596-c4984640a01f,dea0cf3a-8649-52ec-a784-5129c2199678,14,14,በሜዶንና በፋርስ ያሉ አዛዦችን ሁሉ፥ መሳፍንቱንና ሹሞቹን፥ አለቆቹንና መኳንንቱንም ወደ አዳራሹ ይጠሩ ዘንድ ላከ፤
4ab6309e-6a99-5e13-ae15-34cebd06a233,544d2914-8258-5c50-a596-c4984640a01f,dea0cf3a-8649-52ec-a784-5129c2199678,15,15,በአጠገቡም ተቀምጠው ያችን መጽሐፍ በፊታቸው አስነበቧት።
bd2199ca-fdf1-5117-a557-40f886117a6a,544d2914-8258-5c50-a596-c4984640a01f,dea0cf3a-8649-52ec-a784-5129c2199678,16,16,እርሱም፥ “እነዚያን ጐልማሶች ሰዎች ጥሯቸው፤ እነርሱ ራሳቸው ነገራቸውን ይናገሩ” አለ፤ ጠርተውም አገቡአቸው።
00d3669d-a72f-57e4-a69c-986fbc1a7f8a,544d2914-8258-5c50-a596-c4984640a01f,3ff9bf9a-e7d8-5726-a014-36b8c2dc6065,1,17,እንዲህም አላቸው፥ “ነገራችሁን ተናገሩ፥” ወይን ያሸንፋል ብሎ መጀመሪያ የተናገረውም ይናገር ጀመር።
51c8781e-875e-5127-a877-1b1d17fe24fb,544d2914-8258-5c50-a596-c4984640a01f,3ff9bf9a-e7d8-5726-a014-36b8c2dc6065,2,18,እንዲህም አለ፥ “እናንተ ሰዎች፥ ወይን የሚጠጣውን ሰው ሁሉ እንደሚያሸንፈው፥ አእምሮውንም እንደሚያሳጣው አስተውሉ።
fe685fb8-7a8b-5df2-a355-9f7acbd01b3b,544d2914-8258-5c50-a596-c4984640a01f,3ff9bf9a-e7d8-5726-a014-36b8c2dc6065,3,19,የንጉሡንና የድኃ አደጉን፥ የባሪያዉንና የነጻዉን፥ የድኃውንና የባለጸጋውን ልቡና አንድ ያደርገዋል።
98b2dbba-59fc-5922-a62f-6ee4ff79bf88,544d2914-8258-5c50-a596-c4984640a01f,3ff9bf9a-e7d8-5726-a014-36b8c2dc6065,4,20,የሰውን ሁሉ ልቡና ወደ ደስታ መልሶ ደስ ያሰኛቸዋል፤ ኀዘኑንም ሁሉ አያስቡትም፤ ጭንቀቱንም ሁሉ አያስቡትም።
cefe7421-ff51-5b33-a356-d7e4f59aba99,544d2914-8258-5c50-a596-c4984640a01f,3ff9bf9a-e7d8-5726-a014-36b8c2dc6065,5,21,የሰውን ሁሉ ልቡና ባለ ጸጋ ያደርገዋል፤ ንጉሡንም አያስቡትም፤ ፈጣሪያቸውንም አያስቡትም ሰውንም ሁሉ ከባድ ነገር ያናግረዋል።
89a81073-a1db-5b5c-ac2b-1fd9cee6596f,544d2914-8258-5c50-a596-c4984640a01f,3ff9bf9a-e7d8-5726-a014-36b8c2dc6065,6,22,በጠጡትም ጊዜ ወዳጅ ወዳጁን፥ ወንድምም ወንድሙን ይረሳዋል፥ ሾተላቸውንም ያማዝዛቸዋል።
14ed552c-4e84-5bf5-afcf-faf2a689f39c,544d2914-8258-5c50-a596-c4984640a01f,3ff9bf9a-e7d8-5726-a014-36b8c2dc6065,7,23,ከስካራቸውም በነቁ ጊዜ ያደረጉትን አያስቡትም።
ab327890-ae49-53c0-a6ab-c79701bad85c,544d2914-8258-5c50-a596-c4984640a01f,3ff9bf9a-e7d8-5726-a014-36b8c2dc6065,8,24,እናንተ ሰዎች፥ በግድ እንዲህ የሚያደርገው ወይን አያሸንፍምን?” ከዚህም በኋላ እርሱ እንዲህ ብሎ ተናግሮ ዝም አለ።
b2a85979-b0c5-52a4-a97d-3ba7ca04847d,74c2d417-ad7e-5459-a0f7-7c9f20689a2b,522e8de7-19ec-583a-acd9-93a1aee98b8f,1,1,ንጉሥ ያሸንፋል ያለው ሁለተኛውም ይናገር ጀመረ።
ca905749-0da4-56cd-ad6a-aee7f99640ec,74c2d417-ad7e-5459-a0f7-7c9f20689a2b,522e8de7-19ec-583a-acd9-93a1aee98b8f,2,2,“እናንተ ሰዎች ሆይ፥ ሰዎች ምድርን የሚያሸንፏት፥ ባሕርንም፥ በውስጧ ያለውንም ሁሉ የሚገዙ አይደለምን?
345fedff-a0ed-5b5b-aa35-0e75125a0e56,74c2d417-ad7e-5459-a0f7-7c9f20689a2b,522e8de7-19ec-583a-acd9-93a1aee98b8f,3,3,ንጉሥም ለእነርሱ ጌታቸው ነው፤ ፈጽሞም ይገዛቸዋል፤ እርሱ ያዘዛቸውንም ሁሉ ያደርጋሉ።
bb80495e-e0ac-518c-a64e-dc1274e2bd80,74c2d417-ad7e-5459-a0f7-7c9f20689a2b,522e8de7-19ec-583a-acd9-93a1aee98b8f,4,4,ባልንጀራችሁን ግደሉ ቢላቸውም ይገድላሉ ወደ ጦርነትም ሂዱ ቢላቸው ይሄዳሉ፤ ተራሮችንም ይንዳሉ፤ አጥሩንና ግንቡንም ያፈርሳሉ።
47b61dc5-013e-5d22-acd3-d824bc7dd6d9,74c2d417-ad7e-5459-a0f7-7c9f20689a2b,522e8de7-19ec-583a-acd9-93a1aee98b8f,5,5,የንጉሡንም ትእዛዝ እንቢ እንዳይሉ ይገድላሉ፤ ይገደላሉም፤ ድል ቢያደርጉም የማረኩትን ምርኮ ሁሉ ለንጉሡ ያገባሉ።
91915d8f-7189-5727-a62d-9903fb7019f7,74c2d417-ad7e-5459-a0f7-7c9f20689a2b,522e8de7-19ec-583a-acd9-93a1aee98b8f,6,6,“ያልዘመቱና ያልተዋጉ፥ ምድርን የሚያርሱ እነርሱ ዘርተው አዝመራቸውን ባገቡ ጊዜ ግብሩን ለንጉሡ ይሰጣሉ። ለንጉሡም ግብር እንዲከፍል አንዱ ሌላውን ያስገድደዋል።
bbdf7ffb-d086-577f-a9b2-21338b8198c7,74c2d417-ad7e-5459-a0f7-7c9f20689a2b,522e8de7-19ec-583a-acd9-93a1aee98b8f,7,7,እርሱ ግን አንድ ብቻ ነው፤ ግደሉ ቢላቸው ይገድላሉ፤ ተዉ ቢላቸውም ይተዋሉ።
96113534-218d-5bd9-a726-389e33918fa7,74c2d417-ad7e-5459-a0f7-7c9f20689a2b,522e8de7-19ec-583a-acd9-93a1aee98b8f,8,8,ግረፉ ቢላቸውም ይገርፋሉ፤ ገንቡ ቢላቸውም ይገነባሉ፤ አፍርሱ ቢላቸውም ያፈርሳሉ።
4ce471a0-37ca-5a66-a7b5-788ac9c342aa,74c2d417-ad7e-5459-a0f7-7c9f20689a2b,522e8de7-19ec-583a-acd9-93a1aee98b8f,9,9,ቍረጡ ቢላቸው ይቈርጣሉ፤ ትከሉ ቢላቸውም ይተክላሉ።
f2b1f423-bbf9-5472-a1e2-385c6c1d3798,74c2d417-ad7e-5459-a0f7-7c9f20689a2b,522e8de7-19ec-583a-acd9-93a1aee98b8f,10,10,ሕዝቡ ሁሉና ሠራዊቱም ላንድ ለእርሱ ይታዘዙለታል፤ ከዚህም ሁሉ ጋራ እርሱ ተቀምጦ በልቶና ጠጥቶ ይተኛል።
77fb9af6-82f4-5f16-a81e-6a25e2567dde,74c2d417-ad7e-5459-a0f7-7c9f20689a2b,522e8de7-19ec-583a-acd9-93a1aee98b8f,11,11,ሌላውም ዙሪያውን ይጠብቃል፤ ከእነርሱም ተለይቶ ሄዶ ጉዳዩን ማድረግ የሚችል አንድም የለም፤ በማናቸውም ነገር እንቢ ይሉት ዘንድ አይችሉም።
2bc1e08c-5886-5a59-aa1d-367984b7bc88,74c2d417-ad7e-5459-a0f7-7c9f20689a2b,522e8de7-19ec-583a-acd9-93a1aee98b8f,12,12,እናንተ ሰዎች ሆይ፥ ሁሉ እንዲህ የሚታዘዝለት ንጉሥ አያሸንፍምን?” ከዚህም በኋላ ዝም አለ።
eb6fc210-45ea-5b25-a091-14a28c7205c5,74c2d417-ad7e-5459-a0f7-7c9f20689a2b,df45bf63-5561-5a1c-a0a7-42511e71c842,1,13,ስለ ሴቶችና ስለ እውነት የተናገረው ሦስተኛውም ይናገር ጀመረ፤ እርሱም ዘሩባቤል ነው። እርሱም እንዲህ አለ፦
42ea4d2d-9bff-5bb0-a7bd-e3a6d5864534,74c2d417-ad7e-5459-a0f7-7c9f20689a2b,df45bf63-5561-5a1c-a0a7-42511e71c842,2,14,“እናንተ ሰዎችሆይ፥ ንጉሡ ታላቅ አይደለምን? ሰዎቹስ ብዙ አይደሉምን? ወይንስ ብርቱ አይደለምን? እኒህንስ የሚገዛቸውና የሚያዝዛቸው ማነው? ሴቶች አይደሉምን?
36c0b436-0733-516f-ad39-4a75ede642a8,74c2d417-ad7e-5459-a0f7-7c9f20689a2b,df45bf63-5561-5a1c-a0a7-42511e71c842,3,15,ሴቶች ምድርንና ባሕርን የሚገዙ ንጉሡንና ሕዝቡን ሁሉ ወልደዋል።
3d65b2ba-fb50-50f2-a087-b1152b7c1a27,74c2d417-ad7e-5459-a0f7-7c9f20689a2b,df45bf63-5561-5a1c-a0a7-42511e71c842,4,16,ከእነርሱም ተወለዱ፤ እነርሱም ከእርሱ ወይን የሚገኝበት የወይን ተክልን የሚተክሉ ሰዎችን አሳደጉ።
0ed750ae-c479-5342-acd4-da012d4bb286,74c2d417-ad7e-5459-a0f7-7c9f20689a2b,df45bf63-5561-5a1c-a0a7-42511e71c842,5,17,እነርሱም ለሰዎች ልብስን ይሠራሉ፤ ለወንዶችም ክብርን ያደርጋሉ፤ ወንዶችም ያለ ሴት መኖር አይቻላቸውም።
23a46c06-345d-5fa8-aab4-364287ab91b1,74c2d417-ad7e-5459-a0f7-7c9f20689a2b,df45bf63-5561-5a1c-a0a7-42511e71c842,6,18,ሰዎች ምንም እንኳ ብሩንና ወርቁን፥ መልካሙንም ዕቃ ሁሉ ቢሰበስቡ፥ መልኳ ያማረና ደም ግባትዋ የተወደደ አንዲት ሴትን ባዩ ጊዜ፥
2d7d008e-4bf7-58c4-aafd-acbbafd84118,74c2d417-ad7e-5459-a0f7-7c9f20689a2b,df45bf63-5561-5a1c-a0a7-42511e71c842,7,19,ያን ሁሉ ረስተው እርሷን ይመለከታሉ፤ አፏንም ያያሉ፤ ሁሉም ያደንቋታል፤ ከወርቅና ከብር፥ ካማረውም ዕቃ ሁሉ እርሷን ይመርጧታል።
a236761a-1df8-5732-a08f-318445023df4,74c2d417-ad7e-5459-a0f7-7c9f20689a2b,df45bf63-5561-5a1c-a0a7-42511e71c842,8,20,ሰውም ያሳደገውን አባቱንና ሀገሩን ትቶ ሚስቱን ይከተላል።
3e264824-19e6-54d2-ac02-eaf1afa71e2b,74c2d417-ad7e-5459-a0f7-7c9f20689a2b,df45bf63-5561-5a1c-a0a7-42511e71c842,9,21,ስለ ሚስቱም ነፍሱን ይሰጣል፤ አባትና እናቱን፥ ሀገሩንም አያስባቸውም።
35ec8b78-4bef-5bf0-a7a4-22dacec2e5eb,74c2d417-ad7e-5459-a0f7-7c9f20689a2b,df45bf63-5561-5a1c-a0a7-42511e71c842,10,22,በዚህም ሴቶች እንደሚያሸንፏችሁ ታውቃላችሁ፤ ጥራችሁና ደክማችሁም ሁሉን አምጥታችሁ ለሴቶች የምትሰጧቸው አይደላችሁምን?
ae0f91bb-310b-53bc-a57d-4b2b05b97488,74c2d417-ad7e-5459-a0f7-7c9f20689a2b,df45bf63-5561-5a1c-a0a7-42511e71c842,11,23,ወንድ ጦሩን ይዞ ወጥቶ ይሄዳል፤ ይሰርቃል፤ ይዘርፋልም፤ በባሕሩና በወንዙ ይጓዛል፤
fda6a9ad-4378-59f4-ab83-e33347165a62,74c2d417-ad7e-5459-a0f7-7c9f20689a2b,df45bf63-5561-5a1c-a0a7-42511e71c842,12,24,አንበሳንም እያየ ይሄዳል፤ በጨለማም ይሄዳል። በሰረቀና በነጠቀ፥ በዘረፈም ጊዜ ሁሉን ለሚወዳት ይሰጣል።
70abca0c-8848-57a6-a1d0-24d36d27f6d6,74c2d417-ad7e-5459-a0f7-7c9f20689a2b,df45bf63-5561-5a1c-a0a7-42511e71c842,13,25,ወንድ ከወለዱት ከእናቱና ከአባቱ ይልቅ ሚስቱን ይወዳታል።
5b10d95b-3dcf-54c3-a6fd-ee6f7c014d39,74c2d417-ad7e-5459-a0f7-7c9f20689a2b,df45bf63-5561-5a1c-a0a7-42511e71c842,14,26,በሴቶች ምክንያት ልባቸው የጠፋ፥ ስለ እነርሱም የተገዙና ባሮች የሆኑ ብዙዎች ናቸው።
b3b4e908-9bf4-556b-a0ee-d8a233fa36ec,74c2d417-ad7e-5459-a0f7-7c9f20689a2b,df45bf63-5561-5a1c-a0a7-42511e71c842,15,27,በሴቶችም ምክንያት የሞቱ፥ የተሳሳቱና የበደሉ ብዙዎች ናቸው።
d77365b7-75f3-5ac9-ac69-c14382020a7b,74c2d417-ad7e-5459-a0f7-7c9f20689a2b,df45bf63-5561-5a1c-a0a7-42511e71c842,16,28,“አሁንም አታምኑኝምን? ንጉሥ በሥልጣኑ ታላቅ አይደለምን? ሕዝቡስ ሁሉ ባዩት ጊዜ እርሱን መንካት የሚፈሩ አይደለምን?
9e91725e-de3d-53f7-ab70-6392dbdfd887,74c2d417-ad7e-5459-a0f7-7c9f20689a2b,df45bf63-5561-5a1c-a0a7-42511e71c842,17,29,እነሆ የንጉሡ ዕቅብት የክቡር የበርጠቁ ልጅ ኤጴሜን በንጉሡ ቀኝ ትቀመጣለች።
3502f12a-b228-52a2-af87-ab3a8d576999,74c2d417-ad7e-5459-a0f7-7c9f20689a2b,df45bf63-5561-5a1c-a0a7-42511e71c842,18,30,የንጉሡን ዘውድ ከራሱ ላይ አውርዳ በራሷ ላይ ትደፋለች፤ ንጉሡንም በግራ እጇ በጥፊ ትመታዋለች።
35eb21f9-1e6b-5b02-a4f3-f5a70cd14941,74c2d417-ad7e-5459-a0f7-7c9f20689a2b,df45bf63-5561-5a1c-a0a7-42511e71c842,19,31,ከዚህም ሁሉ ጋራ ንጉሥ አፏን ያያል፤ ብትስቅ ይስቃል፤ ብትቈጣም ትናገር ዘንድ፥ ቍጣዋም ይበርድ ዘንድ ያቈላምጣታል።
02dc5647-b447-531b-a59a-07beda06535e,74c2d417-ad7e-5459-a0f7-7c9f20689a2b,df45bf63-5561-5a1c-a0a7-42511e71c842,20,32,እናንተ ሰዎች፥ እንዲህ የሚያደርጉ ሴቶች አያሸንፉምን?”
4e1ef4ce-a3db-50ae-ae20-ee8e66ebecae,74c2d417-ad7e-5459-a0f7-7c9f20689a2b,125ff78c-9a66-5c68-a905-2df2dafcf7ca,1,33,ከዚህም በኋላ ንጉሡና መኳንንቱ እርስ በርሳቸው ተያዩ፤ ከዚህም በኋላ የእውነትን ነገር ይናገር ጀመረ።
68f8568f-84ec-5ded-a8c1-d2d67033b7b4,74c2d417-ad7e-5459-a0f7-7c9f20689a2b,125ff78c-9a66-5c68-a905-2df2dafcf7ca,2,34,እንዲህም አለ፥ “እናንተ ሰዎች ሆይ፥ እውነት የሚያሸንፍ አይደለምን? ምድርስ ታላቅ ነው፤ ሰማይም ከፍ ያለ ነው፤ ፀሐይም በዙረቱ ፈጣን ነው፤ ባንዲት ቀን ሰማይን ዙሮ በቀኙ ወደ ቦታው ይመለሳልና
7910f55c-f0f4-523b-ab3e-fcd6e45b4a45,74c2d417-ad7e-5459-a0f7-7c9f20689a2b,125ff78c-9a66-5c68-a905-2df2dafcf7ca,3,35,እንዲህ የሚያደርግ ታላቅ አይደለምን? እውነትም ታሸንፋለች፤ ከዚህም ሁሉ ትበልጣለች።
c51a9b10-d44c-5e80-a409-8672016bcce5,74c2d417-ad7e-5459-a0f7-7c9f20689a2b,125ff78c-9a66-5c68-a905-2df2dafcf7ca,4,36,ዓለም ሁሉ እውነትን ይጠራታል፤ ሰማይም ይባርካታል፤ ፍጥረትም ሁሉ ለእርሷ ይንቀጠቀጣል፤ ይናወጣልም፤ ከእውነትም ጋር ዐመፃ አይገኝም።
420729e8-bcc3-5901-a8ab-32510b280203,74c2d417-ad7e-5459-a0f7-7c9f20689a2b,125ff78c-9a66-5c68-a905-2df2dafcf7ca,5,37,ወይን በደለኛ ነው፤ ንጉሥም በደለኛ ነው፤ ሴቶችም በደለኞች ናቸው፤ የሰው ልጅም በደለኛ ነው፤ ሥራቸውም ሁሉ በደል ነው፤ ይህ ሁሉ በእውነት ዘንድ የለም፤ እነዚህም ሁሉ በበደላቸው ይሞታሉ።
0de1e0a9-1daa-5638-a2e7-0c1772e9aea1,74c2d417-ad7e-5459-a0f7-7c9f20689a2b,125ff78c-9a66-5c68-a905-2df2dafcf7ca,6,38,“እውነት ግን ሁልጊዜ ታሸንፋለች፤ ሕይወትም ናት፤ ለዘለዓለሙም ፈጽማ ጸንታ ትኖራለች።
c5caa189-bfa8-5df7-adec-f53ddb9a8660,74c2d417-ad7e-5459-a0f7-7c9f20689a2b,125ff78c-9a66-5c68-a905-2df2dafcf7ca,7,39,በእርሷ ዘንድ ልዩነትና ለፊት ማዳላት የሉም፤ ነገር ግን እውነት በሐሰትና በክፉ ሁሉ አትኖርም። ሰዎች ሁሉም ሥራዋን ይወድዳሉ።
ce1f0e29-0820-5e44-a8e2-92abc2fb25fe,74c2d417-ad7e-5459-a0f7-7c9f20689a2b,125ff78c-9a66-5c68-a905-2df2dafcf7ca,8,40,በፍርድዋም ዐመፅ የለባትም፤ እርስዋም ታሸንፋለች፥ መንግሥት፥ ገናናነትና በዓለም ውስጥ ያለ ሥልጣን ሁሉ የእርስዋ ነው፤ መንግሥት የእርሱ የሆነ እግዚአብሔር ይመስገን” ብሎ ዝም አለ።
05d746b4-c1c3-51fd-a435-666bb10f26ca,74c2d417-ad7e-5459-a0f7-7c9f20689a2b,143b3674-91c5-51cf-ab2d-17534b05f1e7,1,41,ከዚህም በኋላ ሕዝቡ ሁሉ ድምፃቸውን ከፍ በማድረግ፥ “እውነት ታላቅ ናት! ፈጽማም ታሸንፋለች!” አሉ።
35b73fcd-b8cb-5cd6-a709-490f26f795e2,74c2d417-ad7e-5459-a0f7-7c9f20689a2b,143b3674-91c5-51cf-ab2d-17534b05f1e7,2,42,ንጉሡም፥ “የምትወድደውን ከተጻፈው ሁሉ አብልጠህ ለምን፤ እኔም እሰጥሃለሁ። አንተ ዐዋቂ ሆነሃልና፥ ተለይተህም ከእኔ ጋር ትቀመጣለህ፤ የእኔም ዘመድ ትሆናለህ” አለው።
5ac130c9-045d-5a9b-a237-0e3e6d512985,74c2d417-ad7e-5459-a0f7-7c9f20689a2b,143b3674-91c5-51cf-ab2d-17534b05f1e7,3,43,እርሱም ንጉሡን እንዲህ አለው፥ “በነገሥህ ጊዜ ኢየሩሳሌምን ትሠራት ዘንድ የተሳልኸውን ስእለት ዐስብ።
1c3f2749-26c8-5cf6-a306-f79bcf165787,74c2d417-ad7e-5459-a0f7-7c9f20689a2b,143b3674-91c5-51cf-ab2d-17534b05f1e7,4,44,ከኢየሩሳሌም የተወሰዱትን፥ ቂሮስ ባቢሎንን ለማጥፋት በጀመረ ጊዜ ለይቶ ያኖራቸውንና ወደዚያ ለመመለስ የተሳላቸውን ዕቃዎችን ትመልስ ዘንድ ዐስብ።
bef39140-851b-57ab-aa13-70a61ca8bdd1,74c2d417-ad7e-5459-a0f7-7c9f20689a2b,143b3674-91c5-51cf-ab2d-17534b05f1e7,5,45,አንተም ከለዳውያን ይሁዳን ባጠፏት ጊዜ ኤዶማውያን ያቀጠሏትን ቤተ መቅደስ ትሠራ ዘንድ ተስለሃል።
e49594c2-7c90-57eb-ad71-7f1a0d5fe1e6,74c2d417-ad7e-5459-a0f7-7c9f20689a2b,143b3674-91c5-51cf-ab2d-17534b05f1e7,6,46,አሁንም ጌታዬ ንጉሥ ሆይ፥ የምማልድህና የምለምንህ ይህ ነው፤ ካንተም የምፈልጋት ታላቅ ነገር ይህች ናት፥ ጌታዬ ለሰማይ አምላክ የተሳልኸውን ስእለትህን ታደርግ ዘንድ እሺ በለኝ፥ ካንደበትህ የወጣውንም አድርግ።”
a5362d1d-4503-5859-a110-8d51659ff6cb,74c2d417-ad7e-5459-a0f7-7c9f20689a2b,143b3674-91c5-51cf-ab2d-17534b05f1e7,7,47,ከዚህ በኋላም ንጉሡ ዳርዮስ አቅፎ ሳመው፤ እርሱንና ይሠሯት ዘንድ ወደ ኢየሩሳሌም የሚወጡትን ከእርሱ ጋር ያሉትን ሁሉ ይሹ ዘንድ ወደ ግምጃ ቤት አዛዦችና ወደ አለቆች፥ ወደ መሳፍንቱና ወደ መኳንንቱ ሁሉ ደብዳቤዎችን ጻፈለት።
e5256f43-7ade-56ce-af7e-75c468b10c02,74c2d417-ad7e-5459-a0f7-7c9f20689a2b,143b3674-91c5-51cf-ab2d-17534b05f1e7,8,48,ከእርሱም ጋር ከተማዋን ይሠሩ ዘንድ የዋንዛውን እንጨት ወደ ኢየሩሳሌም እንዲያመጡ በቄሌ-ሶርያና በሊባኖስ ላሉ መሳፍንት ሁሉ ደብዳቤዎችን ጻፈ።
b6b6a028-c6f7-5faf-adcc-243b77704edf,74c2d417-ad7e-5459-a0f7-7c9f20689a2b,143b3674-91c5-51cf-ab2d-17534b05f1e7,9,49,ኀይላቸው የሚሆኑ ባልንጀሮችንም ሁሉ ከመገዛታቸው ነጻ ያወጧቸው ዘንድ ከግዛቱ ወደ ይሁዳ ለሚወጡትም አይሁድ ሁሉ ጻፈ። የግምጃ ቤት አዛዦች፥ መሳፍንቱና መኳንንቱም ወደ በራቸው እንዳይገቡ ጻፈ።
320e738d-615c-5c6a-a803-4dbe6dff1b82,74c2d417-ad7e-5459-a0f7-7c9f20689a2b,143b3674-91c5-51cf-ab2d-17534b05f1e7,10,50,ባውራጃቸው ላሉትም ግብሩን ይተዉላቸው ዘንድ፥ ኤዶማውያንም አጽንተው የያዙትን ቦታቸውን ለአይሁድ ይተዉ ዘንድ ጻፈ።
9dd48bef-f60e-54ad-a19e-72f4dc1e8337,74c2d417-ad7e-5459-a0f7-7c9f20689a2b,143b3674-91c5-51cf-ab2d-17534b05f1e7,11,51,ሕንጻውም እስኪፈጸም ድረስ ለቤተ መቅደሱ ሥራ የሚሆን በየዓመቱ ሃያ መክሊት ወርቅ ይሰጧቸው ዘንድ ጻፈ።
a9d6c2cd-0e4f-5d6c-aca5-3cf4dd4f3715,74c2d417-ad7e-5459-a0f7-7c9f20689a2b,143b3674-91c5-51cf-ab2d-17534b05f1e7,12,52,እንደ ልማዳቸውም በሕጉ ሁልጊዜ በመሠዊያው ላይ ለሚሠዉት የዘወትር መሥዋዕት ዐሥራ ሰባት፥ በየዓመቱም ሌላ ዐሥር መክሊት ወርቅ ይሰጧቸው ዘንድ ጻፈ።
3e10d044-1d4c-5bb0-a8e1-f4205b897249,74c2d417-ad7e-5459-a0f7-7c9f20689a2b,143b3674-91c5-51cf-ab2d-17534b05f1e7,13,53,ከተማዋንም ለመሥራት ከባቢሎን ለሚመጡት ሁሉ ለእነርሱና ለልጆቻቸው አገዛዝን ይተውላቸው ዘንድ ጻፈ።
ef1d6778-aa81-599d-a982-6a557f69b7e5,74c2d417-ad7e-5459-a0f7-7c9f20689a2b,143b3674-91c5-51cf-ab2d-17534b05f1e7,14,54,ለሚወጡ ካህናትም ሁሉ ምግባቸውንና የሚያገለግሉበት የአገልግሎት ልብሳቸውን ጻፈላቸው።
401fc0ba-f716-50ba-a7a2-1c1039f22a26,74c2d417-ad7e-5459-a0f7-7c9f20689a2b,143b3674-91c5-51cf-ab2d-17534b05f1e7,15,55,ለሌዋውያንም፦ የኢየሩሳሌምና የቤተ መቅደስ ሥራ እስኪፈጸም ድረስ ምግባቸውን ይሰጧቸው ዘንድ ጻፈላቸው።
3466189f-4265-561e-a37a-1185cc851840,74c2d417-ad7e-5459-a0f7-7c9f20689a2b,143b3674-91c5-51cf-ab2d-17534b05f1e7,16,56,ለሚያገለግሉና ከተማዋን ለሚሠሩ ሁሉ ምግባቸውን ይሰጧቸው ዘንድ ጻፈላቸው።
aeea8a79-b712-571d-a8f9-9078219d4154,74c2d417-ad7e-5459-a0f7-7c9f20689a2b,143b3674-91c5-51cf-ab2d-17534b05f1e7,17,57,ቂሮስ ከባቢሎን ያወጣውን ንዋየ ቅድሳቱንም ሁሉ፥ ሁሉንም ቂሮስ እንዳዘዘላቸው ያደርጉ ዘንድ፥ እርሱም እንዲሁ እንዲያደርጉና ወደ ኢየሩሳሌም እንዲልኩ አዘዛቸው።
b0dbcc39-3949-50b1-a6d2-655d8084c6d6,74c2d417-ad7e-5459-a0f7-7c9f20689a2b,b39dea00-6e4d-5409-a6ce-7c8b0c0fa595,1,58,ከዚህም በኋላ ወጣቱ በወጣ ጊዜ በኢየሩሳሌም አንጻር ፊቱን ወደ ሰማይ አቀና፤ የሰማይንም ንጉሥ አመሰገነው።
545de53e-1248-57fe-adda-6feda44552ca,74c2d417-ad7e-5459-a0f7-7c9f20689a2b,b39dea00-6e4d-5409-a6ce-7c8b0c0fa595,2,59,እንዲህም አለ፥ “ድል መንሣት ከአንተ ዘንድ ነው፤ ጥበብም ከአንተ ዘንድ ነው፤ ክብርም ለአንተ ነው፤ እኔም ያንተ ባሪያ ነኝ።
1f13fe65-cb41-5124-a842-262e61d930e7,74c2d417-ad7e-5459-a0f7-7c9f20689a2b,b39dea00-6e4d-5409-a6ce-7c8b0c0fa595,3,60,ጥበብን የሰጠኸኝ አንተም ቡሩክ ነህ፤ የአባቶቻችን ጌታ አመሰግንሃለሁ።”
54876d8a-48f2-5205-af87-1de778cff1ee,74c2d417-ad7e-5459-a0f7-7c9f20689a2b,b39dea00-6e4d-5409-a6ce-7c8b0c0fa595,4,61,ደብዳቤዎችንም ተቀብሎ ወደ ባቢሎን ሄደ፤ ይህንም ለወንድሞቹ ሁሉ ነገራቸው።
88b71ca9-1e81-551e-a161-fe3bb487d06e,74c2d417-ad7e-5459-a0f7-7c9f20689a2b,b39dea00-6e4d-5409-a6ce-7c8b0c0fa595,5,62,ያባቶቻቸውንም አምላክ አመሰገኑ፤ ዕረፍትን ሰጥትዋቸዋልና፥ ይቅርም ብሏቸዋልና፥
669147b3-21e5-5499-a967-63d6b95ba4f0,74c2d417-ad7e-5459-a0f7-7c9f20689a2b,b39dea00-6e4d-5409-a6ce-7c8b0c0fa595,6,63,ኢየሩሳሌምንና ስሙ የተጠራባት ቤተ መቅደስንም ይሠሩአት ዘንድ፤ ለመውጣት ፈቅዶላቸዋልና። በመሰንቆና በበገናም ደስ እያላቸው ሰባት ቀን ተቀመጡ።
562b1f77-c62b-53ef-a32a-00e68332d4c0,dbb307dd-3ebc-52c6-a878-d9a81434858e,527e8df0-6b04-54a3-ad72-c68919220e8d,1,1,ከዚህም በኋላ የሚወጡትን ያባቶቻቸውን ቤተ ሰቦች አለቆች በየወገኖቻቸው ለዩ፤ ሚስቶቻቸውን፥ ወንዶች ልጆቻቸውንና ሴቶች ልጆቻቸውን፥ ወንዶች አገልጋዮቻቸውንና ሴቶች አገልጋዮቻቸውን፥ ከብቶቻቸውንም ለዩ።
ab9163ee-0870-57a5-aca8-bd46cb8f9ecf,dbb307dd-3ebc-52c6-a878-d9a81434858e,527e8df0-6b04-54a3-ad72-c68919220e8d,2,2,ዳርዮስም በመሰንቆ፥ በበገናና በከበሮ በሰላም ወደ ኢየሩሳሌም ያደርሷቸው ዘንድ ከእነርሱ ጋር ሺህ ፈረሰኞችን ላከ።
504fa7ac-2e85-5845-ab81-7562f9cfb409,dbb307dd-3ebc-52c6-a878-d9a81434858e,527e8df0-6b04-54a3-ad72-c68919220e8d,3,3,ወንድሞቻቸውም ሁሉ እየዘፈኑ ከእነርሱ ጋር በአንድነት እንዲሄዱ አደረገ።
9ef099e4-56d7-5640-ac5a-40d3ca993c8b,dbb307dd-3ebc-52c6-a878-d9a81434858e,527e8df0-6b04-54a3-ad72-c68919220e8d,4,4,በየሀገራቸውና በየወገናቸው፥ አለቆቻቸውን ተከትለው የወጡ ሰዎችም ስማቸው ይህ ነው።
a6a0ae83-aa76-5a88-a1dd-5e765e24f9f3,dbb307dd-3ebc-52c6-a878-d9a81434858e,527e8df0-6b04-54a3-ad72-c68919220e8d,5,5,ካህናት የፊንሐስ ልጆች፥ የአሮን ልጆች፥ የሰራህያ ልጅ የኢዮሴዴቅ ልጅ ኢዮስስ፥ ከይሁዳ ወገን ከፋሬስ ወገን ከዳዊት ወገን የሆነ የሰላትያል ልጅ የዘሩባቤል ልጅ ኢዮአቄም፤
774a7638-5649-55d8-abd7-e1925de1ed23,dbb307dd-3ebc-52c6-a878-d9a81434858e,527e8df0-6b04-54a3-ad72-c68919220e8d,6,6,ዘሩባቤልም በፋርስ ንጉሥ በዳርዮስ ፊት በሁለተኛው ዓመተ መንግሥቱ በመጀመሪያው ወር በሚያዝያ የጥበብን ነገር የተናገረ ነው።
c05ce540-4bcf-5994-a0e4-e632f2950b16,dbb307dd-3ebc-52c6-a878-d9a81434858e,527e8df0-6b04-54a3-ad72-c68919220e8d,7,7,የባቢሎን ንጉሥ ናቡከደነፆር ከማረካቸው ከፋርስ ምርኮ የወጡ ከይሁዳ የሆኑ ሰዎች እኒህ ናቸው።
15ace88d-8f9d-5d9a-a75b-915246c90e34,dbb307dd-3ebc-52c6-a878-d9a81434858e,527e8df0-6b04-54a3-ad72-c68919220e8d,8,8,እነርሱም ወደ ኢየሩሳሌምና ወደ ሌላዎች የይሁዳ ክፍሎች ተመለሱ። ሁሉንም በየከተሞቻቸው ላካቸው፤ እነዚህም አስቀድመው ከተሾሙላቸው ከመጀመሪያዎቹ ሹሞች፥ ከኢያሱና ከዘሩባቤል፥ ከነህምያ፥ ከዛርያስ፥ ከሬስያስ፥ ከኤኔንዮስ፥ ከመርዶክዮስ፥ ከቦኤልሰሮስ፥ ከአስፈራሶስ፥ ከሬልዮስ፥ ከኢሮምዮስና ከበዓናስ ጋር የመጡ ናቸው።
671a50c0-6fa0-5659-acd4-238388e5134b,dbb307dd-3ebc-52c6-a878-d9a81434858e,527e8df0-6b04-54a3-ad72-c68919220e8d,9,9,የሕዝቡም ቍጥር፥ የፋሬስ ልጆች ሁለት ሺ አንድ መቶ ሰባ ሁለት ናቸው፤ የሳፋንም ልጆች ሦስት መቶ ሰባ ሁለት ናቸው።
fea96374-ab90-5f4d-a0d7-5bd02e51e817,dbb307dd-3ebc-52c6-a878-d9a81434858e,527e8df0-6b04-54a3-ad72-c68919220e8d,10,10,የሐሬስ ልጆችም ሰባት መቶ አምሳ ስድስት ናቸው።
6eb62016-33ee-5f1e-a726-35f3eca70700,dbb307dd-3ebc-52c6-a878-d9a81434858e,527e8df0-6b04-54a3-ad72-c68919220e8d,11,11,የፈሓት ሞዓብ ልጆችም ከሮብአምና ከኢዮስስ ልጆች ጋራ ሁለት ሺ ስምንት መቶ ዐሥራ ሁለት ናቸው።
cab6353e-d100-5bf4-a342-26ca8ff9ee28,dbb307dd-3ebc-52c6-a878-d9a81434858e,527e8df0-6b04-54a3-ad72-c68919220e8d,12,12,የኤላም ልጆች አንድ ሽህ ሁለት መቶ አምሳ አራት ናቸው፤ የዛጦንም ልጆች ዘጠኝ መቶ ስድሳ ናቸው፤ የኮሮባ ልጆች ሰባት መቶ አምሳ ናቸው፤ የባኒን ልጆችም ስድስት መቶ አርባ ስምንት ናቸው።
3a5d2f7c-0b9e-53ad-a536-a02ddc5b4c19,dbb307dd-3ebc-52c6-a878-d9a81434858e,527e8df0-6b04-54a3-ad72-c68919220e8d,13,13,የቤባይ ልጆችም ስድስት መቶ ሠላሳ ሦስት ናቸው፤ የዓዝጋድ ልጆችም ሺህ ሦስት መቶ ሃያ ሁለት ናቸው።
3ddf6032-c840-53ff-ac55-5c86728f3d49,dbb307dd-3ebc-52c6-a878-d9a81434858e,527e8df0-6b04-54a3-ad72-c68919220e8d,14,14,የአዶኒቃም ልጆች ስድስት መቶ ስድሳ ሰባት ናቸው፤ የበጉዋይ ልጆችም ሁለት ሺህ ስድሳ ሰባት ናቸው፤ የአዲኖስም ልጆች አራት መቶ አምሳ አራት ናቸው።
a2e696b7-2ff3-5d7b-ad59-fd4ddd816421,dbb307dd-3ebc-52c6-a878-d9a81434858e,527e8df0-6b04-54a3-ad72-c68919220e8d,15,15,የአዝራቅዮ፥ የቄላንና የአዛጦን ልጆች ስድሳ ሰባት ናቸው፤ የአዛሩ ልጆችም አራት መቶ ሠላሳ ሁለት ናቸው።
aecb4e98-f9ff-5b64-aae0-9e68f1a29190,dbb307dd-3ebc-52c6-a878-d9a81434858e,527e8df0-6b04-54a3-ad72-c68919220e8d,16,16,የሐናንያም ልጆች መቶ አንድ ናቸው፤ የአሮምና የባሕሴ ልጆች ሦስት መቶ ሃያ ሦስት ናቸው፤
f8b45463-a9db-5aa4-add2-b5ef48e220f3,dbb307dd-3ebc-52c6-a878-d9a81434858e,527e8df0-6b04-54a3-ad72-c68919220e8d,17,17,የአርስፋሪስት ልጆች አንድ መቶ ዐሥራ ሁለት ናቸው። የበጢሩስ ልጆችም ሦስት ሽህ አምስት ናቸው፤ የኤናውም ልጆች መቶ አምሳ ስምንት ናቸው። የቤትሎሞን ልጆችም መቶ ሃያ ሦስት ናቸው።
9c8416f3-6c74-533d-a098-ec7b2d0856ed,dbb307dd-3ebc-52c6-a878-d9a81434858e,527e8df0-6b04-54a3-ad72-c68919220e8d,18,18,ከኒጤባስም ልጆች አምሳ አምስት፥ ከኤናጦስም ልጆች መቶ አምሳ ስምንት፥ የቤትሳሞስ ልጆች አርባ ሁለት፥
2083c41a-9380-5535-a3b8-9c4bb69b5603,dbb307dd-3ebc-52c6-a878-d9a81434858e,527e8df0-6b04-54a3-ad72-c68919220e8d,19,19,የቀታርቲሐርዮስ ልጆችም ሃያ አምስት፥ የጳሬስና የፎሮግ ልጆች ሰባት መቶ አርባ ሦስት ናቸው፤
e07a8b40-9654-5c71-ade7-dc2e37fd34bb,dbb307dd-3ebc-52c6-a878-d9a81434858e,527e8df0-6b04-54a3-ad72-c68919220e8d,20,20,አካዲያስና አሚዳውያንም አራት መቶ ሃያ ሁለት ናቸው፥ የቂራማና የጋቢስ ልጆች ስድስት መቶ ሃያ አንድ ናቸው።
c0ee30ac-3e78-572d-aa0b-52ab5ea8951a,dbb307dd-3ebc-52c6-a878-d9a81434858e,527e8df0-6b04-54a3-ad72-c68919220e8d,21,21,የመቃሉንም ልጆች መቶ ሃያ ሁለት፥ ከቤጠሊም ልጆች አምሳ ሁለት፥ የኔፋስም መቶ አምሳ ስድስት ናቸው።
3ff69626-6502-5908-a610-0cb7427db00b,dbb307dd-3ebc-52c6-a878-d9a81434858e,527e8df0-6b04-54a3-ad72-c68919220e8d,22,22,የቀላምሎምና የሁነስ ልጆች ሰባት መቶ ሃያ አምስት፥ የኤሪካ ልጆች ሦስት መቶ አርባ አምስት፤
0cc85de0-577c-562e-a2ff-f93e5af613d3,dbb307dd-3ebc-52c6-a878-d9a81434858e,527e8df0-6b04-54a3-ad72-c68919220e8d,23,23,የሰናሐሰም ልጆች ሦስት ሺህ ሦስት መቶ አንድ ናቸው።
ff167781-f772-5921-a377-612559571773,dbb307dd-3ebc-52c6-a878-d9a81434858e,527e8df0-6b04-54a3-ad72-c68919220e8d,24,24,የኢዮስስ ልጆች፥ ካህናቱም ከአናሲብ ልጆች ጋራ ስምንት መቶ ሰባ ሁለት ናቸው። የኤምሩት ልጆችም ሁለት መቶ አምሳ ሁለት ናቸው።
c68570ed-78f6-5952-a077-7275a15574e3,dbb307dd-3ebc-52c6-a878-d9a81434858e,527e8df0-6b04-54a3-ad72-c68919220e8d,25,25,የፋሰሩ ልጆችም አንድ ሺህ ሁለት መቶ አርባ ሰባት፥ የካርሚ ልጆች ሽህ ዐሥራ ሰባት ናቸው።
734bdd8d-ee2b-53c4-a4da-70dbc1ac6ed9,dbb307dd-3ebc-52c6-a878-d9a81434858e,527e8df0-6b04-54a3-ad72-c68919220e8d,26,26,ሌዋውያን ግን፦ የኢዮስስ የቆድሔሉ፥ የባኑና የሱዱይ ልጆች ሰባ አራት፤
6c5a8474-3521-561a-ae69-2dff07c4c6b8,dbb307dd-3ebc-52c6-a878-d9a81434858e,527e8df0-6b04-54a3-ad72-c68919220e8d,27,27,መዝሙር የሚዘምሩ የካህናት ልጆች፦ የአሳፍ ልጆች መቶ ሃያ ስምንት፥
d7e03fa4-4b61-500f-a965-e24f8d13e46e,dbb307dd-3ebc-52c6-a878-d9a81434858e,527e8df0-6b04-54a3-ad72-c68919220e8d,28,28,በረኞች የሰሎም ልጆች፦ የአጤር ልጆች፥ የጤልሞን ልጆች፥ የዓቁብ ልጆች፥ የሐጢጣ ልጆች፥ የሰባይ ልጆች ሁሉም መቶ ሠላሳ ዘጠኝ ናቸው።
53e1c3d0-fdf9-5637-aa33-33cfc682f158,dbb307dd-3ebc-52c6-a878-d9a81434858e,527e8df0-6b04-54a3-ad72-c68919220e8d,29,29,የቤተ መቅደስ አገልጋዮች፦ የኤሳው ልጆች፥ የሓሱፋ ልጆች፥ የጠብይት ልጆች፥ የቀራስ ልጆች፥ የሲዓ ልጆች፥ የፋዶን ልጆች፥ የሌብና ልጆች፤ የአባጋ ልጆች፥
4ba82163-b4bd-5823-a7d1-63563391cfb9,dbb307dd-3ebc-52c6-a878-d9a81434858e,527e8df0-6b04-54a3-ad72-c68919220e8d,30,30,የዐቁድ ልጆች፥ የሐጡ ልጆች፥ የኪጣብ ልጆች፥ የአቀባ ልጆች፥ የሳባዊ ልጆች፥ የሐና ልጆች፥ የቃጡዓ ልጆች፥ የጌዱር ልጆች፤
af3f5907-652b-56ab-a0b9-3e9a462d2741,dbb307dd-3ebc-52c6-a878-d9a81434858e,527e8df0-6b04-54a3-ad72-c68919220e8d,31,31,የያሳሩ ልጆች፥ የዴሳን ልጆች፥ የነሒሴቦ ልጆች፥ የካሴባ ልጆች፥ የቀዚራ ልጆች፥ የዖዝያ ልጆች፥ የፋኑሕ ልጆች፥ የአዛራ ልጆች፥ የባስቲ ልጆች፥ የአስና ልጆች፥ የማአኒ ልጆች፥ የነፋሲ ልጆች፥ የአቁፋ ልጆች፥ የአኪባ ልጆች፥ የአሱር ልጆች፥ የፋራቂም ልጆች፥ የባስሊም ልጆች፤
d613158c-d8ec-5fad-a6a8-aec34be25de7,dbb307dd-3ebc-52c6-a878-d9a81434858e,527e8df0-6b04-54a3-ad72-c68919220e8d,32,32,የሚዳ ልጆች፥ የኩታ ልጆች፥ የሴርያ ልጆች፥ የባርኩስ ልጆች፥ የሴሬር ልጆች፥ የቶምሔ ልጆች፥ የናሲ ልጆች፥ የአጢፍ ልጆች።
021371d7-e035-56da-a619-f2e785633b1d,dbb307dd-3ebc-52c6-a878-d9a81434858e,527e8df0-6b04-54a3-ad72-c68919220e8d,33,33,የሰሎሞን አገልጋዮች ልጆች፦ የአሳፍያት ልጆች፥ የፋሬዳ ልጆች፥ የሐሊ ልጆች፥ የሎዝን ልጆች፥ የያሴዳሔል ልጆች፥ የሳፋት ልጆች፤
264f8df4-ebac-5a60-a300-022416dc1d64,dbb307dd-3ebc-52c6-a878-d9a81434858e,527e8df0-6b04-54a3-ad72-c68919220e8d,34,34,የሐጋያ ልጆች፥ የፈቀሬተሰባይ ልጆች፥ የሳሮትዮ ልጆች፥ የማሲያስ ልጆች፥ የጋስ ልጆች፥ የአዱስ ልጆች፥ የሱባስ ልጆች፥ የአፌራ ልጆች፥ የባሩዲስ ልጆች፥ የሳፋጥ ልጆች፥ የአሎም ልጆች፤
bd3a0928-922c-5977-a78d-f729aebd1ac0,dbb307dd-3ebc-52c6-a878-d9a81434858e,527e8df0-6b04-54a3-ad72-c68919220e8d,35,35,እነዚህ ቤተ መቅደሱን የሚያገለግሉ ሁሉና የሰሎሞን አገልጋዮች ልጆች ሁሉ ሦስት መቶ ሰባ ሁለት ናቸው።
62953ceb-e8a0-574c-a0b1-55fb346d3def,dbb307dd-3ebc-52c6-a878-d9a81434858e,527e8df0-6b04-54a3-ad72-c68919220e8d,36,36,ከቴልሜሬትና ከቴሌርሳስ የወጡት ሁሉ፥ አለቆቻቸውም ካራኃታንና ከሀለር ናቸው።
3b44e606-1d64-59c0-a7f5-b31d59ca815b,dbb307dd-3ebc-52c6-a878-d9a81434858e,527e8df0-6b04-54a3-ad72-c68919220e8d,37,37,ሀገራቸውንና ዘመዳቸውን፥ ከእስራኤልም ወገን መሆናቸውን መናገር አልቻሉም። የጡባን ልጆች፥ የዱዳን ልጆች፥ የነቆዲንም ልጆች ስድስት መቶ አምሳ ሁለት ናቸው።
10c2cbff-4afc-5a4a-aed3-031b27ecd845,dbb307dd-3ebc-52c6-a878-d9a81434858e,527e8df0-6b04-54a3-ad72-c68919220e8d,38,38,ከካህናቱ ወገን የሆኑ፥ የክህነትን ሥራ የሚሠሩ፥ ተመዝግበው ያልተገኙ፦ የሐብያ ልጆች፥ የአቅቦስ ልጆች፥ ከቤርዜሊ ልጆች ወገን በስሙ የተጠራች አውግያን ያገባ የይሆድስ ልጆች ናቸው።
b34d18c4-4586-5064-ae21-f9402deeebf9,dbb307dd-3ebc-52c6-a878-d9a81434858e,527e8df0-6b04-54a3-ad72-c68919220e8d,39,39,የዘመዶቹ ትውልድ ቍጥር በተጻፈበት መጽሐፍ ትውልዱን ፈልገው አጡ፤ የክህነት አገልግሎቱንም አስተዉት።
0712ebba-e5d4-51d7-ae72-d411f3cc5ce9,dbb307dd-3ebc-52c6-a878-d9a81434858e,527e8df0-6b04-54a3-ad72-c68919220e8d,40,40,ነህምያና ሐቴርሳታም፥ የክህነትና የጽድቅ ልብስ የሚለብስ ሊቀ ካህናት እስኪሾሙ ድረስ ከተቀደሰው ነገር ሁሉ እንዳይሰጡት አዘዙአቸው።
4356219f-0bd7-5145-a9a3-d543b3d43ac4,dbb307dd-3ebc-52c6-a878-d9a81434858e,527e8df0-6b04-54a3-ad72-c68919220e8d,41,41,ከዐሥራ ሁለት ዓመት በላይ ያሉት እስራኤል ሁሉ ከሴቶች አገልጋዮቻቸውና ከወንዶች አገልጋዮቻቸው በቀር አርባ ሁለት ሺህ ሦስት መቶ ስድሳ ነበሩ።
921a288d-ccb9-58ce-a474-07783dc0fc79,dbb307dd-3ebc-52c6-a878-d9a81434858e,527e8df0-6b04-54a3-ad72-c68919220e8d,42,42,ወንዶችና ሴቶች አገልጋዮቻቸውም ሰባት ሺህ ሦስት መቶ ሠላሳ ሰባት ነበሩ፤ ሴቶችና ወንዶች መዘምራንም ሁለት መቶ አርባ አምስት ነበሩ።
5b267923-84a9-50eb-ae00-3b4ed40ee6d3,dbb307dd-3ebc-52c6-a878-d9a81434858e,527e8df0-6b04-54a3-ad72-c68919220e8d,43,43,ግመሎቹም አራት መቶ ሠላሳ አምስት፥ ፈረሶቹም ሰባት ሺህ ሠላሳ ስድስት፥ በቅሎዎችም ሁለት መቶ አርባ አምስት፥ አህዮችም አምስት ሺ አምስት መቶ ሃያ አምስት ነበሩ።
eac15f44-f86a-5e2c-a0c0-a47e07e24d46,dbb307dd-3ebc-52c6-a878-d9a81434858e,527e8df0-6b04-54a3-ad72-c68919220e8d,44,44,ከሀገሮቻቸው አለቆችም ዐያሌዎች በኢየሩሳሌም ወዳለው ወደ እግዚአብሔር ቤተ መቅደስ በደረሱ ጊዜ እንደሚቻላቸው መጠን ቤተ መቅደሱን በቦታው ያቆሙት ዘንድ ጸለዩ።
464ef37d-610b-5bd3-a594-653d3785b22e,dbb307dd-3ebc-52c6-a878-d9a81434858e,527e8df0-6b04-54a3-ad72-c68919220e8d,45,45,ለቤተ መቅደሱ የሥራ ጣጣም አንድ ሺህ ወቄት ወርቅ፥ አምስት ሺህ ወቄት ብርና መቶ የካህናት ልብስ ወደ ግምጃ ቤቱ ያገቡ ዘንድ ተሳሉ።
8d3e3b02-c744-5610-a088-468f4edd49c7,dbb307dd-3ebc-52c6-a878-d9a81434858e,527e8df0-6b04-54a3-ad72-c68919220e8d,46,46,ካህናቱም፥ ሌዋውያኑም በኢየሩሳሌምና በአካባቢዋ ከሚኖሩ ሕዝቦችም፥ መዘምራኑ፥ በር ጠባቂዎቹም፥ እስራኤልም ሁሉ በየቦታቸው ይቀመጡ ነበር።
4fc310bb-a845-5488-a7a1-7d660e59fa6f,dbb307dd-3ebc-52c6-a878-d9a81434858e,7cea8262-70ce-537e-a1e6-23d8c38c504f,1,47,የእስራኤልም ልጆች በያገራቸው ተቀምጠው ሳሉ በሰባተኛው ወር መባቻ በምሥራቁ በር ዳርቻ ባለው አደባባይ በአንድነት ተሰበሰቡ።
56e6cb8c-39e9-58a5-adc3-1149dc6e98d3,dbb307dd-3ebc-52c6-a878-d9a81434858e,7cea8262-70ce-537e-a1e6-23d8c38c504f,2,48,የኢዮሴዴቅ ልጅ ኢያሱና ወንድሞቹ ካህናት፥ የሰላትያል ልጅ ዘሩባቤልና ወንድሞቹም፥ ተነሡ፤
29d42f2a-88e1-5348-a149-e3661b156609,dbb307dd-3ebc-52c6-a878-d9a81434858e,7cea8262-70ce-537e-a1e6-23d8c38c504f,3,49,በእግዚአብሔር ሰው በሙሴ መጽሐፍ እንደ ተጻፈ እንደ ሕጉ መሥዋዕት ይሠዉ ዘንድ ለእስራኤል ፈጣሪ ለእግዚአብሔር መሠዊያውን አዘጋጁ።
d7dd9cdc-04bc-5cb0-ab05-e263d1c6555c,dbb307dd-3ebc-52c6-a878-d9a81434858e,7cea8262-70ce-537e-a1e6-23d8c38c504f,4,50,ሌሎችም የምድር አሕዛብ ከእነርሱ ጋር ተሰብስበው በቦታቸው በመሥዊያው አጠገብ ተዘጋጁ፤ ተሰልፈው ነበርና፤ ከዚህም በኋላ የምድር አሕዛብን አሸነፏቸው፤ በየጊዜው የሚደረገውንም የነግሁንና የሠርኩን መሥዋዕት ቍርባኑንም ለእግዚአብሔር አቀረቡ።
fc5db71a-2c5e-5a8e-a91b-a463569532da,dbb307dd-3ebc-52c6-a878-d9a81434858e,7cea8262-70ce-537e-a1e6-23d8c38c504f,5,51,በሕግ እንደ ተጻፈ የዳስ በዓልን አደረጉ፤ በየዕለቱም እንደ ቀድሞው መሥዋዕቱን ሠዉ።
9b5d158e-f534-5629-af0b-08bbfbec5365,dbb307dd-3ebc-52c6-a878-d9a81434858e,7cea8262-70ce-537e-a1e6-23d8c38c504f,6,52,ዳግመኛም የዘወትሩን ቍርባንና የሰንበቱን መሥዋዕት፥ የመባቻዎችንና የተቀደሱትን በዓላት መሥዋዕት አቀረቡ።
41c49736-4a7d-5d82-a94e-21f2deed7f4b,dbb307dd-3ebc-52c6-a878-d9a81434858e,7cea8262-70ce-537e-a1e6-23d8c38c504f,7,53,ለእግዚአብሔርም ስእለት የተሳሉ ሰዎች ሁሉ ከሰባተኛው ወር መባቻ ጀምሮ መሥዋዕቱን ለእግዚአብሔር ያቀርቡ ጀመሩ፤ የእግዚአብሔርም ቤተ መቅደስ ገና አልተሠራም ነበር።
4b711f62-e2df-56ca-a2ed-ec9fa3692bb1,dbb307dd-3ebc-52c6-a878-d9a81434858e,7cea8262-70ce-537e-a1e6-23d8c38c504f,8,54,ደንጊያ ለሚያለዝቡና እንጨት ለሚጠርቡ ሰዎችም ወርቅና ብር ሰጧቸው፤ ለምግባቸውም መብሉንና መጠጡን ሰጧቸው።
dbb475b5-2224-5b4d-adb4-6aca48f320bd,dbb307dd-3ebc-52c6-a878-d9a81434858e,7cea8262-70ce-537e-a1e6-23d8c38c504f,9,55,የሲዶናና የጢሮስ ሰዎችንም የዋንዛውን እንጨቶች ከሊባኖስ በኢዮጴ ባሕር በኩል በመርከብ ያገቡላቸው ዘንድ አዘዟቸው፤ ከፋርስ ንጉሥ ከቂሮስ ዘንድም የትእዛዝ ደብዳቤ ጻፉላቸው።
5229a6f7-3413-54a8-a018-d5cf39bc57b3,dbb307dd-3ebc-52c6-a878-d9a81434858e,b2cd125e-dea7-501e-a984-0c9af704dfa3,1,56,ከዚህ በኋላ ወደ ኢየሩሳሌም ወደ እግዚአብሔር ቤት በደረሱ በሁለተኛው ዓመት በሁለተኛው ወር የሰላትያል ልጅ ዘሩባቤል፥ የኢዮሴዴቅ ልጅ ኢያሱ፥ ወንድሞቻቸው ካህናቱና፥ ሌዋውያኑም፥ ከምርኮ ወደ ኢየሩሳሌም የተመለሱትም ሁሉ ቤተ መቅደስን ይሠሩ ዘንድ ጀመሩ።
214f6181-35b3-5397-a26e-503b2868bf4f,dbb307dd-3ebc-52c6-a878-d9a81434858e,b2cd125e-dea7-501e-a984-0c9af704dfa3,2,57,ወደ ኢየሩሳሌምና ወደ ይሁዳ በገቡ በሁለተኛው ዓመት በሁለተኛው ወር መባቻ የእግዚአብሔር ቤተ መቅደስን መሠረት አኖሩ።
8aa7e204-1ab4-5138-a0d5-490eb1520a3a,dbb307dd-3ebc-52c6-a878-d9a81434858e,b2cd125e-dea7-501e-a984-0c9af704dfa3,3,58,ሌዋውያንንም በቤተ እግዚአብሔር ሥራ ላይ ሾሟቸው፤ ኢያሱና ልጆቹ፥ ወንድሞቹም፥ ወንድሙ አድያምያልም፥ የኢያሱ ልጅ ሄሜዴቦን፥ የኤልያዳን ልጅ የይሁዳ ልጆች፥ ከልጆቹና ከወንድሞቹ ጋር ሌዋውያንም ሁሉ የእግዚአብሔርን ቤት ይሠሩ ዘንድ የሥራ አለቆች ሆነው በአንድነት ተሾሙ።
cf6cbd9e-e527-58b8-abc0-ec429373b463,dbb307dd-3ebc-52c6-a878-d9a81434858e,b2cd125e-dea7-501e-a984-0c9af704dfa3,4,59,ካህናቱም ልብሰ ተክህኖውን ለብሰው፥ መሰንቆውንና መለከቱን ይዘው ቆሙ። የአሳፍ ልጆች ሌዋውያንም እግዚአብሔርን በጸናጽል ያመሰግኑ ነበር።
27b65aee-9c0e-58b3-a595-81578c714996,dbb307dd-3ebc-52c6-a878-d9a81434858e,b2cd125e-dea7-501e-a984-0c9af704dfa3,5,60,በእሴይ ልጅ በእስራኤል ንጉሥ በዳዊት መዝሙርም ያመሰግኑት ነበር።
2d381d8f-112e-54c5-a8af-ac94859b6186,dbb307dd-3ebc-52c6-a878-d9a81434858e,b2cd125e-dea7-501e-a984-0c9af704dfa3,6,61,ጮኸውም እያስተዛዘሉ እግዚአብሔርን ያመሰግኑ ነበር፤ ምስጋናው ለዘለዓለም ነውና፥ ቸርነቱም በእስራኤል ሁሉ ላይ ነውና።
52590174-ec6e-50bd-a327-127bd3864562,dbb307dd-3ebc-52c6-a878-d9a81434858e,b2cd125e-dea7-501e-a984-0c9af704dfa3,7,62,የእግዚአብሔር ቤተ መቅደስ በመነሣቱ ሕዝቡ ሁሉ መለከቱን እየነፉ፥ ከፍ ባለ ድምፅም እየጮሁ እግዚአብሔርን አመሰገኑ።
1e34de50-d399-5010-a8c4-d4b880247e5c,dbb307dd-3ebc-52c6-a878-d9a81434858e,b2cd125e-dea7-501e-a984-0c9af704dfa3,8,63,ቀድሞ በዚያ በያገራቸው ይኖሩ ከነበሩ ከካህናትና ከሌዋውያንም የዚያን ቤት ሥራውን ቀድሞ ያዩት አለቆችም በታላቅ ድምፅ ፈጽመው እያለቀሱ መጡ።
450bf562-53d2-5b0d-a2c6-c314e4a6adab,dbb307dd-3ebc-52c6-a878-d9a81434858e,b2cd125e-dea7-501e-a984-0c9af704dfa3,9,64,ሕዝቡም እስኪሰማ ድረስ ደስ ብሏቸው ቀንደ መለከት የሚነፉ ብዙ ሰዎች ነበሩ።
c6ae6e93-554d-51cb-ad10-82718ca0db42,dbb307dd-3ebc-52c6-a878-d9a81434858e,b2cd125e-dea7-501e-a984-0c9af704dfa3,10,65,በሩቅ እስኪሰማ ድረስ በታላቅ ድምፅ ቀንደ መለከት የሚነፉ ብዙ ሰዎች ነበሩና ከሕዝቡ ልቅሶ የተነሣ የመለከቱን ድምፅ አልሰሙም።
af274c1d-b6d3-5bf8-a3a7-2a15fff13d2a,dbb307dd-3ebc-52c6-a878-d9a81434858e,b2cd125e-dea7-501e-a984-0c9af704dfa3,11,66,የይሁዳና የብንያም ወገኖች ጠላቶችም ያን በሰሙ ጊዜ የቀንደ መለከቱ ድምፅ ምን እንደ ሆነ ያውቁ ዘንድ መጡ።
7932cde1-a74d-5db9-afd4-1a045dff449d,dbb307dd-3ebc-52c6-a878-d9a81434858e,b2cd125e-dea7-501e-a984-0c9af704dfa3,12,67,ከምርኮ የተመለሱ እስራኤልም የፈጣሪያቸው የእግዚአብሔርን ቤተ መቅደስ እንደሚሠሩ ባወቁ ጊዜ፥
d2aa8b9e-15d9-5c9e-a93a-048ac074a046,dbb307dd-3ebc-52c6-a878-d9a81434858e,b2cd125e-dea7-501e-a984-0c9af704dfa3,13,68,ወደ ዘሩባቤልና ወደ ኢያሱ ወደ አገሮቻቸውም ሹሞች ሄደው እንዲህ አሏቸው፥ “እኛ ከእናንተ ጋራ እንሥራ፥
3c58d1d0-535c-5416-aeda-f3118a63f826,dbb307dd-3ebc-52c6-a878-d9a81434858e,b2cd125e-dea7-501e-a984-0c9af704dfa3,14,69,የአሦር ንጉሥ ስልምናሶር ወደዚህ ካመጣን ጀምሮ እንደ እናንተ ለፈጣሪያችሁ እንገዛለንና፥ መሥዋዕቱንም ለእርሱ እንሠዋለንና።”
7e8477cd-43b6-5280-a0bf-11796195ceac,dbb307dd-3ebc-52c6-a878-d9a81434858e,b2cd125e-dea7-501e-a984-0c9af704dfa3,15,70,ዘሩባቤልና ኢያሱም፥ የየሀገሮቻቸው ሹሞችም እንዲህ አሉአቸው፥ “የእስራኤልን ጌታ የእግዚአብሔርን ቤት መሥራት ለእኛም፥ ለእናንተም አይገባንም፤
33117d63-4550-5656-ac45-59cd4f31f7e9,dbb307dd-3ebc-52c6-a878-d9a81434858e,b2cd125e-dea7-501e-a984-0c9af704dfa3,16,71,ሐጌ እንደ ተናገረ፥ የፋርስ ንጉሥ ቂሮስም እንዳዘዘን የእስራኤልን ጌታ የእግዚአብሔርን ቤተ መቅደስ እኛ ለብቻችን እንሠራለን።”
b369a4ea-ce78-5c98-aa6b-7a4c25bfe70e,dbb307dd-3ebc-52c6-a878-d9a81434858e,b2cd125e-dea7-501e-a984-0c9af704dfa3,17,72,የሚመክቱ ያገሩ ሰዎች አሕዛብ ግን በይሁዳ ያሉትን ፈጽመው ተሰብስበው ተዋጓቸው።
53fac024-47e6-557a-a7d9-fc3c8c1b45c5,dbb307dd-3ebc-52c6-a878-d9a81434858e,b2cd125e-dea7-501e-a984-0c9af704dfa3,18,73,አወኳቸው፤ ሥራቸውንም አስቆሙ፤ በንጉሡ በቂሮስ ዘመንም ሁሉ እንዳይሠሩ ከለከሏቸው፤ እስከ ዳርዮስ ሁለተኛ ዓመተ መንግሥትም ድረስ ሥራውን አስተዉአቸው።
8edad9f4-9e92-52b9-a70c-78d02697ddbd,3210c7cb-1f97-5d0c-a9c6-5aa29d5546d0,227011fb-759a-588a-aa5d-6cb7e14d74a1,1,1,በዳርዮስ በሁለተኛው ዓመተ መንግሥቱ፦ ነቢያቱ ሐጌና የሐዶ ልጅ ዘካርያስ በይሁዳና በኢየሩሳሌም ባሉ አይሁድ ላይ በእስራኤል አምላክ በእግዚአብሔር ስም ትንቢት ተናገሩ።
b667c619-78b8-54c7-ac0b-e22aa4a6b638,3210c7cb-1f97-5d0c-a9c6-5aa29d5546d0,227011fb-759a-588a-aa5d-6cb7e14d74a1,2,2,ከዚህም በኋላ የሰላትያል ልጅ ዘሩባቤልና የኤዮሴዴቅ ልጅ ኢያሱ ተነሡ፤ የእግዚአብሔርም ነቢያት እየረዱአቸው ከእነርሱ ጋር ሳሉ በኢየሩሳሌም ያለውን የእግዚአብሔርን ቤት ይሠሩ ጀመሩ።
4aa70fee-c6a0-5c51-a98d-21b8c52941f0,3210c7cb-1f97-5d0c-a9c6-5aa29d5546d0,227011fb-759a-588a-aa5d-6cb7e14d74a1,3,3,በእነዚያም ወራት የሶርያና የፊንቂስ ገዥ ሲሳኒስና ሳትራቡዛኒስ ከባልንጀሮቻቸው ጋር ወደ እነርሱ መጡ።
e9b7e2d1-187e-52a4-a57b-89605359b4c5,3210c7cb-1f97-5d0c-a9c6-5aa29d5546d0,227011fb-759a-588a-aa5d-6cb7e14d74a1,4,4,እንዲህም አሏቸው፥ “ይህን ቤትና ጣራውን፥ ሌላውንም ሥራ ሁሉ ትሠሩ ዘንድ ማን አዘዛችሁ? የሚሠሩትስ ግንበኞች እነማን ናቸው?”
10d0f33c-9c65-5729-a199-d9f6fc55eba8,3210c7cb-1f97-5d0c-a9c6-5aa29d5546d0,227011fb-759a-588a-aa5d-6cb7e14d74a1,5,5,ያንጊዜም እግዚአብሔር ይቅር ብሏቸዋልና ለአይሁድ ሽማግሌዎች ባለሟልነትን ሰጣቸው።
25553cb4-a839-5110-a31f-c4489323e02b,3210c7cb-1f97-5d0c-a9c6-5aa29d5546d0,227011fb-759a-588a-aa5d-6cb7e14d74a1,6,6,ወደ ዳርዮስ እስኪልኩ፥ ደብዳቤንም እስኪያመጡላቸው ድረስ ሥራውን አልከለከሏቸውም።
a1fec44f-df62-5dbc-ad0d-f1e04567c25b,3210c7cb-1f97-5d0c-a9c6-5aa29d5546d0,227011fb-759a-588a-aa5d-6cb7e14d74a1,7,7,የሶርያና የፊንቂስ ገዥ ሲሳኒስና ሳትራቡዛኒስ፥ በሶርያና በፊንቂስም ከእነርሱ ጋር ያሉ ሹሞች፥ ባልንጀሮቻቸውም “ለንጉሡ ለዳርዮስ ትድረስ” ብለው ወደ ዳርዮስ ጽፈው ላኩ።
9c6caa75-78a7-54ee-abb6-c28cbda16c2e,3210c7cb-1f97-5d0c-a9c6-5aa29d5546d0,227011fb-759a-588a-aa5d-6cb7e14d74a1,8,8,“ጌታችን ንጉሥ ሆይ ሰላም ለአንተ ይሁን! ሁሉን እንድታውቅ ወደ ይሁዳ ወደ ኢየሩሳሌም በመጣን ጊዜ የአይሁድ ምርኮኞች አለቆችን በኢየሩሳሌም ከተማ አገኘናቸው።
9ffe6635-df15-5453-a243-1663bfd2e864,3210c7cb-1f97-5d0c-a9c6-5aa29d5546d0,227011fb-759a-588a-aa5d-6cb7e14d74a1,9,9,በተጠረበና ዋጋው ብዙ በሆነ ድንጋይ፥ በየወገናቸው ማዕዘን ባላቸው እንጨቶችም ታላቅና አዲስ የሆነውን የእግዚአብሔርን ቤት ሲሠሩ አገኘናቸው።
4b0ee72c-ce54-5ace-aa92-3463c859f5b3,3210c7cb-1f97-5d0c-a9c6-5aa29d5546d0,227011fb-759a-588a-aa5d-6cb7e14d74a1,10,10,በችኰላም ይሠሩና ያፋጥኑ ነበር፤ በእጃቸውም እያስተካከሉ በትጋት ይሠሩ ነበር። በክብርና በጥንቃቄም ተሠራ።
acf56c51-2747-538a-a84b-9a1b8b0a955b,3210c7cb-1f97-5d0c-a9c6-5aa29d5546d0,227011fb-759a-588a-aa5d-6cb7e14d74a1,11,11,ከዚህም በኋላ ‘ይህን ቤት ትሠሩ ዘንድ፥ ይህንም መሠረት ትጥሉ ዘንድ ማን አዘዛችሁ?’ ብለን አለቆቻቸውን ጠየቅናቸው።
bdb78280-4298-5eaf-ad38-e21f3f8cdbf9,3210c7cb-1f97-5d0c-a9c6-5aa29d5546d0,227011fb-759a-588a-aa5d-6cb7e14d74a1,12,12,ሰዎቻቸውንና የሥራ መሪዎቻቸውንም በየስማቸው ጽፈን ወደ አንተ እንልክ ዘንድ መረመርናቸው፤ አለቆቻችውንም ጠየቅናቸው።
64ce03fe-8119-5fa8-ac2c-56ba15957c3d,3210c7cb-1f97-5d0c-a9c6-5aa29d5546d0,227011fb-759a-588a-aa5d-6cb7e14d74a1,13,13,እነርሱም እንዲህ ብለው መለሱልን፦ ‘እኛስ ምድርንና ሰማይን የፈጠረ የእግዚአብሔር ባሮች ነን።’
46183ae5-02a3-54f0-a2da-b7b5675308f2,3210c7cb-1f97-5d0c-a9c6-5aa29d5546d0,227011fb-759a-588a-aa5d-6cb7e14d74a1,14,14,ይህ ቤት ከብዙ ዘመን አስቀድሞ በታላቁና በብርቱው የእስራኤል ንጉሥ ሰሎሞን ተሠርቶ ተፈጽሞ ነበር።
9835b46f-a792-5ad0-a8a5-409b1aad5fa8,3210c7cb-1f97-5d0c-a9c6-5aa29d5546d0,227011fb-759a-588a-aa5d-6cb7e14d74a1,15,15,ነገር ግን አባቶቻችን ኀጢአት ሠርተው ሰማያዊውን የእስራኤል ፈጣሪ አሳዝነውታልና በባቢሎን ንጉሥ በናቡከደነፆርና በፋርስ ንጉሥ እጅ ጣላቸው።
8a30f65b-2b85-57f9-ac75-d76ff8a08660,3210c7cb-1f97-5d0c-a9c6-5aa29d5546d0,227011fb-759a-588a-aa5d-6cb7e14d74a1,16,16,ይህንም ቤት አፈረሰ፤ በእሳትም አቃጠለ፤ ሕዝቡንም ማረከ፤ ወደ ባቢሎንም ወሰዳቸው።
33a02813-344d-51b7-a572-05ab73c54160,3210c7cb-1f97-5d0c-a9c6-5aa29d5546d0,227011fb-759a-588a-aa5d-6cb7e14d74a1,17,17,ቂሮስም በባቢሎን በነገሠ በመጀመሪያው ዓመት ንጉሡ ቂሮስ ይህን ቤት ይሠሩ ዘንድ ጻፈ።
5feaee01-cfe3-5de4-a0c0-4cf63846c2a8,3210c7cb-1f97-5d0c-a9c6-5aa29d5546d0,227011fb-759a-588a-aa5d-6cb7e14d74a1,18,18,ናቡከደነፆርም በኢየሩሳሌም ካለው ቤተ መቅደስ ያወጣውን፥ ባዳራሹም ያኖረውን የወርቅና የብር ንዋየ ቅድሳቱን፥ ንጉሥ ቂሮስ በባቢሎን ካለ አዳራሹ አውጥቶ ለዘሩባቤልና ለገዥው ለሰናባሶርስ ሰጣቸው።
0aa5a868-1bda-570b-a36f-6e84182b368a,3210c7cb-1f97-5d0c-a9c6-5aa29d5546d0,227011fb-759a-588a-aa5d-6cb7e14d74a1,19,19,ይህንም ንዋየ ቅድሳት ወስደው በኢየሩሳሌም ባለ ቤተ መቅደስ ያኖሩት ዘንድ፥ የእግዚአብሔርንም ቤተ መቅደስ በቦታው ይሠሩት ዘንድ አዘዛቸው።
777c68f7-2ae4-5f6b-aae0-7dd4833211f6,3210c7cb-1f97-5d0c-a9c6-5aa29d5546d0,227011fb-759a-588a-aa5d-6cb7e14d74a1,20,20,ከዚህም በኋላ ያ ሰናባሳሮስ በደረሰ ጊዜ በኢየሩሳሌም ያለ የእግዚአብሔርን ቤት ይሠራ ጀመረ፤ ከዚያም ቀን ጀምሮ እስከ ዛሬ ድረስ ይሠሩ ነበር፤ ነገር ግን አልጨረሱም።
592fced7-0638-5149-a03a-48ec416313d5,3210c7cb-1f97-5d0c-a9c6-5aa29d5546d0,227011fb-759a-588a-aa5d-6cb7e14d74a1,21,21,አሁንም ጌታችን ንጉሥ ሆይ! በባቢሎን ያለ የንጉሡን የቂሮስን መንግሥት የታሪክ መጻሕፍት ገልጠህ መርምር።
13375baf-5872-51aa-a8a4-2776d567cf3b,3210c7cb-1f97-5d0c-a9c6-5aa29d5546d0,227011fb-759a-588a-aa5d-6cb7e14d74a1,22,22,ንጉሡ ቂሮስ በኢየሩሳሌም ያለውን የእግዚአብሔርን ቤት ይሠሩ ዘንድ እንደ ፈቀደ ብታገኝ፥ ጌታችን ንጉሥ ሆይ! አንተም ፈቅደህላቸው እንደ ሆነ ስለዚህ ነገር ላክልን።”
9419ff16-44c2-570d-a780-43781ed5aab8,3210c7cb-1f97-5d0c-a9c6-5aa29d5546d0,c62f49bc-0e2e-58d6-a84c-34cc8036e7d1,1,23,ከዚህም በኋላ ንጉሡ ዳርዮስ በባቢሎን የታሪክ መጽሐፍ ውስጥ ይፈልጉ ዘንድ አዘዘ፤ በሜዶን አውራጃ በጣኒስ-ባሪ ከተማ ውስጥ የታሪክ መጽሐፉን ባኖሩበት በአንድ ቦታ ተገኘ፤ እንዲህም ይላል፦
55240c49-e4ad-5aaf-ada6-32fdd449e696,3210c7cb-1f97-5d0c-a9c6-5aa29d5546d0,c62f49bc-0e2e-58d6-a84c-34cc8036e7d1,2,24,“በንጉሡ በቂሮስ በመጀመሪያው ዓመተ መንግሥት በየዕለቱ በእሳት መሥዋዕት የሚሠዉበትን፥ በኢየሩሳሌም ያለውን የእግዚአብሔርን ቤት ይሠሩ ዘንድ አዘዘ።
02716b7f-5f03-5a02-add2-1be678e19869,3210c7cb-1f97-5d0c-a9c6-5aa29d5546d0,c62f49bc-0e2e-58d6-a84c-34cc8036e7d1,3,25,ቁመቱ ስድሳ ክንድ ወርዱም ስድሳ ክንድ ይሁን፤ ሥራውም በሦስት ወገን በጥርብ ድንጋይ፥ ባንዲት ወገንም በሀገሩ አዲስ የዝግባ እንጨት ይሁን፤ ወጭውንም ከንጉሡ ከቂሮስ ዕቃ ቤት ይሰጧቸው ዘንድ አዘዘ።
7ae17ea3-685d-5a3c-aa26-315b5bb827cb,3210c7cb-1f97-5d0c-a9c6-5aa29d5546d0,c62f49bc-0e2e-58d6-a84c-34cc8036e7d1,4,26,ናቡከደነፆርም በኢየሩሳሌም ካለው ከቤተ መቅደስ አውጥቶ ወደ ባቢሎን የወሰደውን የወርቁንና የብሩን የእግዚአብሔርን ቤት ንዋየ ቅድሳት በኢየሩሳሌም ወዳለው ቀድሞ ወደ ነበረበት ወደዚያ ቤት ይመልሱት ዘንድ አዘዘ።”
3af11da0-65cb-5c8c-a605-8868bc2f43b6,3210c7cb-1f97-5d0c-a9c6-5aa29d5546d0,67f8297d-7e92-549b-a167-2474a4844cb6,1,27,የእግዚአብሔር ባሪያ የይሁዳ አለቃ ዘሩባቤልና በይሁዳ ያሉ ሽማግሌዎች የእግዚአብሔርን ቤት በቦታው ይሠሩት ዘንድ የሶርያና የፊንቂስ ገዥ ሲሳኒስና ሳትራቡዛኒስ፥ ከእነርሱም ጋራ ያሉ ጓደኞቻቸው የሶርያና የፊንቂስ ሹሞች ቦታቸውን ይተዉላቸው ዘንድ አዘዘ፤
71ab4b39-7c5e-5f90-ac7f-b3bb132e1bed,3210c7cb-1f97-5d0c-a9c6-5aa29d5546d0,67f8297d-7e92-549b-a167-2474a4844cb6,2,28,“እኔም የእግዚአብሔርን ቤት ሠርተው እስኪፈጽሙ ድረስ ከተማረኩበት የተመለሱ የአይሁድ ወገኖች ሁሉ አንድ ሁነው ተሰማርተው የእግዚአብሔርን ቤት ይሠሩ ዘንድ አዘዝኋቸው።
b1ad3fc1-de4a-515a-a70d-d6b4b68b41cf,3210c7cb-1f97-5d0c-a9c6-5aa29d5546d0,67f8297d-7e92-549b-a167-2474a4844cb6,3,29,ከቄሊ-ሶርያና ፊኒቂ ከሚገባው ግብር ለእግዚአብሔር መሥዋዕት ፍየሎችንና ላሞችን፥ በጎችንም እንደ ሥርዐቱ ለእነዚህ ሰዎችና ለአለቃው ለዘሩባቤልም ሰጥታችሁ ደስ አሰኙአቸው።
78063f70-6ae6-546e-acad-ca1bbcd5459f,3210c7cb-1f97-5d0c-a9c6-5aa29d5546d0,67f8297d-7e92-549b-a167-2474a4844cb6,4,30,እንደዚሁም የሚያነዱትን እንጨት፥ ስንዴውን፥ ጨዉንና ወይኑን፥ ዘይቱንም፥ የዘወትሩንም ወጭ ገንዘብ ሁሉ፥ በየዓመቱም የሚያደርሳቸውን፥ በኢየሩሳሌም ያሉ ካህናቱ ያሏችሁን ያህል ስጧቸው፤ ግብሩንም ሳትከራከሩ እነርሱ የሚሏችሁን የሚበቃቸውን ስጧቸው።
521e2760-998f-5aa8-ac0f-4486b9cd33b9,3210c7cb-1f97-5d0c-a9c6-5aa29d5546d0,67f8297d-7e92-549b-a167-2474a4844cb6,5,31,ስለ ንጉሡና ስለ ልጆቹ ለልዑል እግዚአብሔር ቍርባኑን ያቀርቡ ዘንድ፥ ስለ ሕይወታቸውም ይጸልዩላቸው ዘንድ።
56038c67-8396-5dfb-abef-ccf508d60542,3210c7cb-1f97-5d0c-a9c6-5aa29d5546d0,67f8297d-7e92-549b-a167-2474a4844cb6,6,32,“በዚች ደብዳቤ እንደ ተጻፈ አልሠራም የሚል፥ የሚከራከራቸውም ቢኖር ከራሱ ቤት እንጨት አምጥተው በዚያ ይስቀሉት፤ ገንዘቡንም ይዝረፉት፤ ለንጉሡ ቤትም ይሁን።
2210ded9-6b5a-5510-a0f7-7d2628e79944,3210c7cb-1f97-5d0c-a9c6-5aa29d5546d0,67f8297d-7e92-549b-a167-2474a4844cb6,7,33,ስለዚህም ስሙ በዚያ የተጠራ እግዚአብሔር በኢየሩሳሌም ያለውን የእግዚአብሔርን ቤት ሥራ ይከለክሏቸው ዘንድ፥ ክፉ ሥራም ይሠሩ ዘንድ እጃቸውን የሚያነሡ ነገሥታትንና አሕዛብን ሁሉ ያጥፋቸው።
0531664a-23dc-5120-ac28-c7d5f144cffe,3210c7cb-1f97-5d0c-a9c6-5aa29d5546d0,67f8297d-7e92-549b-a167-2474a4844cb6,8,34,እኔ ዳርዮስ እንዲህ አድርገው ተግተው ይሠሩ ዘንድ አዘዝሁ።”
ec9089f4-4e90-5b33-af26-ac11a3a0f181,1507bd0c-8131-5a62-a1fe-dd145b298370,b9953004-2806-59d8-a6ab-5e18fcf193e4,1,1,ከዚህም በኋላ የቄሌ-ሶርያና የፊንቂስ ገዥ ሲሳኒስና፥ ሳትራቡዛኒስ፥ ባልንጀሮቻቸውም ንጉሡ ዳርዮስ እንዳዘዘ ይሠሩ ዘንድ ጀመሩ።
d9c1b8e4-4daf-55a7-a6f3-8c574b940b73,1507bd0c-8131-5a62-a1fe-dd145b298370,b9953004-2806-59d8-a6ab-5e18fcf193e4,2,2,እነርሱም ተግተው ከአይሁድ ሽማግሌዎች ጋር ቆመው ያዝዙ ነበር።
bd28b7a7-963a-5343-a33f-14bafad8554a,1507bd0c-8131-5a62-a1fe-dd145b298370,b9953004-2806-59d8-a6ab-5e18fcf193e4,3,3,የቤተ መቅደሱም ሥራ፥ ነቢያቱ ሐጌና ዘካርያስ ትንቢት እየተናገሩላቸው ፈጥኖ ተከናወነ።
86517b94-86cf-5118-abad-6487fa992332,1507bd0c-8131-5a62-a1fe-dd145b298370,b9953004-2806-59d8-a6ab-5e18fcf193e4,4,4,በፋርስ ነገሥታት በቂሮስና ዳርዮስ፥ በአርጤክስስም ፈቃድ በእስራኤል አምላክ በእግዚአብሔር ትእዛዝ ሥራውን ፈጸሙ።
5987b628-d691-56a9-af71-b391bc298e3e,1507bd0c-8131-5a62-a1fe-dd145b298370,b9953004-2806-59d8-a6ab-5e18fcf193e4,5,5,ቤተ መቅደሱ አዳር በሚባል ወር በጨረቃ በስምንተኛው ቀን በዳርዮስ በስድስተኛው ዓመተ መንግሥት ተፈጸመ።
efb49ac1-0256-5a27-a603-c2acfd7a827b,1507bd0c-8131-5a62-a1fe-dd145b298370,b9953004-2806-59d8-a6ab-5e18fcf193e4,6,6,የእስራኤል ልጆችና ካህናት፥ ሌዋውያንም፥ ከምርኮ የተመለሱት ሕዝቡም ሁሉ በሙሴ መጽሐፍ እንደ ተጻፈ ሥርዐቱን አደረጉ።
f55427b1-42ac-5010-a29f-9036a12a9019,1507bd0c-8131-5a62-a1fe-dd145b298370,b9953004-2806-59d8-a6ab-5e18fcf193e4,7,7,ለእግዚአብሔር ቤተ መቅደስ ቅዳሴም ቤት መቶ ኮርማዎችን፥ ሁለት መቶ ፍየሎችና አራት መቶ በጎችን አቀረቡ።
77f217bd-3003-5a06-a43b-23819591d501,1507bd0c-8131-5a62-a1fe-dd145b298370,b9953004-2806-59d8-a6ab-5e18fcf193e4,8,8,ስለ እስራኤልም ኀጢአት ሁሉ ማስተስረያ፦ ባሥራ ሁለቱ ነገደ እስራኤል ሹሞች ቍጥር ዐሥራ ሁለት ሙክቶችን አቀረቡ።
360b0734-5299-5d9d-afd2-4f134699c19d,1507bd0c-8131-5a62-a1fe-dd145b298370,b9953004-2806-59d8-a6ab-5e18fcf193e4,9,9,ካህናቱና ሌዋውያኑም በሙሴ መጽሐፍ እንደ ተጻፈ እንደ ሥርዐታቸው ለእስራኤል አምላክ ለእግዚአብሔር አገልግሎት በየወገናቸው ልብሰ ተክህኖውን ለብሰው ቆሙ። በረኞችም በየበሮቻቸው ቆሙ።
748a52bb-e8cf-50cc-a317-82e6752d51b3,1507bd0c-8131-5a62-a1fe-dd145b298370,c5f91f56-f087-5cbb-a533-94ad45c481d2,1,10,ከምርኮ የተመለሱ የእስራኤል ልጆችም በመጀመሪያው ወር በዐሥራ አራተኛው ቀን የፋሲካን በዓል አከበሩ። ካህናቱና ሌዋውያኑ፥ ሁሉም ራሳቸውን በአንድነት አንጽተዋልና።
58c175d9-c5f6-5fd6-abde-34cf373bc3a5,1507bd0c-8131-5a62-a1fe-dd145b298370,c5f91f56-f087-5cbb-a533-94ad45c481d2,2,11,ከምርኮ የተመለሱት ልጆቻቸው ግን ሁሉም ሰውነታቸውን አላነጹም ነበር፤ ሌዋውያን ግን ሁሉም ነጽተው ነበርና፤
fd5816b9-2c4f-5c36-a561-b5f4e7756131,1507bd0c-8131-5a62-a1fe-dd145b298370,c5f91f56-f087-5cbb-a533-94ad45c481d2,3,12,ከምርኮ ለተመለሱት ለእስራኤል ልጆች ለወንድሞቻቸው ለካህናትና ለራሳቸውም የፋሲካን በግ ሠዉ።
52120cf7-255f-5a62-a662-4fa500c3f025,1507bd0c-8131-5a62-a1fe-dd145b298370,c5f91f56-f087-5cbb-a533-94ad45c481d2,4,13,ከምርኮ የተመለሱ የእስራኤል ልጆች ሁሉ፥ እግዚአብሔርንም ይሹት ዘንድ ከምድር አሕዛብ ርኵሰት የተለዩት ሁሉ ፋሲካውን በሉ።
7dc230b9-1f3a-5386-a362-e13df97cd34a,1507bd0c-8131-5a62-a1fe-dd145b298370,c5f91f56-f087-5cbb-a533-94ad45c481d2,5,14,በእግዚአብሔርም ፊት ደስ ብሏቸው ሰባት ቀን የቂጣዉን በዓል አከበሩ።
7571e160-f9f8-5ed6-a919-9398bf4a89bf,1507bd0c-8131-5a62-a1fe-dd145b298370,c5f91f56-f087-5cbb-a533-94ad45c481d2,6,15,እግዚአብሔር የፋርሱን ንጉሥ ልቡና መልሶላችዋልና፥ ለእስራኤል አምላክ ለእግዚአብሔር ሥራም እጃቸውን አጽንቶላቸዋልና።
29885186-4515-52c9-ab0f-6d65c22199a5,e352261f-77e7-54ba-aeeb-ef6fcd586791,16057baf-399b-593f-aa9a-87f7cf3e875d,1,1,ከዚህም በኋላ በፋርስ ንጉሥ በአርጤክስስ መንግሥት ዕዝራ መጣ፤ እርሱም የሠራያ ልጅ፥ የአዛርያስ ልጅ፥ የኬልቅዩ ልጅ፥ የሴሎም ልጅ፤
ace0ee02-c06e-545f-acae-0d4ecdfa89e9,e352261f-77e7-54ba-aeeb-ef6fcd586791,16057baf-399b-593f-aa9a-87f7cf3e875d,2,2,የሳዶቅ ልጅ፥ የአኪጦብ ልጅ፥ የአማርትዩ ልጅ፥ የአዝያን ልጅ፥ የቡቂ ልጅ፥ የአቢሱ ልጅ፥ የፊንሐስ ልጅ፥ የአልዓዛር ልጅ፥ የመጀመሪያው ካህን የአሮን ልጅ፤
1d4097b7-9aae-5a4a-a5ef-367902ba1af1,e352261f-77e7-54ba-aeeb-ef6fcd586791,16057baf-399b-593f-aa9a-87f7cf3e875d,3,3,ይህም ዕዝራ ከባቢሎን መጣ፤ እርሱም የእስራኤል አምላክ የሰጠውን የሙሴን ኦሪት ሁሉ ያውቅ ነበረ፤ እርሱም ጸሓፊ ነበር።
62b8bf08-537d-55cb-a5e5-42a0ae12899e,e352261f-77e7-54ba-aeeb-ef6fcd586791,16057baf-399b-593f-aa9a-87f7cf3e875d,4,4,ንጉሡም ክብርን ሰጠው፤ በፊቱ ባለሟልነትን አግኝትዋልና፥ በሁሉም ላይ ሹሞታልና።
13c1d88d-1c6d-501f-af5b-fa4c4f63ee4e,e352261f-77e7-54ba-aeeb-ef6fcd586791,16057baf-399b-593f-aa9a-87f7cf3e875d,5,5,ከእስራኤልም ልጆች፥ ከካህናቱና ከሌዋውያኑ፥ ከመዘምራኑና ከበረኞች፥ ከቤተ መቅደስ አገልጋዮችም፥ ዐያሌዎቹ ወደ ኢየሩሳሌም ወጡ።
c1d259c9-aa21-58ae-a7b0-d5f4c86dea2b,e352261f-77e7-54ba-aeeb-ef6fcd586791,16057baf-399b-593f-aa9a-87f7cf3e875d,6,6,በአርጤክስስ በሰባተኛው ዓመተ መንግሥቱ፥ በአምስተኛው ወር፥ በወሩ መባቻ ከባቢሎን ወጡ፤ እግዚአብሔርም መንገዳቸውን እንዳቀናላቸው በመጀመሪያው ወር መባቻ ወደ ኢየሩሳሌም ደረሱ።
74e7380b-3927-56fd-ab39-fec06c835809,e352261f-77e7-54ba-aeeb-ef6fcd586791,16057baf-399b-593f-aa9a-87f7cf3e875d,7,7,ዕዝራም ብዙ ትምህርት የሚያውቅ ነበረ፤ ለእስራኤልም ሥርዐትንና ፍርድን ያስተምር ዘንድ ከእግዚአብሔር ሕግና ትእዛዝ የሚጐድለው አልነበረም።
13df747c-2246-5abb-ac31-16f58fe15b22,e352261f-77e7-54ba-aeeb-ef6fcd586791,1be1aa21-07c7-5be4-a264-fe55939f9e0a,1,8,ንጉሡ አርጤክስስም ወደ ካህኑና የእግዚአብሔርን ሕግ ወደሚጽፈው ወደ ዕዝራ ደብዳቤ ላከ። ከአርጤክስስም የእግዚአብሔርን ሕግ ወደሚጽፈው ወደ ካህኑ ዕዝራ የተላከው ደብዳቤ እንዲህ ይላል፦
d981b95a-c4e9-55af-a8fd-f0320f4f6b6a,e352261f-77e7-54ba-aeeb-ef6fcd586791,1be1aa21-07c7-5be4-a264-fe55939f9e0a,2,9,“ከንጉሠ ነገሥት ከአርጤክስስ ለእግዚአብሔር ሕግ ጸሓፊ፥ ለካህኑ ለዕዝራ ሰላም ለአንተ ይሁን፤
dc576b9f-40ec-5d76-a627-52342c891d48,e352261f-77e7-54ba-aeeb-ef6fcd586791,1be1aa21-07c7-5be4-a264-fe55939f9e0a,3,10,እኔ ሰውን በመውደድ አስቤ ከአይሁድ ወገን በመንግሥቴ ካሉ ከካህናትና ከሌዋውያን ወደ ኢየሩሳሌም ይሄዱ ዘንድ የሚወዱትን ሁሉ ከአንተ ጋር ይሂዱ ብዬ አዝዣለሁ።
ba1127a9-da75-5164-ac44-17725986571b,e352261f-77e7-54ba-aeeb-ef6fcd586791,1be1aa21-07c7-5be4-a264-fe55939f9e0a,4,11,ወደ ኢየሩሳሌምም ይሄዱ ዘንድ የሚወዱ ሁሉ ይሁዳንና ኢየሩሳሌምን አይተው ከእናንተ ጋር ይተባበሩ።
86fad678-0787-5529-a9bf-0822fc461228,e352261f-77e7-54ba-aeeb-ef6fcd586791,1be1aa21-07c7-5be4-a264-fe55939f9e0a,5,12,እንደ እግዚአብሔር ሕግ ሄደው ያደርጉ ዘንድ እኔና ሰባቱ ባለሟሎች፥ አማካሪዎችም እንዲህ አዝዘናል።
9e688030-b1a4-5197-aeac-0126356c8dd7,e352261f-77e7-54ba-aeeb-ef6fcd586791,1be1aa21-07c7-5be4-a264-fe55939f9e0a,6,13,እኔና ባለሟሎች የተሳልነውን ቍርባን፥ በባቢሎን ሀገር የተገኘውንም ወርቁንና ብሩን ሁሉ በኢየሩሳሌም ለእግዚአብሔር ያቀርቡ ዘንድ፥
81890cfc-dfe6-5efd-aa3b-78343a8e4f20,e352261f-77e7-54ba-aeeb-ef6fcd586791,1be1aa21-07c7-5be4-a264-fe55939f9e0a,7,14,ሕዝቡ በኢየሩሳሌም ባለው በእግዚአብሔር ቤተ መቅደስ ከሚያገቡት ስእለት ጋራ ወርቁንና ብሩን፥ ለበሬዎች፥ ለፍየሎችና ለበጎች መግዣ ይሰብስቡ፥
a6708567-b55e-5a6e-a767-ea4fe0956ca5,e352261f-77e7-54ba-aeeb-ef6fcd586791,1be1aa21-07c7-5be4-a264-fe55939f9e0a,8,15,እንደ ሥርዐታቸው በኢየሩሳሌም ባለው በእግዚአብሔር መሠዊያ መሥዋዕት ይሠዉ ዘንድ፥
25196023-90d2-5a8e-af50-21008721102c,e352261f-77e7-54ba-aeeb-ef6fcd586791,1be1aa21-07c7-5be4-a264-fe55939f9e0a,9,16,ለሚያስፈልጋቸው ሁሉ፥ ከባልንጀራህ ጋር ታደርገው ዘንድ የምትወደውን ሁሉ በዚህ ወርቅና ብር እንደ አምላክህ ፈቃድ አድርግ።
9d279fa0-6f92-55ef-acdd-3d801e189199,e352261f-77e7-54ba-aeeb-ef6fcd586791,1be1aa21-07c7-5be4-a264-fe55939f9e0a,10,17,በኢየሩሳሌም ላለ ለአምላክህ ቤተ መቅደስ ግዳጅ የሚሆነውን ንዋያተ ቅድሳት።
7f4ed5fe-30cc-5fc0-abb4-7fa9dc527a2e,e352261f-77e7-54ba-aeeb-ef6fcd586791,1be1aa21-07c7-5be4-a264-fe55939f9e0a,11,18,ለአምላክህ ቤተ መቅደስ ግዳጅ የምትሻው ሌላም ቢኖር ከንጉሡ ዕቃ ቤት እሰጣለሁ።
fa8cdcb2-b39e-5e16-aaeb-8cacf601981f,e352261f-77e7-54ba-aeeb-ef6fcd586791,1be1aa21-07c7-5be4-a264-fe55939f9e0a,12,19,“እኔ ንጉሥ አርጤክስስ የልዑል እግዚአብሔርን ሕግ የሚጽፍ ካህኑ ዕዝራ የሚጠይቀውን ሁሉ በሶርያና በፊንቂስ ካለው ዕቃ ቤት እንዲሰጡት አዘዝሁ። ስጡ፤ እንቢም አትበሉ።
c61e44d0-d12e-5342-af5d-1cbdeebb9918,e352261f-77e7-54ba-aeeb-ef6fcd586791,1be1aa21-07c7-5be4-a264-fe55939f9e0a,13,20,እስከ መቶ መክሊት ብር፥ ዳግመኛም እስከ መቶ የቆሮስ መስፈሪያ ስንዴ፥ እስከ መቶም የኔባል መስፈሪያ ወይን፥ ብዙ ጨውም ቢሆን ስጡ።
1e76cfdc-4ab1-5640-a39f-03e2541dbcd4,e352261f-77e7-54ba-aeeb-ef6fcd586791,1be1aa21-07c7-5be4-a264-fe55939f9e0a,14,21,በንጉሥ መንግሥትና በልጆቹ ላይ መከራ እንዳይመጣ በልዑል እግዚአብሔር ሕግ ይሥሩ።
9c9b791f-043d-5d89-a860-4f883775d75e,e352261f-77e7-54ba-aeeb-ef6fcd586791,1be1aa21-07c7-5be4-a264-fe55939f9e0a,15,22,ከካህናቱና ከሌዋውያኑ፥ ከመዘምራኑና ከበረኞቹ ግብር አትቀበሉ። ከቤተ መቅደስም አገልጋዮች፥ ተቀጥረው ቤተ መቅደስን ከሚያገለግሉ ሁሉ ምንም አትቀበሉ፥ አትግዟቸውም።
feae95d8-7a26-5c40-ab56-e3df73481b80,e352261f-77e7-54ba-aeeb-ef6fcd586791,1be1aa21-07c7-5be4-a264-fe55939f9e0a,16,23,“አንተም ዕዝራ! እግዚአብሔር በገለጠልህ ጥበብ የአምላክን ሕግ ከሚያውቁ ወገኖች ውስጥ ሶርያንና ፊንቂስን የሚገዙ መኳንንቱንና መሳፍንቱን ሹም፤ የእግዚአብሔርን ሕግ የማያውቁትንም አስተምራቸው።
618823cc-96cb-5d37-a8db-e59c513487f6,e352261f-77e7-54ba-aeeb-ef6fcd586791,1be1aa21-07c7-5be4-a264-fe55939f9e0a,17,24,የአምላክህን ሕግና የንጉሡን ትእዛዝ የሚተላለፈውንም ሁሉ ቸል አትበሉ፤ ቅጡ፤ በሞትም ቢሆን፥ በግርፋትም ቢሆን፥ በባርነትም ቢሆን፥ በመውረስም ቢሆን፥ ሁሉንም በየኀጢአቱ ቅጡት።”
a3e4bc6f-cf0e-5a36-a60a-b64af8a512d8,e352261f-77e7-54ba-aeeb-ef6fcd586791,810640d2-adbb-539e-aaca-b0b07f7d406a,1,25,ዕዝራም እንዲህ አለ፥ “በኢየሩሳሌም ያለውን የእግዚአብሔርን ቤት ያከብር ዘንድ ይህን ነገር በንጉሥ ልብ ያሳደረ እግዚአብሔር ይመስገን።
963f184e-e17c-5964-a9fb-0d4ef917d0cb,e352261f-77e7-54ba-aeeb-ef6fcd586791,810640d2-adbb-539e-aaca-b0b07f7d406a,2,26,በነገሥታቱና በአማካሪዎቹ፥ በወዳጆቹና በመኳንንቱ ሁሉ ፊት እኔን አክብሮኛልና።
60c6aaf7-b4a7-5e04-a22c-8a5896af54df,e352261f-77e7-54ba-aeeb-ef6fcd586791,810640d2-adbb-539e-aaca-b0b07f7d406a,3,27,ከዚህም በኋላ በፈጣሪዬ በእግዚአብሔር ጸጋ ታመንሁ። ከእኔም ጋር ይወጡ ዘንድ ከእስራኤል ሰዎችን ወሰድሁ።”
78cb295f-1195-54b6-a528-3aba3cac7756,e352261f-77e7-54ba-aeeb-ef6fcd586791,a1df647c-9af5-58f5-abee-ca5d888c1b61,1,28,በንጉሡ በአርጤክስስ መንግሥት በየሀገራቸውና በየአውራጃቸው ግዛት ከእኔ ጋር ከባቢሎን የወጡ አለቆችም እነዚህ ናቸው።
48b574c3-4ff7-5c8d-a6b0-6a1172d7eb46,e352261f-77e7-54ba-aeeb-ef6fcd586791,a1df647c-9af5-58f5-abee-ca5d888c1b61,2,29,ከፎሮስ ልጆች ጣስጣሞስ፥ ከኢዮጥማሩም ልጆች ጋሜሎስ፥ ከዳዊትም ልጆች የሴኬንያስ ልጅ አጡስ፥
32164b5d-7902-56de-ae8d-45f30c43effb,e352261f-77e7-54ba-aeeb-ef6fcd586791,a1df647c-9af5-58f5-abee-ca5d888c1b61,3,30,ከፋሬስም ልጆች ዘካርያስ፥ ከእርሱም ጋር መቶ አምሳ ሰዎች ተቈጠሩ።
4bcd64fb-3862-5908-ae57-1cc1fdd70b36,e352261f-77e7-54ba-aeeb-ef6fcd586791,a1df647c-9af5-58f5-abee-ca5d888c1b61,4,31,ከፎአት ሞዓብም ልጆች የዛርያ ልጅ ኤሊዎንያ፥ ከእርሱም ጋር ሁለት መቶ ሰዎች።
cecde9c0-9139-5fae-a373-dbef36565bee,e352261f-77e7-54ba-aeeb-ef6fcd586791,a1df647c-9af5-58f5-abee-ca5d888c1b61,5,32,ከዘቶይስም ልጆች የኢያሐቲሉ ልጅ ኢያኬንያስ፥ ከእርሱም ጋር ሁለት መቶ ሰዎች፥ ከአዲኑ ልጆች የዮናታን ልጅ ኦቤድ፥ ከእርሱም ጋር ሁለት መቶ አምሳ ሰዎች።
cbc30f26-6af7-5091-a1a5-3188ce7de39d,e352261f-77e7-54ba-aeeb-ef6fcd586791,a1df647c-9af5-58f5-abee-ca5d888c1b61,6,33,ከኤላም ልጆች የጎቶልያ ልጅ ኢሴይ፥ ከእርሱም ጋር ሰባ ሰዎች።
36b76531-e42d-5e45-a707-2984244a192b,e352261f-77e7-54ba-aeeb-ef6fcd586791,a1df647c-9af5-58f5-abee-ca5d888c1b61,7,34,ከሳፋጢ ልጆች የሚካኤል ልጅ ዛርያስ፥ ከእርሱም ጋር ሰባ ሰዎች።
03c79bec-0c46-52cf-a72d-c8488a71e3ae,e352261f-77e7-54ba-aeeb-ef6fcd586791,a1df647c-9af5-58f5-abee-ca5d888c1b61,8,35,ከኢዮአብም ልጆች የኢዝኤል ልጅ ኦባድያ፥ ከእርሱም ጋር ሁለት መቶ ዐሥራ ሁለት ሰዎች።
fa12c697-324b-5f0b-a33b-f867ecf4ab82,e352261f-77e7-54ba-aeeb-ef6fcd586791,a1df647c-9af5-58f5-abee-ca5d888c1b61,9,36,ከባኒ ልጆችም የኢዮሳፌይ ልጅ አስሊሞት፥ ከእርሱም ጋር መቶ ስድሳ ሰዎች።
1c6acece-cbc5-535c-a0ab-3f304082b375,e352261f-77e7-54ba-aeeb-ef6fcd586791,a1df647c-9af5-58f5-abee-ca5d888c1b61,10,37,ከቤዔር ልጆችም የባቢ ልጅ ዘካርያስ፥ ከርሱም ጋር ሃያ ስምንት ሰዎች።
388a2520-9a06-5faf-a66f-e9182f8c071d,e352261f-77e7-54ba-aeeb-ef6fcd586791,a1df647c-9af5-58f5-abee-ca5d888c1b61,11,38,ከአሰጣያትም ልጆች የአዝጋድ ልጅ ዮሐንስ፥ ከርሱም ጋር መቶ ዐሥር ሰዎች።
5c1d81c2-eeea-52ad-a377-ed6ae27974f4,e352261f-77e7-54ba-aeeb-ef6fcd586791,a1df647c-9af5-58f5-abee-ca5d888c1b61,12,39,ከአዶኒቃም ልጆች የቀሩት ሁሉ ስማቸው ይህ ነው፦ ኤሊፋሊ፥ ይዑኤል፥ ሰሚያስ፥ ከእነርሱም ጋራ ሰባ ሰዎች።
e9c94bf9-abd7-505f-a2e0-ff0fdacdfe06,e352261f-77e7-54ba-aeeb-ef6fcd586791,a1df647c-9af5-58f5-abee-ca5d888c1b61,13,40,ከቤኑስም ልጆች የአስጣስቆሩ ልጅ ዑታይ ከእርሱም ጋራ ሰባ ሰዎች ተቈጠሩ።
06656647-ac01-54a3-aaaf-ba8d18882f4f,e352261f-77e7-54ba-aeeb-ef6fcd586791,f9d4f0fd-bc09-5a49-a386-e6284537c8f1,1,41,ቴራን ወደሚባል ወንዝም ሰበሰብኋቸው፤ በዚያም ሦስት ቀን አደርን፤ አስቈጠርኋቸውም።
c48e2574-91ad-5126-a145-2f1238d282f4,e352261f-77e7-54ba-aeeb-ef6fcd586791,f9d4f0fd-bc09-5a49-a386-e6284537c8f1,2,42,ከውስጣቸውም ካህናትንና ሌዋውያንን አላገኘንም።
7463594f-73f0-5742-a561-6de4869993a7,e352261f-77e7-54ba-aeeb-ef6fcd586791,f9d4f0fd-bc09-5a49-a386-e6284537c8f1,3,43,ወደ አልዓዛርም ላክሁ፤ ከእኔም ጋር መአስመንን፥ አንዐጣንን፥ ሰምያስን፥ ኢዮሪቦን፥ ናታንን፥ አርጦንን፥ ዘካርያስን፥ ሞሱላሞስን ወሰድሁ።
b72fd28d-f7c5-5340-a12a-9e87b6b0f5e9,e352261f-77e7-54ba-aeeb-ef6fcd586791,f9d4f0fd-bc09-5a49-a386-e6284537c8f1,4,44,ከእነርሱም ጋር ከመሳፍንቶቻቸውና ከዐዋቂዎቻቸው ወሰድሁ።
891a516e-a88a-5975-aaa6-53ce8971599c,e352261f-77e7-54ba-aeeb-ef6fcd586791,f9d4f0fd-bc09-5a49-a386-e6284537c8f1,5,45,ወደ ዕቃ ቤቱም ሹም ወደ ያድዮን ይሄዱ ዘንድ ነገርኋቸው።
9db0b3e4-d9d6-55b6-af97-a66184c558ec,e352261f-77e7-54ba-aeeb-ef6fcd586791,f9d4f0fd-bc09-5a49-a386-e6284537c8f1,6,46,ለእግዚአብሔርም ቤት ካህናትን እንዲልኩልን ለያድዮንና ለወንድሞቹ፥ በዚያም ቦታ ለአሉ ሰዎች ይነግሯቸው ዘንድ አዘዝኋቸው።
8b9250b3-d68d-55f3-a784-3e5c8bfbbe9e,e352261f-77e7-54ba-aeeb-ef6fcd586791,f9d4f0fd-bc09-5a49-a386-e6284537c8f1,7,47,ከእስራኤል ልጅ ከሌዊ ልጅ ከሞሐሊ ልጆች ጠቢባን ሰዎችን አሲብያንና ልጆቹን፥ ዐሥራ ስምንት ወንድሞቹንም አመጡልን፥
f1dc038c-bea9-54c7-a80e-c30e226f3aaf,e352261f-77e7-54ba-aeeb-ef6fcd586791,f9d4f0fd-bc09-5a49-a386-e6284537c8f1,8,48,ከከዓኑ ልጆችና ከልጆቻቸውም ውስጥ የሆኑ ሃያ ሰዎች፥
95c478ee-0d58-5ddc-a169-a65ee4665a1a,e352261f-77e7-54ba-aeeb-ef6fcd586791,f9d4f0fd-bc09-5a49-a386-e6284537c8f1,9,49,ዳዊት የሠራቸው የቤተ መቅደስ አገልጋዮችና አለቆቻቸው ለሌዋውያን ሥራ የተጨመሩ የካህናት ልጆች ሁለት መቶ ሃያ ናቸው፤ የሁሉም ስማቸው ተጻፈ።
3628645b-b73d-5fc1-a8af-f584f94e6d69,e352261f-77e7-54ba-aeeb-ef6fcd586791,e28ff33e-a58f-5943-abdc-48cd48096e0a,1,50,በአምላካችን በእግዚአብሔርም ፊት ከልጆቻችን ጋራ በዚያ እንጾም ዘንድ ለልጆቻችንና ለከብቶቻችንም ይቅርታን እንለምን ዘንድ ተሳልን።
76f1a15c-5985-5469-a44a-91cc0a06f88f,e352261f-77e7-54ba-aeeb-ef6fcd586791,e28ff33e-a58f-5943-abdc-48cd48096e0a,2,51,ሀገራችንን የሚያጸኑና ከጠላቶቻችን ጋራ የሚመካከቱ እግረኞችንና ፈረሰኞችን እንዲሰጠን ለንጉሡ እልክ ዘንድ አፍሬአለሁና።
819f19e6-d353-53eb-acd5-3d253a5d5dbf,e352261f-77e7-54ba-aeeb-ef6fcd586791,e28ff33e-a58f-5943-abdc-48cd48096e0a,3,52,ሥራውን ሁሉ ያቀናላቸው ዘንድ ከሚፈልጉት ሰዎች ጋራ የጌታችን ከሃሊነት እንደሚኖር ለንጉሡ ነግረነው ነበርና።
b825dc7a-ed2b-553c-af2d-2154064ea11e,e352261f-77e7-54ba-aeeb-ef6fcd586791,e28ff33e-a58f-5943-abdc-48cd48096e0a,4,53,ዳግመኛም ስለዚህ ሁሉ ወደ እግዚአብሔር ለመን፤ እርሱም ይቅር አለን።
9a3321df-5207-531d-a100-c2d7b855dcc8,e352261f-77e7-54ba-aeeb-ef6fcd586791,d7cabc9f-204c-5481-af81-56a7b98d4ccd,1,54,ከሕዝቡና ከካህናቱ ሹሞች ዐሥራ ሁለቱን ሰዎች፥ ኤሴርያንና አሴሚያን፥ ከእነርሱም ጋር ከወንድሞቻቸው መካከል ዐሥር ሰዎችን ለየሁ።
8817a361-11c3-5ee3-a48a-7f300f52b7cb,e352261f-77e7-54ba-aeeb-ef6fcd586791,d7cabc9f-204c-5481-af81-56a7b98d4ccd,2,55,ንጉሡና መኳንንቱ፥ አማካሪዎቹም እስራኤልም ሁሉ የሰጡንን ወርቁንና ብሩን የእግዚአብሔርንም ቤት ንዋየ ቅድሳት መዝኜ ሰጠኋቸው።
d03f206d-1c55-5f93-a63b-30a1685e203e,e352261f-77e7-54ba-aeeb-ef6fcd586791,d7cabc9f-204c-5481-af81-56a7b98d4ccd,3,56,ስድስት መቶ አምሳ መክሊት ብርም መዝኜ ሰጠኋቸው።
f73bc322-64f9-514a-afd9-8a0702bc7f5c,e352261f-77e7-54ba-aeeb-ef6fcd586791,d7cabc9f-204c-5481-af81-56a7b98d4ccd,4,57,መቶ መክሊት የብር ዕቃ፥ መቶ መክሊትም ወርቅ፥ ሃያ መክሊትም የወርቅ ዕቃ፥ የሚወደድ እንደ ወርቅም የጠራና የጠነከረ ዐሥራ ሁለት የናስ ዕቃ መዝኜ ሰጠኋቸው።
a45e0f73-9fb2-5ef4-a689-5d648af80bfc,e352261f-77e7-54ba-aeeb-ef6fcd586791,d7cabc9f-204c-5481-af81-56a7b98d4ccd,5,58,እንዲህም አልኋቸው፥ “እናንተም ለእግዚአብሔር ተለዩ፥ ለአባቶቻችን ፈጣሪ ለእግዚአብሔር ስእለት የሆነውን የብሩንና የወርቁን ንዋየ ቅድሳትም ለዩ።
467fa658-9e96-5a47-a3bf-1c6ba15dfa24,e352261f-77e7-54ba-aeeb-ef6fcd586791,d7cabc9f-204c-5481-af81-56a7b98d4ccd,6,59,ለመሳፍንቱና ለመኳንንቱ፥ ለካህናቱ አለቆችና ለሌዋውያኑ፥ ለእስራኤልም ሀገሮች አለቆች በኢየሩሳሌም በአምላካችን ቤት አዳራሽ ውስጥ እስክትሰጧቸው ድረስ ተግታችሁ ጠብቁ።”
1b800587-8d1a-5a58-afdd-e41b703b22ce,e352261f-77e7-54ba-aeeb-ef6fcd586791,d7cabc9f-204c-5481-af81-56a7b98d4ccd,7,60,ካህናቱና ሌዋውያኑም የተቀበሉትን ወርቁንና ብሩን፥ የኢየሩሳሌምንም ንዋየ ቅድሳት ወደ እግዚአብሔር ቤተ መቅደስ አገቡ።
009dd7b7-4fb7-5575-af20-73f4b308908f,e352261f-77e7-54ba-aeeb-ef6fcd586791,30ffe240-8cc8-584e-ae26-5699d0224943,1,61,በመጀመሪያው ወር በዐሥራ ሁለተኛው ቀን ቴራን ከሚባል ሀገር ተነሡ፤ ከጠላቶቻችን ሁሉ ባዳነን፥ በፈጣሪያችን ከእኛ ጋር ባለች ጽንዕት እጅም ወደ ኢየሩሳሌም ደረሱ።
b1e1555e-260d-5c3d-a743-dfada465fa4d,e352261f-77e7-54ba-aeeb-ef6fcd586791,30ffe240-8cc8-584e-ae26-5699d0224943,2,62,በደረሱ በሦስተኛውም ቀን ወርቁንና ብሩን መዝነውና ቈጥረው በቤተ እግዚአብሔር ለኦርያ ልጅ ለካህኑ ለመርሞቲዮራ ሰጡት።
441a4ea1-b00f-5eab-abe0-0efbed39e8d4,e352261f-77e7-54ba-aeeb-ef6fcd586791,30ffe240-8cc8-584e-ae26-5699d0224943,3,63,የሁሉም ልኩ፥ ሚዛኑም ያንጊዜ ተጻፈ።
4be8172d-9dad-57c0-acfd-c7b51f4c0ffb,e352261f-77e7-54ba-aeeb-ef6fcd586791,30ffe240-8cc8-584e-ae26-5699d0224943,4,64,ከእርሱም ጋር የፊንሐስ ልጅ አልዓዛር ነበረ፤ ከእነርሱም ጋር ሌዋውያኑ የኢያሱ ልጅ የዘባትና የብኑ ልጅ ሞኢተስ ነበሩ።
5dffcde0-6904-513d-a404-8f525bdf2073,e352261f-77e7-54ba-aeeb-ef6fcd586791,30ffe240-8cc8-584e-ae26-5699d0224943,5,65,ከምርኮ የተመለሱትም ለእስራኤል አምላክ ለእግዚአብሔር መሥዋዕት አቀረቡ። ዐሥራ ሁለት ኮርማዎችን፥ ዘጠና ስድስት በጎችን፥
4138ff6c-d4c3-51f7-a668-7af9ed38d8ab,e352261f-77e7-54ba-aeeb-ef6fcd586791,30ffe240-8cc8-584e-ae26-5699d0224943,6,66,ስለ ድኅነትም ሰባ ስድስት ሙክቶችን፥ ዐሥራ ሁለት የበግ ጠቦቶችን፥ ሁሉንም ለእግዚአብሔር ሰዉ።
b9398bc9-9a55-57a9-a376-b9e5dbdab14f,e352261f-77e7-54ba-aeeb-ef6fcd586791,30ffe240-8cc8-584e-ae26-5699d0224943,7,67,ከዚህም በኋላ ለንጉሡ ዕቃ ቤት ሹሞች፥ ለሶርያና ለፊንቂ ገዦችም ከንጉሡ የመጣውን ደብዳቤ ሰጧቸው፤ ሕዝቡንና የእግዚአብሔርንም መቅደስ አከበሩ።
3688af90-4e22-5026-a023-1f73d5268bac,e352261f-77e7-54ba-aeeb-ef6fcd586791,ff65f92a-8ece-52df-ad36-f66d07034287,1,68,ከዚህም በኋላ ሹሞች መጥተው የሠሩትን ነገሩኝ።
86b1427f-53bb-5cc1-a88a-4b4f671e7bce,e352261f-77e7-54ba-aeeb-ef6fcd586791,ff65f92a-8ece-52df-ad36-f66d07034287,2,69,እንዲህም አሉኝ፥ “የእስራኤል ወገኖች፥ መኳንንቶቻቸውም፥ ካህኖቻቸውም፥ ሌዋውያኑም ከሌሎች የምድር አሕዛብ ከከናኔዎን፥ ከፌሬዜዎን፥ ከኬጤዎንም፥ ከኢያቡሴዎን፥ ከሞዓባውያን፥ ከግብፃውያንና ከኤዶሜዎን ርኵሰት አልተለዩም።
c516444f-7930-5e49-a5d9-b20ef5ba8334,e352261f-77e7-54ba-aeeb-ef6fcd586791,ff65f92a-8ece-52df-ad36-f66d07034287,3,70,ሴቶች ልጆቻቸውን አገቡ፤ እነርሱና ልጆቻቸውም የከበረውን ዘር ከባዕዳን የምድር አሕዛብ ጋር ቀላቀሉ፤ መሳፍንቶቻቸውና መኳንንቶቻቸውም ከመጀመሪያው ሥራቸው ጀምሮ በዚያች ኀጢአት አንድ ሆኑ።”
7dd08bc3-ace0-5287-adbe-33595c9fafe3,e352261f-77e7-54ba-aeeb-ef6fcd586791,ff65f92a-8ece-52df-ad36-f66d07034287,4,71,ከዚህም በኋላ ይህን በሰማሁ ጊዜ ልብሴንና ልብሰ ተክህኖዬን ቀደድሁ፤ የራሴን ጠጕርና ጢሜንም ነጨሁ፤ ተክዤና አዝኜም ተቀመጥሁ።
3517ae85-cceb-5ff8-af09-a1cb28aee23f,e352261f-77e7-54ba-aeeb-ef6fcd586791,ff65f92a-8ece-52df-ad36-f66d07034287,5,72,እኔም በዚያች ኀጢአት አዝኜና ተክዤ ተቀምጬ ሳለሁ የእስራኤል ፈጣሪ የእግዚአብሔርን ትእዛዝ የሚፈሩ ሁሉ ወደ እኔ ተሰበሰቡ።
4920a42a-eac8-5496-a33b-d8f3bbca5dc8,e352261f-77e7-54ba-aeeb-ef6fcd586791,ff65f92a-8ece-52df-ad36-f66d07034287,6,73,ከዚህም በኋላ በሠርኩ መሥዋዕት ጊዜ ጾመኛ እንደ ሆንሁ ልብሴና የክህነት ልብሴ እንደ ተቀደደ ሆኖ ተነሣሁ፤ በጉልበቴም ተንበረከክሁ፤ እጆችንም ወደ እግዚአብሔር ዘረጋሁ።
662eea0e-433d-5a11-a614-279322ef3951,e352261f-77e7-54ba-aeeb-ef6fcd586791,ff65f92a-8ece-52df-ad36-f66d07034287,7,74,እንዲህም አልሁ፥ “አቤቱ ጌታዬ ከፊትህ የተነሣ አፍራለሁ፤ እፈራለሁም።
c3be9779-ac22-59c9-a965-cc183b4c4280,e352261f-77e7-54ba-aeeb-ef6fcd586791,ff65f92a-8ece-52df-ad36-f66d07034287,8,75,ኀጢአታችን በዝትዋልና፥ ከራሳችንም ከፍ ከፍ ብሏልና፥ አለማወቃችንም እስከ ሰማይ ደርሷልና።
43eeced9-ddba-5963-aff0-7af060acd925,e352261f-77e7-54ba-aeeb-ef6fcd586791,ff65f92a-8ece-52df-ad36-f66d07034287,9,76,ከአባቶቻችን ዘመን ጀምሮ እስከ ዛሬ ድረስ በታላቅ ኀጢአት ላይ ኖረናል።
2cf142b3-3c7c-53d0-a9e5-c1c564f07bb0,e352261f-77e7-54ba-aeeb-ef6fcd586791,ff65f92a-8ece-52df-ad36-f66d07034287,10,77,በእኛ ኀጢአትና በአባቶቻችንም ኀጢአት የምድር ነገሥታት ከወንድሞቻችንና ከንጉሦቻችን፥ ከካህኖቻችንም ጋር ማረኩን፤ በጦራቸውም ዘረፉን፤ እስከ ዛሬም ድረስ አፈርን።
5ad771d2-6845-5780-ae8c-90b69e45045b,e352261f-77e7-54ba-aeeb-ef6fcd586791,ff65f92a-8ece-52df-ad36-f66d07034287,11,78,አሁን ግን በዚያች በተቀደሰችው ቦታህ ሥርንና ስምን ትተውልን ዘንድ እግዚአብሔር ሆይ ቸርነትህ በእኛ ላይ በዝታ ተደረገችልን።
2b45c78d-9031-50e0-a5d5-104c8c707972,e352261f-77e7-54ba-aeeb-ef6fcd586791,ff65f92a-8ece-52df-ad36-f66d07034287,12,79,በአንተም በአምላካችን ቤት ብርሃን ተገለጠልን፤ ተገዥዎችም በሆንን ጊዜ ምግባችንን ሰጠኸን።
df27f8f5-f7e2-5596-ae74-6a22acf926c8,e352261f-77e7-54ba-aeeb-ef6fcd586791,ff65f92a-8ece-52df-ad36-f66d07034287,13,80,በተገዛንም ጊዜ አንተ አምላካችን አልተውኸንም፤ በፋርስ ነገሥታትም ፊት ሞገስን ሰጠኸን፤ ምግባችንን ይሰጡን ዘንድ፥
aa48016f-ec9f-5a96-a273-77dafba9bc27,e352261f-77e7-54ba-aeeb-ef6fcd586791,ff65f92a-8ece-52df-ad36-f66d07034287,14,81,ቤተ መቅደሳችንንም ያከብሩ ዘንድ፥ የጽዮንንም ፍራሿን ይሠሩ ዘንድ፥ በይሁዳና በኢየሩሳሌምም ኀይልን ይሰጡን ዘንድ አልተውኸንም።
39604ae7-1b97-543f-ae51-51cd542ce2d8,e352261f-77e7-54ba-aeeb-ef6fcd586791,ff65f92a-8ece-52df-ad36-f66d07034287,15,82,“አቤቱ፥ አሁንስ ይህ በእኛ ላይ ሳለ ምን እንላለን? በባሮችህ በነቢያትም እጅ እንዲህ ስትል የሰጠኸውን ትእዛዝህን ካድን።
f87edb1e-5f0b-5abf-a6f1-fcb9e4c43621,e352261f-77e7-54ba-aeeb-ef6fcd586791,ff65f92a-8ece-52df-ad36-f66d07034287,16,83,ትወርሷት ዘንድ ወደ እርሷ ትገባላችሁ ያልሃቸው ያች ምድር በምድር አሕዛብ ርኵሰት የተዳደፈች ምድር ናት፤ ርኵሰታቸውንም መሏት።
401190af-8f67-5d39-a365-9ec67f98b98e,e352261f-77e7-54ba-aeeb-ef6fcd586791,ff65f92a-8ece-52df-ad36-f66d07034287,17,84,ሴቶች ልጆቻችሁን ለወንዶች ልጆቻቸው አታጋቡ፤ ሴቶች ልጆቻቸውንም ለወንዶች ልጆቻችሁ አታጋቡ፤
a6e1eb75-ba20-5c8f-ae46-9fb93566d20e,e352261f-77e7-54ba-aeeb-ef6fcd586791,ff65f92a-8ece-52df-ad36-f66d07034287,18,85,ድል ትነሷቸው ዘንድ፥ የምድርንም በረከት ትበሉ ዘንድ፥ ለልጆቻችሁ ለዘለዓለሙ ታወርሷት ዘንድ በዘመናችሁ ሁሉ ከእነርሱ ጋር አትስማሙ።
900a6b6b-0679-5d48-ac33-4a10135c2ae8,e352261f-77e7-54ba-aeeb-ef6fcd586791,ff65f92a-8ece-52df-ad36-f66d07034287,19,86,ይህችም ያገኘችን ሁሉ ስለ ሥራችን ክፋትና ስለ ኀጢአታችን ብዛት ነው።
e8c3bff2-544e-5f16-ae4f-c3c58230a8d6,e352261f-77e7-54ba-aeeb-ef6fcd586791,ff65f92a-8ece-52df-ad36-f66d07034287,20,87,አቤቱ አንተ ግን ኀጢአታችንን ታገሥህ፤ እንመለስም ዘንድ ሥርን ሰጠኸን፤ ዳግመኛም ሕግህን አፍርሰን ከምድር አሕዛብ ርኩሰት ጋር አንድ እንሆን ዘንድ ይገባናልን?
2e97c419-6c84-532c-a888-d17172783f79,e352261f-77e7-54ba-aeeb-ef6fcd586791,ff65f92a-8ece-52df-ad36-f66d07034287,21,88,ብትቈጣንስ ሥርንና ዘርን፥ ስማችንንም እስከማታስቀር ድረስ ባጠፋኸን ነበር።
393c524f-1d08-5c7b-ae4c-0ced617065dc,e352261f-77e7-54ba-aeeb-ef6fcd586791,ff65f92a-8ece-52df-ad36-f66d07034287,22,89,አቤቱ የእስራኤል አምላክ አንተ፥ እውነተኛ ነህ፥ ዛሬ ሥርን ትተህልናልና።
7958f0b7-c5a4-5310-ad34-9ee88fe1363e,e352261f-77e7-54ba-aeeb-ef6fcd586791,ff65f92a-8ece-52df-ad36-f66d07034287,23,90,አሁንም በፊትህ በኀጢአታችን አለን። ስለዚህ በፊትህ እንቆም ዘንድ አይገባንም።”
be1b16bf-141a-5019-af19-18402cc20ae0,e352261f-77e7-54ba-aeeb-ef6fcd586791,ff65f92a-8ece-52df-ad36-f66d07034287,24,91,ዕዝራም በቤተ መቅደሱ አንጻር ተንበርክኮ እያለቀሰ በጸለየና በተናዘዘ ጊዜ በኢየሩሳሌም ያሉ ብዙ ሰዎች ሴቶችና ወንዶች፥ ቆነጃጅቱም ወደ እርሱ ተሰበሰቡ፤ በሁሉም ላይ ታላቅ ልቅሶ ሆነ።
37c931db-1e8d-5612-a03b-a5b80432ac13,e352261f-77e7-54ba-aeeb-ef6fcd586791,ff65f92a-8ece-52df-ad36-f66d07034287,25,92,ከእስራኤልም ልጆች ውስጥ የኢያኤል ልጅ ኢኮንያስ ዕዝራን ጠርቶ እንዲህ አለው፥ “ልዩ ከሚሆኑ ከምድር አሕዛብ ወገን ሚስት ያገባን እኛ እግዚአብሔርን በድለናል፤ አሁንም ይህ ሁሉ በእስራኤል ዘንድ አለ።
679ab8a5-e8d1-5a28-acf6-7a50e2fc0b48,e352261f-77e7-54ba-aeeb-ef6fcd586791,ff65f92a-8ece-52df-ad36-f66d07034287,26,93,ነገር ግን እንደ ፍርድህ ልዩ ከሚሆኑ ከምድር አሕዛብ ወገን ያገባናቸውን ሚስቶቻችንን ሁሉ ከልጆቻቸው ጋራ ከእኛ እናስወጣቸው ዘንድ በእግዚአብሔር ስም እንማማል።
664a6acc-07e7-5d10-aa73-842566d88c57,e352261f-77e7-54ba-aeeb-ef6fcd586791,ff65f92a-8ece-52df-ad36-f66d07034287,27,94,የእግዚአብሔርን ሕግ የሚወዱ ሰዎችንም ሁሉ ተነሥተህ አምላቸው።
edbe6689-b20a-53af-a83a-cecb19a16683,e352261f-77e7-54ba-aeeb-ef6fcd586791,ff65f92a-8ece-52df-ad36-f66d07034287,28,95,ይህ ሥራ ባንተ ላይ ነውና፥ እኛም ካንተ ጋር ነንና፥ እንረዳሃለንምና።”
c4eb3c43-5dde-596f-a34e-499cb1b5e4f7,e352261f-77e7-54ba-aeeb-ef6fcd586791,ff65f92a-8ece-52df-ad36-f66d07034287,29,96,ዕዝራም ተነሥቶ የሕዝቡን ሹሞችና ካህናቱን፥ ሌዋውያኑንም፥ እስራኤልንም ሁሉ እንዲሁ ያደርጉ ዘንድ አማላቸው፤ እነርሱም ማሉ።
829ac20f-3a02-5145-a1d0-40026f0f12ea,2b085003-be19-5d7e-ad40-2af9a0c04d22,b962200f-808e-5fe7-a689-1b1c020bbac7,1,1,ዕዝራም ከቤተ መቅደሱ አደባባይ ተነሥቶ ወደ ናሴሩ ልጅ ወደ ዮሐናን ቤት ሄደ።
ef0b9476-b8b3-55f0-a3ca-8bb6f3ffda3e,2b085003-be19-5d7e-ad40-2af9a0c04d22,b962200f-808e-5fe7-a689-1b1c020bbac7,2,2,በዚያም ተቀምጦ ስለ ታላላቆችና ብዙዎች ኀጢአቶቻቸው እያለቀሰ እህልን አልበላም፤ ውኃንም አልጠጣም።
8f0c7803-bc50-5a4b-a3a5-f7fab89351de,2b085003-be19-5d7e-ad40-2af9a0c04d22,b962200f-808e-5fe7-a689-1b1c020bbac7,3,3,ከዚህ በኋላ ከምርኮ ለተመለሱ ሁሉ በኢየሩሳሌም ይገኙ ዘንድ፥
813862f0-1514-533d-ae96-1c8e3283cad3,2b085003-be19-5d7e-ad40-2af9a0c04d22,b962200f-808e-5fe7-a689-1b1c020bbac7,4,4,እስከ ሁለትና እስከ ሦስት ቀን ድረስ ያልተገኙና ያልደረሱ ሁሉ እንደ ሥርዐታቸው በአለቆቻቸው ቅጣት ይቀጡ ዘንድ፥ ከብቶቻቸውም ይወረሱ ዘንድ፥ እነርሱም ከወገኖቻቸው ይለዩ ዘንድ በይሁዳና በኢየሩሳሌም ዐዋጅ ነገረላቸው።
cf4dc766-caa1-5b6d-a557-5a07f4609ef4,2b085003-be19-5d7e-ad40-2af9a0c04d22,b962200f-808e-5fe7-a689-1b1c020bbac7,5,5,የይሁዳና የብንያም ወገኖችም በዘጠነኛው ወር በሃያኛው ቀን በሦስት ቀን ውስጥ በኢየሩሳሌም ተሰበሰቡ።
06ec53dd-ef77-5398-aa18-886e21b458f3,2b085003-be19-5d7e-ad40-2af9a0c04d22,b962200f-808e-5fe7-a689-1b1c020bbac7,6,6,ሁሉም በቤተ መቅደሱ አደባባይ ተቀመጡ፤ ክረምት ነበርና ስለ ውርጩ ጽናት ይንቀጠቀጡ ነበር።
66f7f1c6-c3b1-5227-a0f6-2c79c9c612b5,2b085003-be19-5d7e-ad40-2af9a0c04d22,b962200f-808e-5fe7-a689-1b1c020bbac7,7,7,ዕዝራም ተነሥቶ እንዲህ አላቸው፥ “ከአሕዛብ ወገን ሚስት ያገባችሁ እናንተ በደላችሁ፤ በእስራኤልም ላይ ኀጢአትን ጨመራችሁ።
ca0aa811-908a-5130-a3a9-aae2f5617999,2b085003-be19-5d7e-ad40-2af9a0c04d22,b962200f-808e-5fe7-a689-1b1c020bbac7,8,8,አሁንም ለእግዚአብሔር ተናዘዙ፤ የአባቶቻችንንም አምላክ አመስግኑት።
ae4995c7-6a11-5e74-a38d-657324c0301b,2b085003-be19-5d7e-ad40-2af9a0c04d22,b962200f-808e-5fe7-a689-1b1c020bbac7,9,9,ፈቃዱንም ፈጽሙ፤ ከምድር አሕዛብና ከባዕዳት ሚስቶቻችሁም ተለዩ።”
5ae701c8-e80c-5f36-a57c-650fce11fc10,2b085003-be19-5d7e-ad40-2af9a0c04d22,b962200f-808e-5fe7-a689-1b1c020bbac7,10,10,ሁሉም በሙሉ በታላቅ ድምፅ ጮኸው እንዲህ አሉት፥ “እሺ አንተ እንዳዘዝኸን እናደርጋለን።
87e56999-9fe2-5cab-a543-a2a9580a9e4e,2b085003-be19-5d7e-ad40-2af9a0c04d22,b962200f-808e-5fe7-a689-1b1c020bbac7,11,11,ነገር ግን ሰዉ ብዙ ነው፤ ጊዜውም ክረምት ነው፤ ፈጥነንም እናደርገው ዘንድ አንችልም፤ ሥራውም የአንድ ቀን ወይም የሁለት ቀን ሥራ አይደለም፤ በዚህ ፈጽመን በድለናልና።
ca651b4d-6fc6-5153-ab2c-40cc24689ea7,2b085003-be19-5d7e-ad40-2af9a0c04d22,b962200f-808e-5fe7-a689-1b1c020bbac7,12,12,አሁንም ከልዩ ወገን ሚስት ያገቡ መሳፍንት ሁሉና መንደረተኞችም ተሰብስበው ይምጡ።
bfc98d91-f1fb-5b75-aa8d-4f79b688280f,2b085003-be19-5d7e-ad40-2af9a0c04d22,b962200f-808e-5fe7-a689-1b1c020bbac7,13,13,በዚህ ሥራ ያገኘን የእግዚአብሔር ቍጣ ከእኛ ይርቅ ዘንድ መንደረተኞቻቸውንና ሽማግሌዎቻቸውን፥ አለቆቻቸውንም ይቅጠሯቸው።”
93dd8857-f394-50d8-ac02-36feb7d259f2,2b085003-be19-5d7e-ad40-2af9a0c04d22,b962200f-808e-5fe7-a689-1b1c020bbac7,14,14,የአዛሄል ልጅ ዮናታን፥ የታቃኑ ልጅ ኢያዝያስም መጡ፤ ሞሶላሞስ፥ ሌዊ፥ ሳባጢዎስ፥ እነርሱም እንዲህ ተባበሩ።
51ee83fa-936b-5b19-a80d-33adfa27aaec,2b085003-be19-5d7e-ad40-2af9a0c04d22,b962200f-808e-5fe7-a689-1b1c020bbac7,15,15,ከምርኮ የተመለሱትም ሁሉ እንዲሁ አደረጉ።
af38e4fd-a020-56f5-a725-26cdce98b571,2b085003-be19-5d7e-ad40-2af9a0c04d22,b962200f-808e-5fe7-a689-1b1c020bbac7,16,16,ካህኑ ዕዝራም ካገሮቻቸው ሽማግሌዎች፥ በያገራቸውም ከሚኖሩት ሁሉ ስማቸው ልዩ ልዩ የሆነ ሰዎችን መረጠ፤ እንዲህም ያደርጉ ዘንድ እስከ ዐሥረኛው ወር መባቻ ድረስ ተቃጠሩ።
db00d913-2f31-5489-a2c9-2f40389fdc88,2b085003-be19-5d7e-ad40-2af9a0c04d22,b962200f-808e-5fe7-a689-1b1c020bbac7,17,17,ከልዩ ወገን ሚስት ያገቡ እነዚያም ሰዎች ሁሉ “እስከ መጀመሪያው ወር መባቻ እንፈታለን” ብለው ነገራቸውን ጨረሱ።
4efb18eb-4124-5ad6-a3fa-268c807c09bd,2b085003-be19-5d7e-ad40-2af9a0c04d22,b962200f-808e-5fe7-a689-1b1c020bbac7,18,18,ከካህናቱም ውስጥ ከባዕድ ወገን ሚስት ያገቡ ተገኙ።
8d25149c-2c31-53dc-a273-fc898e488091,2b085003-be19-5d7e-ad40-2af9a0c04d22,b962200f-808e-5fe7-a689-1b1c020bbac7,19,19,እነርሱም የኢዮሴዴቅ ልጅ የኢያሱ ልጆችና ወንድሞቹ፥ ማቴላስ፥ አልዓዛር፥ ዮሬቦስና ዮአዳኖስም ናቸው።
f0f7f15e-6189-54b4-aad9-22e789254a7f,2b085003-be19-5d7e-ad40-2af9a0c04d22,b962200f-808e-5fe7-a689-1b1c020bbac7,20,20,ሚስቶቻቸውንም ፈትተው ስለ ኀጢአታቸው መሥዋዕት ይሠዉ ዘንድ ጀመሩ።
ec1620f9-9a56-549b-a4f6-2badf436c392,2b085003-be19-5d7e-ad40-2af9a0c04d22,b962200f-808e-5fe7-a689-1b1c020bbac7,21,21,ከኤሞርም ልጆች ሐናንያ፥ ዘብዴዎስ፥ ሜኑስ፥ ሴሜዎስ፥ ኢያርማየልና አዛርያ ናቸው።
0233efab-d4ac-50e6-a401-22bd298bb8bc,2b085003-be19-5d7e-ad40-2af9a0c04d22,b962200f-808e-5fe7-a689-1b1c020bbac7,22,22,ከፌትርኤልም ልጆች ኢልዮኒስ፥ ማስያስ፥ አስማኤሎስ፥ ናትናአሎስ፥ ዎቅዲሎስና አልታሳ ናቸው።
491a09db-4618-57ca-ad0e-57deda355770,2b085003-be19-5d7e-ad40-2af9a0c04d22,b962200f-808e-5fe7-a689-1b1c020bbac7,23,23,ከሌዋውያንም ወገን ዮዛባዶስ፥ ሳምያስ፥ ቃሊጣስ የሚሉት ቆዮስ፥ ፋትያስ፥ ይሁዳና ዮናስ ናቸው።
be932301-bc20-5d92-a604-8e83d12bb708,2b085003-be19-5d7e-ad40-2af9a0c04d22,b962200f-808e-5fe7-a689-1b1c020bbac7,24,24,ከመዘምራንም ወገን ኤልያሳቦስና ባካሮስ ናቸው።
0e8c495e-18ac-591b-aad9-80963aedab3b,2b085003-be19-5d7e-ad40-2af9a0c04d22,b962200f-808e-5fe7-a689-1b1c020bbac7,25,25,ከበረኞችም ወገን ሴሎምና ጦልባኒስ ናቸው።
8c12a0ca-a5ee-5e15-a15a-d480f3c4b550,2b085003-be19-5d7e-ad40-2af9a0c04d22,b962200f-808e-5fe7-a689-1b1c020bbac7,26,26,ከእስራኤል ከፎሮስ ልጆች ወገንም ኢየርማስ፥ ኤዝያስ፥ ሚልክያስ፥ ሚያኤሎስ፥ አልዓዛር፥ አስብያስ፥ ባኒያስ ናቸው።
d62fc70f-1f89-558e-a706-08634fa82945,2b085003-be19-5d7e-ad40-2af9a0c04d22,b962200f-808e-5fe7-a689-1b1c020bbac7,27,27,ከኤላ ልጆች ወገን ማጣንያስ፥ ዘካርያስ፥ ኢያዚሬሎስ፥ አብድዮስ፥ ኢያሬሞትና ኤዲያስ ናቸው።
df83e26c-e9ed-564a-a098-e2b764630c8e,2b085003-be19-5d7e-ad40-2af9a0c04d22,b962200f-808e-5fe7-a689-1b1c020bbac7,28,28,ከዛሞትም ልጆች ወገን ኤሊያዳስ፥ ኤሊያሲሞስ፥ ኦቶንያስ፥ ኢያሪሞስ፥ ሳባቶስ፥ ዘራሊያስ ናቸው።
91db20dd-1c8b-5868-a700-b8c84906cf21,2b085003-be19-5d7e-ad40-2af9a0c04d22,b962200f-808e-5fe7-a689-1b1c020bbac7,29,29,ከቤባይም ልጆች ወገን ዮሐንስ፥ ሐናንያ፥ ዮዛብዴዎስ፥ አሜቴዎስ ናቸው።
47c22e46-0e16-5401-a616-a64f9264b57f,2b085003-be19-5d7e-ad40-2af9a0c04d22,b962200f-808e-5fe7-a689-1b1c020bbac7,30,30,ከማኒ ልጆችም ወገን ኦላሞስ፥ ማምኮስ፥ ኢያዴዎስ፥ ኢያሶቦስ፥ አስሔሎስ፥ ኢያርሞት ናቸው።
ef888f7e-f36b-521b-a5de-ea2968dec388,2b085003-be19-5d7e-ad40-2af9a0c04d22,b962200f-808e-5fe7-a689-1b1c020bbac7,31,31,ከዓዲ ልጆችም ናሐቶስ፥ ሞሐስያስ፥ ለቁናስ፥ ኒዶስ፥ ቢስቀስ-ጰስሚስ ሲአቱል ባልኑስ፥ ሜናስያስ ናቸው፥
55f07063-0b19-52a5-ad92-28e913d61574,2b085003-be19-5d7e-ad40-2af9a0c04d22,b962200f-808e-5fe7-a689-1b1c020bbac7,32,32,ከሐናንያ ልጆችም ኢሊዮሳስ፥ አስያስ፥ ሚልክያስ፥ ስብያስ፥ ስምዖን፥ ኮሳሜዎስ ናቸው።
8fb8b835-9753-5482-a3cb-7f562baa85ff,2b085003-be19-5d7e-ad40-2af9a0c04d22,b962200f-808e-5fe7-a689-1b1c020bbac7,33,33,ከአሶም ልጆችም መልጠኒዎስ፥ መጣቲያስ፥ ሳባኔዎስ፥ ኤሌፍላት፥ ምናሴ፥ ሴሜይ ናቸው።
e18e0972-b3cf-5e4d-adb9-195d798fa5f1,2b085003-be19-5d7e-ad40-2af9a0c04d22,b962200f-808e-5fe7-a689-1b1c020bbac7,34,34,ከባኒ ልጆችም ኤርምያስ፥ ሞምዲስ፥ ስማኤል፥ ኢዮኤል፥ መምዲ፥ ጴዴያስ፥ አናስ፥ ቀሪባሶን፥ አናሲቦስ፥ መንጠኒሞስ፥ አልያሲስ፥ በኑስ፥ ኤልያሊ፥ ሰማይስ፥ ሰላምያስ፥ ናታንያስ ናቸው። ከኤዛርያስ ልጆችም ሴሲስ፥ ኤዝርል፥ አዛኤል፥ ሳማጢስ፥ ዘምበሪ፥ ኢዮሶፎስ ናቸው።
36324ebf-1fdb-55af-a00f-a3867437ceb3,2b085003-be19-5d7e-ad40-2af9a0c04d22,b962200f-808e-5fe7-a689-1b1c020bbac7,35,35,ከነሐማ ልጆችም ማዚጢያስ፥ ዘቢዲያስ፥ ኤዴስ፥ ኢዮኤል፥ በኒያስ ናቸው።
98c2315b-3da9-5092-a150-84553dc7cd38,2b085003-be19-5d7e-ad40-2af9a0c04d22,b962200f-808e-5fe7-a689-1b1c020bbac7,36,36,ከባዕዳን ከአሕዛብ ወገን ሚስት ያገቡት ሰዎች ሁሉ ሚስቶቻችውን ሁሉ ከልጆቻቸው ጋር አስወጧቸው።
8f2002a5-b99c-5d61-a885-090a729decce,2b085003-be19-5d7e-ad40-2af9a0c04d22,b962200f-808e-5fe7-a689-1b1c020bbac7,37,37,ካህናትና ሌዋውያንም፥ ብዙዎች እስራኤልም በሰባተኛው ወር መባቻ በኢየሩሳሌም በያገራቸው ተቀመጡ፤ የእስራኤልም ልጆች በየአውራጃቸው ተመለሱ።
e57f688d-02dd-5ea7-ace8-954e2dd5e09e,2b085003-be19-5d7e-ad40-2af9a0c04d22,b962200f-808e-5fe7-a689-1b1c020bbac7,38,38,በቤተ መቅደሱ በር በምሥራቃዊው አደባባይ ሁሉም በአንድነት ተሰበሰቡ።
a026e7a2-fafa-5b53-a14d-9fd869c88ba5,2b085003-be19-5d7e-ad40-2af9a0c04d22,b962200f-808e-5fe7-a689-1b1c020bbac7,39,39,ካህኑንና ጸሓፊዉን ዕዝራንም የእስራኤል አምላክ እግዚአብሔር የሰጠውን የሙሴን ሕግ ያመጣ ዘንድ ነገሩት።
a40937ae-b972-5ceb-a2e7-120281541580,2b085003-be19-5d7e-ad40-2af9a0c04d22,b962200f-808e-5fe7-a689-1b1c020bbac7,40,40,የካህናት አለቃ ዕዝራም በሰባተኛው ወር መባቻ ለሕዝቡ፥ ለወንዶችም፥ ለሴቶችም ለካህናቱም ሁሉ ሕጉን ይሰሙ ዘንድ አነበበላቸው።
e1609b5d-88c8-50c0-a69e-aa4b2dd7cfda,2b085003-be19-5d7e-ad40-2af9a0c04d22,b962200f-808e-5fe7-a689-1b1c020bbac7,41,41,በቤተ መቅደሱም በር ባለው አደባባይ በወንዶቹና በሴቶቹ ፊት ከነግህ ጀምሮ እስከ ቀትር ድረስ አነበበላቸው፤ ሁሉም በፍጹም ልባቸው ሕጉን አደመጡ።
d71596b6-4f8b-5d92-a589-d9abbb30d141,2b085003-be19-5d7e-ad40-2af9a0c04d22,b962200f-808e-5fe7-a689-1b1c020bbac7,42,42,ካህኑና የሕጉ ጸሓፊ ዕዝራም ከእንጨት በተሠራ መረባርብ ላይ ቆመ።
5a3a49ac-20c4-5cd6-aaee-24fd057c1a1f,2b085003-be19-5d7e-ad40-2af9a0c04d22,b962200f-808e-5fe7-a689-1b1c020bbac7,43,43,ከእርሱም ጋር፦ መተጢያስን፥ ሳሙስን፥ ሐናንያን፥ አዛርያን፥ ኡርያስን፥ ሕዝቅያስን፥ በአልስሞስንም በቀኙ አቆማቸው።
f2993db8-efe1-5137-a19b-06b7e6377b2c,2b085003-be19-5d7e-ad40-2af9a0c04d22,b962200f-808e-5fe7-a689-1b1c020bbac7,44,44,በግራውም በኩል ፈሐልዴዎስን፥ ሚሳኤልን፥ ሚልክያስን፥ ሎታሳብስን፥ ናባሪያንና ዘካርያስን አቆመ።
b16fd0ee-81fd-5963-a9eb-97033d042667,2b085003-be19-5d7e-ad40-2af9a0c04d22,b962200f-808e-5fe7-a689-1b1c020bbac7,45,45,ዕዝራም ያን መጽሐፍ ይዞ በሕዝቡ ፊት ተቀመጠ፤ ሕዝቡም ሁሉ ያከብሩት ነበር።
6c84b8ca-9401-517d-a2b5-3ff295f9e796,2b085003-be19-5d7e-ad40-2af9a0c04d22,b962200f-808e-5fe7-a689-1b1c020bbac7,46,46,የሕጉንም መጽሐፍ በገለጠ ጊዜ ሕዝቡ ሁሉ ተነሥተው ቆሙ፤ አዛርያም ሁሉን የሚገዛ ልዑል እግዚአብሔርን አመሰገነው።
028d7475-c386-5121-a415-c6ed630264f8,2b085003-be19-5d7e-ad40-2af9a0c04d22,b962200f-808e-5fe7-a689-1b1c020bbac7,47,47,ሁሉም በሙሉ፥ “አሜን፥ አሜን” ብለው መለሱለት፤ እጆቻቸውንም ወደ ላይ አንሥተው በምድር ወድቀው ለእግዚአብሔር ሰገዱ።
ef305dbe-46d8-5076-a293-8e3f848e7efd,2b085003-be19-5d7e-ad40-2af9a0c04d22,b962200f-808e-5fe7-a689-1b1c020bbac7,48,48,ሌዋውያኑም ኢያሱ፥ አኑሲ፥ ሰራቢያስ፥ ኢያዲኖስ፥ ኢያቆብስ፥ ሳብጣያስ፥ አውጥያስ፥ ሚሐና፥ ቀሊጦስ፥ አዛርያ፥ ጠዛብዶስ፥ ሐኒያስ፥ ፈልጣስ የእግዚአብሔርን ሕግ አስተማሯቸው።
040d3e05-d0da-593c-a459-b9efec9c947e,2b085003-be19-5d7e-ad40-2af9a0c04d22,b962200f-808e-5fe7-a689-1b1c020bbac7,49,49,ባነበበላቸውም ጊዜ ሁሉም በአንድነት ሆነው ሰሙ።
2f96687f-f786-5f8c-abba-0cf1ba176754,2b085003-be19-5d7e-ad40-2af9a0c04d22,b962200f-808e-5fe7-a689-1b1c020bbac7,50,50,አጠራጢም የካህናቱን አለቃና ጸሓፊውን ዕዝራን፥ ለሁሉ የሚያስተምሩ ሌዋውያንንም እንዲህ አላቸው፦
f5b2c146-3fb1-5beb-ad2a-e0b1ff8d92ca,2b085003-be19-5d7e-ad40-2af9a0c04d22,b962200f-808e-5fe7-a689-1b1c020bbac7,51,51,“ይቺ ቀን ለእግዚአብሔር የተቀደሰች ናት፥” ሁሉም ሕጉን በሰሙ ጊዜ አለቀሱ።
8d1fe3a5-d608-5f9a-a19a-770d74b936a9,2b085003-be19-5d7e-ad40-2af9a0c04d22,b962200f-808e-5fe7-a689-1b1c020bbac7,52,52,እንዲህም ተባባሉ፥ “ሂዱና ምሳችሁን ብሉ፤ ጠጡም፤ ለሌላቸውም ሰዎች ምጽዋትን ላኩ። ይቺ ቀን ለእግዚአብሔር የተቀደሰች ናትና፥ አትዘኑም፤ እግዚአብሔር አይጥላችሁምና።”
db6644d0-cd49-5b31-aaaf-55c11c1f4bfa,2b085003-be19-5d7e-ad40-2af9a0c04d22,b962200f-808e-5fe7-a689-1b1c020bbac7,53,53,ሌዋውያንም ሕዝቡን ሁሉ እንዲህ ብለው አዘዙ “ይቺ ቀን የተቀደሰች ናትና አትዘኑ።”
4878e83d-86ff-5d3f-af05-0169a666a6bf,2b085003-be19-5d7e-ad40-2af9a0c04d22,b962200f-808e-5fe7-a689-1b1c020bbac7,54,54,ሁሉም ሊበሉና ሊጠጡ፥ ደስታም ሊያደርጉ፥ ለሌላቸውም ሰዎች ምጽዋትን ሊሰጡ ሄዱ።
5dcd6914-9ea9-5347-aafe-9a51db86886a,2b085003-be19-5d7e-ad40-2af9a0c04d22,b962200f-808e-5fe7-a689-1b1c020bbac7,55,55,በተሰበሰቡበት ቦታም ያስተማሯቸውን ቃል በሰሙ ጊዜ ታላቅ ደስታን አደረጉ።
f7f17a7c-6ffd-5048-a01c-e6b64110e368,56030f8a-3e70-5aed-a3c1-5d89ab3ed367,ffc76bc4-cf85-564b-adb7-5327f32e7a69,1,1,ከንፍታሌም ነገድ ከአሳሄል ወገን የገባኤል ልጅ የጦብኤል ልጅ የጦቢት የነገሩ መጽሓፍ ይህ ነው።
9989e64f-0927-535b-a5df-85f0d148c21a,56030f8a-3e70-5aed-a3c1-5d89ab3ed367,ffc76bc4-cf85-564b-adb7-5327f32e7a69,2,2,እርሱም፦ ከአሴር በላይ ካለች ከገሊላ ንፍታሌም ክፍል ከቄዴዎስ በስተቀኝ ካለችው ከታስቢ በአሦር ንጉሥ በአሜኔሴር ዘመን የተማረከው ነው።
57ef4528-9784-5427-a713-3e1d9be05d36,56030f8a-3e70-5aed-a3c1-5d89ab3ed367,95d328e1-8f54-5976-ad36-e0767de3c192,1,3,እኔ ጦቢት በሕይወቴ ዘመን በጽድቅና በቅንነት መንገድ ሄድሁ፤ ወደ አሶር ከተማ ወደ ነነዌ ከእኔ ጋር ለመጡ ወንድሞችና ወገኖች ብዙ ምጽዋትን አደረግሁ።
9ef7b72d-a010-56d6-add5-30748e41a102,56030f8a-3e70-5aed-a3c1-5d89ab3ed367,95d328e1-8f54-5976-ad36-e0767de3c192,2,4,እኔም ሕፃን ሆኜ ከእስራኤል ልጆች ጋር በሀገሬ ሳለሁ የአባቴ የንፍታሌም ወገኖች ሁሉ፥ እስራኤልም ሁሉ በእርሷ ይሠዉ ዘንድ እግዚአብሔር ከእስራኤል ነገድ ሁሉ ከመረጣት የልዑል ቤተ መቅደስ ለትውልድ ሁሉ ለዘለዓለም ከታነጸባትና ከተቀደሰባት ከኢየሩሳሌም ወጥተው ካዱ።
3896efe5-bd72-5487-adcc-7085fe2b2a78,56030f8a-3e70-5aed-a3c1-5d89ab3ed367,95d328e1-8f54-5976-ad36-e0767de3c192,3,5,የካዱ ሰዎችም ሁሉ ደማሊ ለሚባል ጣዖት ሠዉ፤ የአባቴም የንፍታሌም ወገኖች ሁሉ ከእነርሱ ጋር ተባበሩ።
faebca9d-ca6a-516f-aace-fbc7e4c5dcf8,56030f8a-3e70-5aed-a3c1-5d89ab3ed367,95d328e1-8f54-5976-ad36-e0767de3c192,4,6,እኔ ግን በዘለዓለማዊ ትእዛዝ ለእስራኤል ሁሉ እንደ ተጻፈ በበዓላት ቀን ብቻዬን ብዙ ጊዜ ወደ ኢየሩሳሌም እሄድ ነበር፤ በመጀመሪያም ከሸለትሁት ከበጎች ፀጕር ለአሮን ልጆች ለካህናቱ ወደ መሠዊያው እወስድላቸው ነበር።
ad2af834-9056-55fd-a796-ba2fc4f5924a,56030f8a-3e70-5aed-a3c1-5d89ab3ed367,95d328e1-8f54-5976-ad36-e0767de3c192,5,7,እህሉንና መጀመሪያውን ዐሥራት ሁሉ በኢየሩሳሌም ለሚያገለግሉ ለአሮን ልጆች እሰጣቸው ነበር፤ ሁለተኛውን እጅ ዐሥራት ግን እሸጠው ነበር፤ ምጽዋቱንም አውጣጥቼ በየዓመቱ ወደ ኢየሩሳሌም እሄድ ነበር።
2eb2b0bc-59f8-5481-a3e2-173e6f3fe47e,56030f8a-3e70-5aed-a3c1-5d89ab3ed367,95d328e1-8f54-5976-ad36-e0767de3c192,6,8,ሦስተኛውንም እጅ ዐሥራት የአባቴ እናት ዲቦራ እንዳዘዘች ለድሆች እሰጥ ነበር። አባቴና እናቴ በድኃአደግነት ትተውኛልና፤
03bc8023-e86a-5981-a45d-a5ad66ca4466,56030f8a-3e70-5aed-a3c1-5d89ab3ed367,95d328e1-8f54-5976-ad36-e0767de3c192,7,9,አካለ መጠን ባደረስሁም ጊዜ ከዘመዶች ዘር ሚስት አገባሁ፤ ከርስዋም ጦብያን ወለድሁ።
00981b8e-ff03-5ac9-a21c-0ca8677c6a14,56030f8a-3e70-5aed-a3c1-5d89ab3ed367,96110dbe-a9fa-5696-a94c-9f4a5b65896d,1,10,ወንድሞችና ዘመዶች ሁሉ ወደ ነነዌ በተማረኩ ጊዜ ከአሕዛብ እህል በሉ።
69b392c8-8933-5910-af97-b64a731b956a,56030f8a-3e70-5aed-a3c1-5d89ab3ed367,96110dbe-a9fa-5696-a94c-9f4a5b65896d,2,11,እኔ ግን የአሕዛብን እህል እንዳልበላ ሰውነቴን ጠበቅሁ፤
8bfc18e0-53ad-580b-a5ea-a3d9116c392f,56030f8a-3e70-5aed-a3c1-5d89ab3ed367,96110dbe-a9fa-5696-a94c-9f4a5b65896d,3,12,እግዚአብሔርን በፍጹም ልቡናዬ አስበዋለሁና።
a5f768c6-427f-5b88-a771-2a636e10d621,56030f8a-3e70-5aed-a3c1-5d89ab3ed367,96110dbe-a9fa-5696-a94c-9f4a5b65896d,4,13,እግዚአብሔርም በአሜኔሴር ፊት ክብርንና ባለሟልነትን ሰጠኝ፤ እርሱም መጋቢ አድርጎ ሾመኝ።
922e97e9-9d5d-5818-ae83-35ec05827946,56030f8a-3e70-5aed-a3c1-5d89ab3ed367,96110dbe-a9fa-5696-a94c-9f4a5b65896d,5,14,ወደ ምድያምም ሄድሁ፤ በምድያም ክፍል በራጊስ ያለ የጋብርያስ ወንድም ገባኤልንም ዐሥር መክሊት አደራ አስጠበቅሁት።
1eedb262-9a12-56c5-a797-ff2c0a943963,56030f8a-3e70-5aed-a3c1-5d89ab3ed367,96110dbe-a9fa-5696-a94c-9f4a5b65896d,6,15,አሚኔሴርም በሞተ ጊዜ በእርሱ ፋንታ ልጁ ሰናክሬም ነገሠ፤ ሥራውም ክፉ ነበር፤ ከሹመቴም ሻረኝ፤ እንግዲህም ወዲህ ወደ ምድያም መሄድን አልቻልሁም።
c00e4963-85c3-546b-ab63-c14714193b0d,56030f8a-3e70-5aed-a3c1-5d89ab3ed367,ddbe3460-0e44-5ad4-a745-11d84310b218,1,16,በአሚኔሴርም ዘመን ለወንድሞች ብዙ ምጽዋትን አደረግሁ።
7ae507f7-f78f-562d-a289-8a7ab53d195d,56030f8a-3e70-5aed-a3c1-5d89ab3ed367,ddbe3460-0e44-5ad4-a745-11d84310b218,2,17,እህሌንም ለተራቡ፥ ልብሴንም ለተራቆቱ ሰጠሁ። ከወገኖችም የሞተ ሰውን በነነዌ ግንብ ሥር ወድቆ ባየሁ ጊዜ እቀብረው ነበር።
0f873629-669c-5ca5-a25d-a84202c0b056,56030f8a-3e70-5aed-a3c1-5d89ab3ed367,ddbe3460-0e44-5ad4-a745-11d84310b218,3,18,ንጉሥ ሰናክሬም ከይሁዳ ሸሽቶ በተመለሰ ጊዜ የገደላቸውን ሰዎች እኔ በስውር እቀብራቸው ነበር። እርሱ ተቈጥቶ ብዙዎችን ገድሎ ነበርና። ንጉሡም ሬሳቸውን አስፈለገ፥ አላገኘምም።
bae48b55-7bb4-56e8-a7de-26480b7f05da,56030f8a-3e70-5aed-a3c1-5d89ab3ed367,ddbe3460-0e44-5ad4-a745-11d84310b218,4,19,ከነነዌ ሰዎችም አንዱ ሰው ሄዶ እንደ ቀበርኋቸው ነገር ሠርቶ ከንጉሡ ጋር አጣላኝ፤ እኔም ተሰወርሁ፤ ሊገድሉኝ እንደሚፈልጉኝም ባወቅሁ ጊዜ ፈርቼ ገለል አልሁ።
7535c046-b5a9-56c8-a329-8c6ee79cc6c8,56030f8a-3e70-5aed-a3c1-5d89ab3ed367,ddbe3460-0e44-5ad4-a745-11d84310b218,5,20,ባጡኝም ጊዜ ገንዘቤን ሁሉ ዘረፉኝ፤ ከሚስቴ ሐናና ከልጄ ጦብያ በቀር ያስቀሩልኝ የለም።
f31a6ab6-bf8b-5e4c-a516-56055bbd5990,56030f8a-3e70-5aed-a3c1-5d89ab3ed367,ddbe3460-0e44-5ad4-a745-11d84310b218,6,21,ሁለቱ ልጆቹ እስኪገድሉት ድረስ፥ ሸሽተውም ወደ አራራት ተራራ እስኪሄዱ ድረስ አምሳ አምስት ቀን ከቤቴ አልወጣሁም። ልጁ አስራዶንም በእርሱ ፋንታ ነገሠ፤ የወንድሜ ልጅ የአናሔል ልጅ አኪአኪሮስንም በአባቱ ቤት ሁሉና በሥራታቸው ሁሉ ላይ ሾመው።
2a915111-87b3-57c6-a8fc-0d1457a97afc,56030f8a-3e70-5aed-a3c1-5d89ab3ed367,ddbe3460-0e44-5ad4-a745-11d84310b218,7,22,አኪአኪሮስም ማለደልኝ፤ ወደ ነነዌም መለሰኝ። አኪአኪሮስም የማኅተምና የቤቱ ንብረት ጠባቂ ነበር። አስራዶንም ዳግመኛ ሾመው።
7316d90e-c988-51d3-acbf-52e7bf17e28d,b21cc698-3863-5b2b-ab98-316e4da3493e,6dfc2b94-2859-53e0-a393-7709f73f93d4,1,1,ወደ ሀገሬም በተመለስሁ ጊዜ ሚስቴን ሐናንና ልጄን ጦብያን መለሰልኝ። በሰባተኛው ሱባኤ በተቀደሰችው የበዓለ ኀምሳ ዕለት ለእኔ መልካም ነገር አደረጉልኝ፤ እበላም ዘንድ ተቀመጥሁ።
b6367ce7-1a86-577a-a7e1-b3830fa044f0,b21cc698-3863-5b2b-ab98-316e4da3493e,6dfc2b94-2859-53e0-a393-7709f73f93d4,2,2,ምግቡም እጅግ ብዙ እንደ ሆነ ባየሁ ጊዜ ልጄን እንዲህ አልሁት፥ “ሄደህ ከወንድሞቻችን ያገኘሃቸውን ድኆች ባልንጀሮችን አምጣ። እግዚአብሔርን አስቤዋለሁና። እነሆ እኔም እጠብቅሃለሁ።”
1cb9f1ef-ab92-521a-a7d9-d413c38627a4,b21cc698-3863-5b2b-ab98-316e4da3493e,6dfc2b94-2859-53e0-a393-7709f73f93d4,3,3,በተመለሰ ጊዜም እንዲህ አለኝ፥ “አባቴ! ከወገኖቻችን የተገደለ አንድ ሰው አገኘሁ፤ ሬሳውም በገበያ ወድቆአል።”
71de1249-4653-545a-a81e-084773dc8942,b21cc698-3863-5b2b-ab98-316e4da3493e,6dfc2b94-2859-53e0-a393-7709f73f93d4,4,4,እኔም እህል ሳልቀምስ ተነሣሁ፤ ፀሐይም እስኪገባ ድረስ ወደ አንዱ ቤት አገባሁት።
6ee43fd8-c7f7-5628-ab60-e5dc8da33d70,b21cc698-3863-5b2b-ab98-316e4da3493e,6dfc2b94-2859-53e0-a393-7709f73f93d4,5,5,ወደ ቤቴም ተመልሼ ታጥቤ ምግቤን በኀዘን በላሁ።
fef7285b-a6f2-58ce-acf5-ce1c9e22c191,b21cc698-3863-5b2b-ab98-316e4da3493e,6dfc2b94-2859-53e0-a393-7709f73f93d4,6,6,አሞፅም፥ “በዓላችሁ ወደ ኀዘን፥ ደስታችሁም ወደ ልቅሶ ይመለሳል” ያለውን አስታወስሁ።
87d334da-0a32-5297-afcd-660429823936,b21cc698-3863-5b2b-ab98-316e4da3493e,6dfc2b94-2859-53e0-a393-7709f73f93d4,7,7,ከዚህም በኋላ አለቀስሁ፤ ፀሐይም በገባ ጊዜ ሄጄ መቃብር ቆፍሬ ቀበርሁት።
ed56d03a-99e8-5954-aba6-ad03e64c6da7,b21cc698-3863-5b2b-ab98-316e4da3493e,6dfc2b94-2859-53e0-a393-7709f73f93d4,8,8,ጎረቤቶችም ሳቁብኝ፤ እንዲህም አሉ፥ “ይህ ሰው ስለዚህ ሥራ እገደላለሁ ብሎ አይፈራምን? ንጉሥ የገደላቸውን ይቀብራልና።”
6df8885f-b2cb-59c9-a492-b79809c6a356,b21cc698-3863-5b2b-ab98-316e4da3493e,41b24d9e-853e-5b3a-a1ad-5b128360935b,1,9,በዚያችም ሌሊት ከቀብር ተመለስሁ፤ ረክሼም ስለነበር በዕድሞው ሥር አደርሁ፤ ዓይኖች ግን ተገልጠው ነበር።
bbdcedb9-ee6d-51f8-acc6-70d1b93ef72b,b21cc698-3863-5b2b-ab98-316e4da3493e,41b24d9e-853e-5b3a-a1ad-5b128360935b,2,10,በዕድሞው ላይም ወፎች እንዳሉ አላወቅሁም፤ ፊቴም ተገልጦ ሳለ እነዚያ ወፎች በዐይኔ ላይ የሚያቃጥል ኩስ ጣሉብኝ፤ በዐይኔም ብልዝ ወጣብኝ፤ እኔም ወደ ባለ መድኀኒት ሄድሁ፥ ነገር ግን የጠቀመኝ የለም፤ ብቻዬን ወደ ኤልማድያ እስክሄድ ድረስ አኪአክሮስ ይመግበኝ ነበር።
189cae8f-d2d6-5473-a588-3ce816b1e53c,b21cc698-3863-5b2b-ab98-316e4da3493e,41b24d9e-853e-5b3a-a1ad-5b128360935b,3,11,ሐናም በሴቶች ቤት ታገለግል ነበር።
3d16e184-6816-5e0d-a3cb-6631387685fd,b21cc698-3863-5b2b-ab98-316e4da3493e,41b24d9e-853e-5b3a-a1ad-5b128360935b,4,12,ወደ እመቤቶችዋም ላከች፤ እነርሱም ደመወዟን ሰጧት፤ የበግ ጠቦትም ጨመሩላት።
b9840a12-42f4-5456-a3bb-0c7bd861e405,b21cc698-3863-5b2b-ab98-316e4da3493e,41b24d9e-853e-5b3a-a1ad-5b128360935b,5,13,ወደ እኔም በመጣች ጊዜ ትጮህ ጀመር፤ እኔም እንዲህ አልኋት፥ “ይቺ ጠቦት ከወዴት ናት? የሰረቅሻት ከሆነችም ወደ ጌቶችዋ መልሻት። የተሰረቀ መብላት አግባብ አይደለምና።”
86ed597f-b77f-56ae-a36e-e8cb1d9b0602,b21cc698-3863-5b2b-ab98-316e4da3493e,41b24d9e-853e-5b3a-a1ad-5b128360935b,6,14,እርሷም አለችኝ፥ “በደመወዜ ላይ ሰጡኝ፤” እኔ ግን አላመንኋትም፤ ለባለቤቶቹም መልሺ ብዬ ከእርሷ ጋር ተከራከርሁ፤ እርሷም መልሳ፥ “ጸሎትህና ምጽዋትህ ወዴት ነው? እነሆ በላይህ ያለው ሁሉ ታወቀ” አለችኝ።
7a69d9f3-e2d5-5ecf-a487-d56643a22294,c9f801f8-0235-5948-ac19-87c3e3a70525,e1bdc32d-6c4a-577f-a803-b56f22e096de,1,1,ከዚህም በኋላ በልብ ጭንቀት ተከዝሁ፤ አልቅሼም ጸለይሁ።
f5bfd3d7-1af9-587d-aa08-fac2b42a6f19,c9f801f8-0235-5948-ac19-87c3e3a70525,e1bdc32d-6c4a-577f-a803-b56f22e096de,2,2,እንዲህም አልሁ፥ “አቤቱ በሥራህ ሁሉ በቸርነትና በፍርድ፥ በሚገባ ጽድቅም አንተ እውነተኛ ነህ፤ አቤቱ አንተ በሚገባ ዓለምን ትገዛለህ።
9b62b4f4-33c3-5e28-abb7-56b893982d1d,c9f801f8-0235-5948-ac19-87c3e3a70525,e1bdc32d-6c4a-577f-a803-b56f22e096de,3,3,አስበኝ፤ ተመልከተኝም፤ በራሴ ኀጢአትና አንተን በበደሉ፥ ትእዛዝህንም ባልሰሙ በአባቶች ኀጢአት አትበቀለኝ።
e9f69833-eeb1-5df0-a2ae-c4d9565f5fdd,c9f801f8-0235-5948-ac19-87c3e3a70525,e1bdc32d-6c4a-577f-a803-b56f22e096de,4,4,ለመበርበርና ለመማረክ፥ ለመገደልም አደረግኸን፤ በዓለሙ ሁሉና በውስጣቸው በተበተንባቸው በአሕዛብም ዘንድ መተረቻና መዘባበቻ ሆንን።
2c501b97-87b8-5777-ac96-948b0b6d5e30,c9f801f8-0235-5948-ac19-87c3e3a70525,e1bdc32d-6c4a-577f-a803-b56f22e096de,5,5,አሁንም እውነተኛ ፍርድህ ብዙ ነው፤ የእኔ ኀጢአትና የአባቶች ኀጢአትም እንዲሰረይ አድርግልኝ፤ ትእዛዝህን አላደረግንምና፥ በፊትህም በእውነት አልሄድንምና።
5c466cda-009b-51c0-a379-d27b58280bc6,c9f801f8-0235-5948-ac19-87c3e3a70525,e1bdc32d-6c4a-577f-a803-b56f22e096de,6,6,አሁንም በፊትህ ደስ የሚያሰኝህን በእኔ አድርግ፤ ከመኖር መሞት ይሻለኛልና በሞት እሰናበት ዘንድ፥ መሬትም እሆን ዘንድ ነፍሴን የሚቀበላትን እዘዝልኝ። በሐሰትና በውርደት ተግዳሮትን ሰምቻለሁና፥ ኀዘንም በእኔ ላይ በዝትዋልና ከመከራዬ እሰናበት ዘንድ፥ ወደ ዘለዓለማዊ ቦታም እሄድ ዘንድ እዘዝ፤ ፊትህንም ከእኔ አትመልስ።”
98ed12d2-654d-5f0a-af51-cbc7e573a520,c9f801f8-0235-5948-ac19-87c3e3a70525,e1bdc32d-6c4a-577f-a803-b56f22e096de,7,7,በዚያችም ቀን በሜዶን ክፍል በጣኔስ የራጉኤል ልጅ ሣራን ከአባትዋ ሴቶች አገልጋዮች ተግዳሮት አገኛት።
bd9dcc33-1b77-5814-a17f-0209a92453f3,c9f801f8-0235-5948-ac19-87c3e3a70525,e1bdc32d-6c4a-577f-a803-b56f22e096de,8,8,ለሰባት ወንዶች አጋብተዋት እንደ ወንድና ሴት ሳይቃረቡ አስማንድዮስ የሚባል ክፉ ጋኔን ገድሏቸዋልና፤ እንዲህም አሏት፥ “ባሎችሽ እየታነቁ እንደሚሞቱ አታውቂምን፦ እነሆ ሰባቱ አገቡሽ፤ ከእነርሱም አንዱ ስንኳ አልተከተለሽም።
a4570232-2928-527f-afc9-d3be9bbdbc72,c9f801f8-0235-5948-ac19-87c3e3a70525,e1bdc32d-6c4a-577f-a803-b56f22e096de,9,9,እንግዲህ ስለ እነርሱ ምን አሳዘነን? እነርሱ ሞተዋልና ከእነርሱ ጋር ሂጂ፤ ከአንቺ ወንድ ወይም ሴት ልጅ እስከ ዘለዓለሙ ድረስ አንይ።”
3e9b06db-8c85-576b-a609-ca2b7024e396,c9f801f8-0235-5948-ac19-87c3e3a70525,e1bdc32d-6c4a-577f-a803-b56f22e096de,10,10,ይህንም በሰማች ጊዜ ለመታነቅ እስከምትመኝ ድረስ እጅግ አዘነች። እንዲህም አለች፥ “እኔ ለአባቴና ለእናቴ አንዲት ነኝ፤ እንደዚህም ባደርግ ተግዳሮት እሆንበታለሁ፤ ሽምግልናውንም፥ ሰውነቱንም በጭንቅ ወደ መቃብር አወርዳታለሁ።”
c72cfbd9-df44-5406-abeb-6c1e791cae37,c9f801f8-0235-5948-ac19-87c3e3a70525,dac97e8a-1ff0-5234-ab66-192bae309a5f,1,11,በመስኮቱም በኩል ጸለየች፤ እንዲህም አለች፥ “አቤቱ አንተ ፈጣሪዬ ቡሩክ ነህ፤ ቅዱስና ክቡር ስምህም ለዘለዓለም ይመስገን፤ ሥራህም ሁሉ ለዘለዓለሙ ክቡር ነው።
1c2f0b0f-a73e-51e1-a43d-484366b9b43c,c9f801f8-0235-5948-ac19-87c3e3a70525,dac97e8a-1ff0-5234-ab66-192bae309a5f,2,12,አቤቱ አሁንም ዐይኖችንና ፊቴን ለአንተ ሰጠሁ።
07b810c2-5828-5e58-af36-b2ab1c4b5919,c9f801f8-0235-5948-ac19-87c3e3a70525,dac97e8a-1ff0-5234-ab66-192bae309a5f,3,13,እንግዲህ ወዲህ ተግዳሮትን እንዳልሰማ ከዚህ ዓለም አሰናብተኝ አልኹህ።
bad4d420-32b9-590d-adb6-5f93bb7a877b,c9f801f8-0235-5948-ac19-87c3e3a70525,dac97e8a-1ff0-5234-ab66-192bae309a5f,4,14,ከወንድ ጋር ከሚሠራው ኀጢአት ሁሉ እኔ ንጽሕት እንደ ሆንኹ አቤቱ አንተ ታውቃለህ።
a248c775-f118-5753-ae16-ef3b87770a6c,c9f801f8-0235-5948-ac19-87c3e3a70525,dac97e8a-1ff0-5234-ab66-192bae309a5f,5,15,በተማረክሁበትም ሀገር ስሜንና ያባቴን ስም አላሳደፍሁም፤ እኔም ለአባቴ አንዲት ነኝ። ወንድም የለኝም፤ ሚስት እሆንለት ዘንድ የምጠብቀው የቅርብ ዘመድም የለኝም፤ ሰባቱ ባሎች ሙተውብኛልና እንግዲህ ለምን እኖራለሁ? ልትገድለኝ ባትወድ ግን ወደ እኔ ተመልክተህ ራራልኝ፤ ተግዳሮትንም እንዳልሰማ እዘዝልኝ።”
16f1e7df-f2cb-50ec-a47e-17199ca106d1,c9f801f8-0235-5948-ac19-87c3e3a70525,dac97e8a-1ff0-5234-ab66-192bae309a5f,6,16,የሁለቱም ጸሎታቸው በእግዚአብሔር በገነነ ጌትነቱ ፊት ተሰማ።
f2ecaffd-cccb-5dc0-abc3-b2dbe8a9aa73,c9f801f8-0235-5948-ac19-87c3e3a70525,dac97e8a-1ff0-5234-ab66-192bae309a5f,7,17,ሩፋኤልንም ላከው፤ ሁለቱን ያድናቸው ዘንድ፥ ከጦቢትም ዐይን ብልዙን ያጠፋለት ዘንድ፥ የራጉኤል ልጅ ሳራንም ሚስት ልትሆነው ለጦቢት ልጅ ለጦብያ ይሰጣት ዘንድ፥ ክፉ ጋኔን አስማንድዮስንም ይሽረው ዘንድ፥ ጦብያ ይወርሳታልና። በዚያም ወራት ጦቢት ተመልሶ ወደ ቤቱ ገባ፤ የራጉኤል ልጅ ሳራም ከሰገነቷ ወረደች።
d4197ea0-18f0-5455-a824-642f151162f2,b00fee3a-03ba-53be-a232-0fc6d90b64a3,34e318ca-f459-51cf-a2eb-f6a4fc43d874,1,1,በዚያችም ቀን ጦቢት በሜዶን ክፍል በራጌስ ለገባኤል አደራ ስላስጠበቀው ብር አሰበ።
836853e3-cdac-5ba7-a2b7-8e838012f447,b00fee3a-03ba-53be-a232-0fc6d90b64a3,34e318ca-f459-51cf-a2eb-f6a4fc43d874,2,2,አስቦም እንዲህ አለ፥ “እነሆ ልሙት ብዬ ለመንሁ፤ እንግዲህ ልጄን ጦብያን ጠርቼ ሳልሞት የማልነግረው ለምንድን ነው?”
7bdd4d2e-da97-5eec-adc8-59867d4c7578,b00fee3a-03ba-53be-a232-0fc6d90b64a3,34e318ca-f459-51cf-a2eb-f6a4fc43d874,3,3,ጠርቶም እንዲህ አለው፥ “ልጄ በሞትሁ ጊዜ በመልካሙ ቅበረኝ፤ እናትህንም ጠብቃት፤ በሕይወትህም ዘመን ሁሉ አክብራት፤ የወደደችውንም አድርግላት፤ አታሳዝናትም።
86b57865-4fd4-5216-a0f9-a4a37d76e116,b00fee3a-03ba-53be-a232-0fc6d90b64a3,34e318ca-f459-51cf-a2eb-f6a4fc43d874,4,4,ልጄ፥ በማኅፀን ባንተ ብዙ መከራ እንደ ተቀበለች አስብ፤ በሞተችም ጊዜ በእኔ ዘንድ ባንድ መቃብር ቅበራት።
0d620f6c-6a37-5116-a0d7-bf76d95c25d6,b00fee3a-03ba-53be-a232-0fc6d90b64a3,34e318ca-f459-51cf-a2eb-f6a4fc43d874,5,5,ልጄ ሆይ! በዘመኑ ሁሉ ፈጣሪህ እግዚአብሔርን አስበው፤ በደልንና ትእዛዙን መካድን አትውደድ፤ በሕይወትህም ዘመን ሁሉ ጽድቅን ሥራ፤ በዐመፅ መንገድም አትሂድ።
8719b0a9-64fb-5b93-a2f0-5d16afde1636,b00fee3a-03ba-53be-a232-0fc6d90b64a3,34e318ca-f459-51cf-a2eb-f6a4fc43d874,6,6,ጽድቅን ከሠራሃት በመንገድህ ሁሉና በሠራኸው ሥራ ሁሉ ትከናወናለህ፤ ጽድቅንም ለሚሠሩዋት ሁሉ ይከናወንላቸዋል።
5e2c4466-2c34-5b58-a4aa-1b7066e4f8f8,b00fee3a-03ba-53be-a232-0fc6d90b64a3,34e318ca-f459-51cf-a2eb-f6a4fc43d874,7,7,ከገንዘብህ ምጽዋት ስጥ፤ ምጽዋትንም በምትመጸውት ጊዜ በገንዘብህ አትንፈግ፤ ከድኃም ፊትህን አትመልስ። እግዚአብሔርም ፊቱን ከአንተ አይመልስም።
0a351c9d-4f13-5e9a-a1d5-9b4353bbfd8b,b00fee3a-03ba-53be-a232-0fc6d90b64a3,34e318ca-f459-51cf-a2eb-f6a4fc43d874,8,8,ባለህ መጠን የሚቻልህን ያህል ምጽዋት አድርግ።
d28feec7-fa9a-5363-ac05-2bcf907cf075,b00fee3a-03ba-53be-a232-0fc6d90b64a3,34e318ca-f459-51cf-a2eb-f6a4fc43d874,9,9,ጥቂትም ቢሆን ለመስጠት አትፈር፤ ምጽዋት መስጠት መልካም ድልብን ታደልብልሃለችና።
760ff18e-1ad1-5114-a7c1-23ff1de6a511,b00fee3a-03ba-53be-a232-0fc6d90b64a3,34e318ca-f459-51cf-a2eb-f6a4fc43d874,10,10,ምጽዋት በመከራ ቀን ከሞት ታድናለችና፤ ወደ ጨለማም ከመሄድ ትጠብቅሃለችና።
8dccb869-b80c-533e-ac44-83484084075f,b00fee3a-03ba-53be-a232-0fc6d90b64a3,34e318ca-f459-51cf-a2eb-f6a4fc43d874,11,11,ምጽዋትም ለሚያደርጋት ሁሉ በልዑል ፊት መልካም ስጦታ ናት።
81b7a946-9b45-57e1-a5a3-174b7d129992,b00fee3a-03ba-53be-a232-0fc6d90b64a3,34e318ca-f459-51cf-a2eb-f6a4fc43d874,12,12,“ልጄ! ራስህን ከዝሙት ጠብቅ፤ ከአባቶችህ ዘር ሁሉ አስቀድመህ ሚስት አግባ። ከዘመዶችህ ካልሆነች ከባዕድ ወገን ግን አታግባ። እኛ ከጥንት ጀምረው ከነበሩ ከነቢያት ከኖኅና ከአብርሃም ፥ ከይስሐቅና ከያዕቆብ ልጆች ወገን ነንና፤ ልጄ ሆይ፥ ሁሉም ከአባቶቻቸው ትውልድ ሚስት እንዳገቡ አስብ፤ በልጆቻቸውም እንደ ተባረኩ፥ ዘሮቻቸውም ምድርን እንደ ወረሷት አስብ።
976213e5-83cc-5a10-acbe-f898c5031c57,b00fee3a-03ba-53be-a232-0fc6d90b64a3,34e318ca-f459-51cf-a2eb-f6a4fc43d874,13,13,አሁንም ልጄ ሆይ፥ ባልንጀራህን ውደድ፤ በባልንጀራህ፥ በወገኖችህ ወንዶች ልጆችና በወገኖችህ ሴቶች ልጆች ልብህን አታስታብይ፤ ከእነርሱም ወገን ሚስት አግባ። ትዕቢት ባለችበት ዘንድ ውርደት አለችና፥ ብዙ ሁከትም አለና፤ ስንፍናም ባለችበት ዘንድ ችግር አለች፤ ታላቅ ድህነትም አለ፤ ስንፍና የረኃብ እናት ናትና።
97be4dfd-4374-59bf-ab46-1889ed7652b3,b00fee3a-03ba-53be-a232-0fc6d90b64a3,34e318ca-f459-51cf-a2eb-f6a4fc43d874,14,14,የተገዛልህ ሁሉ ደመወዝ ባንተ ዘንድ አይደር፤ በጊዜው ስጠው እንጂ። ለእግዚአብሔር ብትገዛ ዋጋህ ይበዛልሃልና፤ ራስህን ዕወቅ፤ በሥራህና በጠባይህ ሁሉ ጠቢብ ሁን።
639da4eb-44e5-5128-ae9c-1846b58fecab,b00fee3a-03ba-53be-a232-0fc6d90b64a3,34e318ca-f459-51cf-a2eb-f6a4fc43d874,15,15,ለራስህ የምትጠላውን ለማንም አታድርግ፤ ለመስከርም ወይንን አትጠጣ፤ ከሰካራሞችም ጋር በጎዳና አትሂድ።
9697f877-8619-502e-ac11-77190a4971b1,b00fee3a-03ba-53be-a232-0fc6d90b64a3,34e318ca-f459-51cf-a2eb-f6a4fc43d874,16,16,ከእህልህም ለተራበ፥ ከልብስህም ለተራቈተ ስጥ፤ ከተረፈህም ሁሉ ለምጽዋት አድርግ።
3a7b57e3-ff83-54e0-afd4-2b7de982c959,b00fee3a-03ba-53be-a232-0fc6d90b64a3,34e318ca-f459-51cf-a2eb-f6a4fc43d874,17,17,እህልህንም በጻድቃን መቃብር ላይ ዝራ፤ ለኀጥኣን ግን አትስጥ።
2c63c7b0-c32e-5063-a6de-26b4d76331c2,b00fee3a-03ba-53be-a232-0fc6d90b64a3,34e318ca-f459-51cf-a2eb-f6a4fc43d874,18,18,በጠቢባን ዘንድ ምክርን ፈልግ፤ የምትረባህንም ምክር አታቃል።
0c3349dd-4f5c-5cc4-afcd-e817103387ee,b00fee3a-03ba-53be-a232-0fc6d90b64a3,34e318ca-f459-51cf-a2eb-f6a4fc43d874,19,19,በየጊዜውም ፈጣሪህ እግዚአብሔርን አመስግነው፤ ጎዳናህም የቀና ይሆን ዘንድ ወደ እርሱ ጸልይ፤ በሥራህ ሁሉና በጎዳናህ ሁሉ ያከናውንልሃል። በጎውን ሁሉ ከሚሰጥ ከእርሱ ከእግዚአብሔር በቀር ከእግዚአብሔር ያልሆነ አሕዛብ ሁሉ የሚመክሩት ምክር ከንቱ ነውና። የወደደውን ያዋርደዋል፤ እርሱም እንደ ወደደ ይሆናል። አሁንም ልጄ ሆይ ትእዛዜን አስብ፤ ከልብህም አይጥፋ።
94d3943e-83bb-524d-ab09-5b4b9353f676,b00fee3a-03ba-53be-a232-0fc6d90b64a3,5cdb4985-506c-5f96-a54e-5bc54bb3beeb,1,20,“አሁንም በሜዶን ክፍል በራጊስ ሰው በግብርያል ልጅ በገባኤል ዘንድ አደራ ስላስጠበቅሁት ስለ ዐሥሩ የብር መክሊት እነግርሃለሁ።
2f378560-3e5c-5d3f-a36a-657f6f037e8b,b00fee3a-03ba-53be-a232-0fc6d90b64a3,5cdb4985-506c-5f96-a54e-5bc54bb3beeb,2,21,ልጄ ሆይ! ከድህነት የተነሣ አትፍራ። ድሆች ባንተ ዘንድ ብዙ በረከትን ይቀበላሉና፥ እግዚአብሔርን ብትፈራው ከኀጢአትም ሁሉ ብትርቅ እግዚአብሔርንም ደስ የሚያሰኘውን ሥራ በፊቱ ብታደርግ ብዙ በረከት ባንተ ዘንድ ይኖራል።”
9dd42b6d-b8b8-5e39-a281-54663ec03ffe,4324c957-0951-54eb-a0cf-cece70937432,c0d7b195-4563-5ac1-adbf-ddc320b131e6,1,1,ጦብያም መለሰ እንዲህም አለ፥ “አባቴ! ያዘዝኸኝን ሁሉ አደርጋለሁ።
ef2a8a03-79ed-5d0b-a058-938f6e5feac8,4324c957-0951-54eb-a0cf-cece70937432,c0d7b195-4563-5ac1-adbf-ddc320b131e6,2,2,ነገር ግን ከማላውቀው ሰው ያን ብር መቀበል እንዴት እችላለሁ?”
eee0c566-3fbc-5b7a-a58e-35ca23dfce38,4324c957-0951-54eb-a0cf-cece70937432,c0d7b195-4563-5ac1-adbf-ddc320b131e6,3,3,እርሱም ደብዳቤ ሰጠው፤ እንዲህም አለው፥ “ከአንተ ጋር የሚሄድ ሰው ፈልግ፤ እኔም በሕይወት ሳለሁ ደመወዙን እሰጠዋለሁ፤ ሄደህም ያንን ብር ተቀበል።”
a9387691-93a9-56b5-ad99-0e4bd97ce0b5,4324c957-0951-54eb-a0cf-cece70937432,c0d7b195-4563-5ac1-adbf-ddc320b131e6,4,4,እርሱም ሰውን ሊፈልግ ሄዶ መልአኩን ሩፋኤልን አገኘው፤ ነገር ግን መልአክ እንደ ሆነ አላወቀም።
4c12456c-084b-52bb-a8a5-af61bc2f6382,4324c957-0951-54eb-a0cf-cece70937432,c0d7b195-4563-5ac1-adbf-ddc320b131e6,5,5,እርሱም አለው፥ “ሀገሩን ታውቅ እንደ ሆነ ወደ ሜዶን ክፍል ወደ ራጊስ ከኔ ጋራ መሄድ ትችላለህን?”
8d00f425-42ba-5d2a-ae3f-9d97ff7ad51d,4324c957-0951-54eb-a0cf-cece70937432,c0d7b195-4563-5ac1-adbf-ddc320b131e6,6,6,መልአኩም እንዲህ አለው፥ “ከአንተ ጋር እሄዳለሁ፤ መንገዱንም ዐውቃለሁ፤ በገባኤልም ዘንድ ነበርሁ።”
c71baf30-a600-5dc4-afc4-58d7f8f63f04,4324c957-0951-54eb-a0cf-cece70937432,c0d7b195-4563-5ac1-adbf-ddc320b131e6,7,7,ጦብያም፥ “ላባቴ እስክነግረው ድረስ ቈየኝ” አለው።
af9214f4-ee98-53d0-a2b7-e097019a2c2a,4324c957-0951-54eb-a0cf-cece70937432,c0d7b195-4563-5ac1-adbf-ddc320b131e6,8,8,እርሱም፥ “ሂድ፤ አትቈይ” አለው፤ ለአባቱም፥ “ከእኔ ጋር የሚሄድ እነሆ አገኘሁ” አለው። እርሱም፥ “ከማን ወገን እንደ ሆነ፥ ካንተም ጋራ ለመሄድ የታመነ እንደ ሆነ ዐውቅ ዘንድ ወደ እኔ ጥራው” አለው።
836e2d9b-55b6-56f2-a8a9-ef0c95dfc283,4324c957-0951-54eb-a0cf-cece70937432,c0d7b195-4563-5ac1-adbf-ddc320b131e6,9,9,ጠራውና ገባ፤ እርስ በርሳቸውም እጅ ተነሣሡ።
2dd94164-a847-5052-ad6a-0cd9a0c3557e,4324c957-0951-54eb-a0cf-cece70937432,c0d7b195-4563-5ac1-adbf-ddc320b131e6,10,10,ጦቢትም፥ “አንተ ወንድሜ! ከማን ወገን ነህ? ከወዴትስ ሀገር ነህ?” አለው።
cdaf1480-8314-5cb2-a567-9c22aea43204,4324c957-0951-54eb-a0cf-cece70937432,c0d7b195-4563-5ac1-adbf-ddc320b131e6,11,11,መልአኩም፥ “ወገኔንና ሀገሬን ትመረምር? ወይስ ከልጅህ ጋራ የምሄድበትን ዋጋ ትሰጠኝ?” አለው። ጦቢትም፥ “አንተ ወንድሜ ዘመድህንና ስምህን ዐውቅ ዘንድ እወዳለሁ” አለው።
d8f41ae0-ea34-5296-a099-53eb06c8299a,4324c957-0951-54eb-a0cf-cece70937432,c0d7b195-4563-5ac1-adbf-ddc320b131e6,12,12,እርሱም፥ “እኔስ የወንድምህ የታላቁ አናንያ ዘመድ አዛርያ ነኝ” አለው።
d7bec724-3356-59a5-ad2e-7ae3f10199f6,4324c957-0951-54eb-a0cf-cece70937432,c0d7b195-4563-5ac1-adbf-ddc320b131e6,13,13,ጦቢትም አለው፥ “አንተ ወንድሜ ደኅና ነህን? ወገንህንና ሀገርህን ዐውቅ ዘንድ መርምሬአለሁና አትንቀፈኝ፤ ነገር ግን አንተ በእውነቱ ከደግና ከተባረከ ወገን ነህ፤ እኔም የታላቁ የሴምዩን ልጆች አናንያንና ኢታያንን ዐውቃቸዋለሁ፤ እንሰግድ ዘንድ ከእነርሱ ጋር አብረን ወደ ኢየሩሳሌም ሄደን ነበር፤ በኵራቱንና የእህላችንን ዐሥራት ወስደን ነበር፤ ነገር ግን በአባቶቻችን በደል አልበደልንም።
1a34ab93-be05-59d9-accd-81cf95a73169,4324c957-0951-54eb-a0cf-cece70937432,c0d7b195-4563-5ac1-adbf-ddc320b131e6,14,14,ወንድሜ አንተ ግን ከደግ ቤተ ሰብ ነህ፤ ነገር ግን ንገረኝ፤ ደመወዝህን ምን እንስጥህ? በየቀኑ አንድ ድራህማ እንስጥህን? ምግብህስ ከልጄ ጋር ይሁን?
1406fa71-63e4-5a6a-a685-d36da4ded56d,4324c957-0951-54eb-a0cf-cece70937432,c0d7b195-4563-5ac1-adbf-ddc320b131e6,15,15,በደኅና ከተመለሳችሁ በደመወዝህ ላይ እጨምርልሃለሁ፤” እንደዚህም ጨረሱ።
acdc4da7-ed68-5760-ab6a-71b3754b6354,4324c957-0951-54eb-a0cf-cece70937432,c0d7b195-4563-5ac1-adbf-ddc320b131e6,16,16,ጦብያንም አለው፥ “ትሄዱ ዘንድ፥ ትከናወኑም ዘንድ ተዘጋጁ።” ልጁም ለመንገድ ስንቃቸውን አዘጋጀ፤ አባቱም አለው፥ “ከዚህ ሰው ጋር ሂድ፤ በሰማያት የሚኖር እግዚአብሔር መንገዳችሁን ያቅናላችሁ፤ መልአኩም አብሮአችሁ ይሂድ፤” ሁለቱም ወጥተው ሄዱ፤ ሌላው ልጃቸውም ተከተላቸው።
cb451bc7-def2-5516-a640-69944ff99b6a,4324c957-0951-54eb-a0cf-cece70937432,c0d7b195-4563-5ac1-adbf-ddc320b131e6,17,17,እናቱ ሐናም አለቀሰች፤ ጦቢትንም እንዲህ አለችው፥ “ልጄን ለምን ላክኸው? እርሱ በፊታችን የሚወጣና የሚገባ፥ በእጃችን ያለ ምርኩዛችን አይደለምን?
12e5c3ab-f9d3-5121-ab88-9fc1a2886ea1,4324c957-0951-54eb-a0cf-cece70937432,c0d7b195-4563-5ac1-adbf-ddc320b131e6,18,18,ብሩስ ይጥፋ የልጄም ቤዛ ይሁን!
e9adeed7-70e9-55a8-a1b7-23b53c45cbd4,4324c957-0951-54eb-a0cf-cece70937432,c0d7b195-4563-5ac1-adbf-ddc320b131e6,19,19,የምንኖርበት እግዚአብሔር የሰጠን ይበቃናልና።”
28bc640a-1925-5582-abfa-f89150d0da5f,4324c957-0951-54eb-a0cf-cece70937432,c0d7b195-4563-5ac1-adbf-ddc320b131e6,20,20,ጦቢትም አላት፥ “እኅቴ አትጨነቂ፤ በደኅና ይመለሳል፤ በዐይኖችሽም ታይዋለሽ።
8d992dac-b23a-5ef5-a8ce-b99a5a56ab4b,4324c957-0951-54eb-a0cf-cece70937432,c0d7b195-4563-5ac1-adbf-ddc320b131e6,21,21,ቸር መልአክ በፊቱ ይሄዳልና፥ ጎዳናውንም ያቃናለታልና፥ በደኅናም ይመለሳልና።”
4f7e49c8-94cd-55a1-ae63-b01a9c1574a4,4324c957-0951-54eb-a0cf-cece70937432,c0d7b195-4563-5ac1-adbf-ddc320b131e6,22,22,ሐናም ልቅሶዋን ተወች።
b6bbf32d-5723-5c96-a80d-1e69cb28977c,78ac10da-199c-5dd8-a5e8-63b5b2bbf2cc,b9d82f9f-394b-5ce2-a276-9377c5f0bb7b,1,1,በመንገዳቸውም ሲሄዱ ወደ ጤግሮስ ወንዝ ማታ ደረሱ፤ በዚያም አደሩ።
fb1b6661-cffb-580f-ad19-187b5871d0d3,78ac10da-199c-5dd8-a5e8-63b5b2bbf2cc,b9d82f9f-394b-5ce2-a276-9377c5f0bb7b,2,2,ያም ልጅ ሊታጠብ ወረደ፤ ከውኃውም ውስጥ ዓሣ ወጥቶ ተወረወረ፤ ያንም ልጅ ይውጠው ዘንድ ወደደ።
febb3315-94a5-5848-a884-5eced421ef6b,78ac10da-199c-5dd8-a5e8-63b5b2bbf2cc,b9d82f9f-394b-5ce2-a276-9377c5f0bb7b,3,3,መልአኩም፥ “ያን ዓሣ ያዘው” አለው፤ ያም ልጅ ዓሣውን ያዘው፤ ወደ የብስም አወጣው።
1fb62e01-344e-5a82-a08e-50bf422efcb1,78ac10da-199c-5dd8-a5e8-63b5b2bbf2cc,b9d82f9f-394b-5ce2-a276-9377c5f0bb7b,4,4,ያም መልአክ፥ “ዓሣውን እረደው፤ ልቡንና ጉበቱን፥ ሐሞቱንም ያዝ፤ አጥብቀህም ጠብቅ” አለው።
b76a2c8b-998c-5f25-ae51-5d4a29bd378d,78ac10da-199c-5dd8-a5e8-63b5b2bbf2cc,b9d82f9f-394b-5ce2-a276-9377c5f0bb7b,5,5,ያም ልጅ መልአኩ እንዳዘዘው አደረገ፤ ዓሣውንም ጠብሰው በሉ፤ ሁለቱም ገሥግሠው ሄደው፥ ወደ በጣኔስ ደረሱ።
f57cbf14-f56d-5c89-aa42-a04c36288719,78ac10da-199c-5dd8-a5e8-63b5b2bbf2cc,b9d82f9f-394b-5ce2-a276-9377c5f0bb7b,6,6,ያም ልጅ መልአኩን አለው፥ “አንተ ወንድሜ አዛርያ! የዚህ ዓሣ ልቡ፥ ጉበቱና ሐሞቱ ለምንድን ነው?”
59ea621c-205d-5406-a495-269fa9e3e57c,78ac10da-199c-5dd8-a5e8-63b5b2bbf2cc,b9d82f9f-394b-5ce2-a276-9377c5f0bb7b,7,7,መልአኩም አለው፥ “ልቡና ጉበቱ፦ የሚያሳምም ክፉ ጋኔን ያደረበት ቢኖር፥ ወይም ርኩስ መንፈስ ያደረበት ቢኖር ያን ለዚያ ሰው በፊቱ ያጤሱለታል፤ ሴትም ብትሆን ያጤሱላታል፤ ከዚያም በኋላ አይታመሙም።
ad4684c4-d5c1-5767-a209-f257567295ae,78ac10da-199c-5dd8-a5e8-63b5b2bbf2cc,b9d82f9f-394b-5ce2-a276-9377c5f0bb7b,8,8,ሐሞቱን ግን በዐይኑ ላይ ብልዝ ያለበትን ሰው ይኩሉታል፤ እርሱም ይድናል።”
70bb7610-7f2c-5b14-a797-2fe1ef79dde2,78ac10da-199c-5dd8-a5e8-63b5b2bbf2cc,b9d82f9f-394b-5ce2-a276-9377c5f0bb7b,9,9,ወደ ራጊስም በቀረቡ ጊዜ፥
8db1b45f-0272-55fd-a422-54b7a358d606,78ac10da-199c-5dd8-a5e8-63b5b2bbf2cc,b9d82f9f-394b-5ce2-a276-9377c5f0bb7b,10,10,መልአኩ አለው፥ “አንተ ወንድሜ! ዛሬ በራጉኤል ቤት እናድራለን፤ እርሱም ዘመድህ ነው፤ አንዲት ልጅም አለችው፤ ስሟም ሳራ ይባላል፤ ሚስት ትሆንህ ዘንድ እንዲሰጥህ ስለ እርስዋ እናገራለሁ፤ ለአንተ ውርሷ ይደርስሃልና።
d3796bb2-60e2-519d-acaa-e718610fd42d,78ac10da-199c-5dd8-a5e8-63b5b2bbf2cc,b9d82f9f-394b-5ce2-a276-9377c5f0bb7b,11,11,ከዘመዶችዋም ወገን አንተ አለህ፤ ልጂቱም ደግና ልባም ናት።
0a9180ba-afd6-5013-a945-3d965d2614c7,78ac10da-199c-5dd8-a5e8-63b5b2bbf2cc,b9d82f9f-394b-5ce2-a276-9377c5f0bb7b,12,12,አሁንም ስማኝ፤ ለአባትዋም እነግረዋለሁ፤ ከራጊስም በተመለስን ጊዜ የሠርግ በዓል እናደርጋለን፤ ራጉኤል፦ በሙሴ ሕግ መሠረት ለሌላ ሰው ይሰጣት ዘንድ አይወድድምና፥ ብትሞትም በወደደ ነበር፤ከሰው ሁሉ ይልቅ ውርሷ ላንተ ይደርስሃልና።”
57e0157f-0096-508c-a5ed-4b08fa5faf9c,78ac10da-199c-5dd8-a5e8-63b5b2bbf2cc,b9d82f9f-394b-5ce2-a276-9377c5f0bb7b,13,13,ያም ልጅ መልአኩን አለው፥ “አንተ ወንድሜ አዛርያ! ያቺን ልጅ ለሰባት ወንዶች እንዳጋቧት እኔ ሰምቻለሁ፤ ሁሉም በሠርጉ ጊዜ ሞቱ።
0ac27992-20d8-5226-ac4f-46a50fc5c6cf,78ac10da-199c-5dd8-a5e8-63b5b2bbf2cc,b9d82f9f-394b-5ce2-a276-9377c5f0bb7b,14,14,አሁንም እኔ ላባቴ ብቸኛ ነኝ፤ ወደ እርሷም በገባሁ ጊዜ እንዳልሞት ፥ ያባቴንና የናቴንም ሕይወት በእኔ ምክንያት በጭንቅ ወደ መቃብር እንዳላወርድ እፈራለሁ፤ የሚቀብራቸውም ሌላ ልጅ የላቸውምና።”
c3f3e67f-d154-5f15-a714-db6a88b0f11d,78ac10da-199c-5dd8-a5e8-63b5b2bbf2cc,b9d82f9f-394b-5ce2-a276-9377c5f0bb7b,15,15,ያም መልአክ አለው፥ “ከዘመዶችህ ሚስት ታገባ ዘንድ አባትህ ያዘዘህን ቃል አታስብምን? አሁንም አንተ ወንድሜ ስማኝ፤ የጋኔኑ ነገርስ አያሳዝንህ፤ በዚች ሌሊት ከዘመዶችህ ወገን እርሷ ሚስት ሆና ትሰጥሃለችና፤
9430cdf4-2af8-5579-a345-de6e00353814,78ac10da-199c-5dd8-a5e8-63b5b2bbf2cc,b9d82f9f-394b-5ce2-a276-9377c5f0bb7b,16,16,ወደ ጫጕላ ቤትም በገባህ ጊዜ የዕጣን ዕራሪ ውሰድ፤ ከዚህም ዓሣ ከጉበቱና ከልቡ ጨምረህ አጢስበት።
6891a306-b2ed-5b81-a2c0-c52f99aa3941,78ac10da-199c-5dd8-a5e8-63b5b2bbf2cc,b9d82f9f-394b-5ce2-a276-9377c5f0bb7b,17,17,ጋኔኑም በሸተተው ጊዜ ይሸሻል፤ ለዘለዓለሙም አይመለስም። ወደ እርሷም በገባህ ጊዜ ሁለታችሁ ይቅር ባይ ወደ ሆነው ወደ እግዚአብሔር ጩኹ፤ እርሱም ያድናችኋል፤ ይቅርም ይላችኋል። እንግዲህ አትፍራ፤ ከጥንት ጀምሮ እርሷን አዘጋጅቶልሃልና፤ አንተም ታድናታለህ፤ እርሷም ካንተ ጋራ ትሄዳለች፤ ከእርሷም ልጆችን እንደምትወልድ እነግርሃለሁ፤” ጦብያም ይህን ሰምቶ አደነቀ፤ ልቡም ወደ እርሷ ተሳበ፤ ወደ ባጥናም ደረሱ።
c2d1be13-d8eb-572b-a02b-2f72ab074b74,54de3b35-b9be-5b2b-a08d-774eed9078ca,fa7556ac-2d7a-5167-a1be-407d31a0befa,1,1,ወደ ራጉኤልም ቤት ደረሱ፤ ሣራም ተቀብላ ደስ አሰኘቻቸው፤ እንዲሁ እነርሱም እርሷን ደስ አሰኙአት፤ ወደ ቤትም አስገባቻቸው።
74ef43e4-73f3-5761-a9d9-d50b68e21483,54de3b35-b9be-5b2b-a08d-774eed9078ca,fa7556ac-2d7a-5167-a1be-407d31a0befa,2,2,ራጉኤልም ሚስቱ አድናን፥ “ይህ ልጅ ድንቅ ነው፤ ከዘመዶች ወገን የሆነ ጦቢትን ይመስለዋል” አላት።
d3886cb4-ecb8-5614-a62e-d772c97ca4d5,54de3b35-b9be-5b2b-a08d-774eed9078ca,fa7556ac-2d7a-5167-a1be-407d31a0befa,3,3,ራጉኤልም፥ “ወንድሞቻችን! እናንተ ከወዴት ናችሁ?” አላቸው፤ እነርሱም፥ “ወደ ነነዌ ከተማረኩት ከንፍታሌም ልጆች ነን” አሉት።
299f6828-c967-574e-aae3-46259742cbd3,54de3b35-b9be-5b2b-a08d-774eed9078ca,fa7556ac-2d7a-5167-a1be-407d31a0befa,4,4,ራጉኤልም፥ “ወንድሜ ጦቢትን ታውቁታላችሁን?” አላቸው፤ እነርሱም፥ “እናውቀዋለን” አሉት። እርሱም፥ “በሕይወት አለን? ደኅና ነውን?” አላቸው።
0aa40156-e986-5409-a08b-9c84c0ff2b7d,54de3b35-b9be-5b2b-a08d-774eed9078ca,fa7556ac-2d7a-5167-a1be-407d31a0befa,5,5,እነርሱም፥ “አዎ ደኅና ነው” አሉት፤ ጦብያም፥ “አባቴ ነው” አለው።
fb227138-3468-52e5-a663-f7f5cc21f9a0,54de3b35-b9be-5b2b-a08d-774eed9078ca,fa7556ac-2d7a-5167-a1be-407d31a0befa,6,6,ራጉኤልም ተነሥቶ ሳመው፤ አለቀሰም።
c22c6075-3bb7-5caf-af1e-564f684bf558,54de3b35-b9be-5b2b-a08d-774eed9078ca,fa7556ac-2d7a-5167-a1be-407d31a0befa,7,7,“አንተ የደግ ሰው ልጅ ነህ” ብሎ መረቀው፤ የጦቢትም ዐይኖች እንደ ጠፉ ነገረው። የጦቢትም ዐይኖች እንደ ጠፉ በሰማ ጊዜ አዝኖ አለቀሰ።
685f9095-39b3-5c68-ac20-fd26621982d4,54de3b35-b9be-5b2b-a08d-774eed9078ca,fa7556ac-2d7a-5167-a1be-407d31a0befa,8,8,ሚስቱ አድናና ልጁ ሣራም አለቀሱ፤ በደስታም ተቀበሉዋቸው፤ በግ አርደውም፥ ማዕድ አቀረቡላቸው፤ እጅግም መሸ። ጦብያም አዛርያን፥ “አንተ ወንድሜ አዛርያ በጎዳና ያልኸኝን ነገር ተናገር፤ ነገሩም ይለቅ፥” አለው።
752f1d58-bbd0-5701-af25-0f73c88c2665,54de3b35-b9be-5b2b-a08d-774eed9078ca,fa7556ac-2d7a-5167-a1be-407d31a0befa,9,9,ራጉኤልም ጦብያ መልአኩን እንደሚያነጋግረው ሰምቶ ጦብያን አነጋገረው፦ እንዲህም አለው፥ “አንድ ጊዜ ብላ፤ ጠጣ፤ ደስም ይበልህ፤
a0454ecc-41cf-50a6-a030-c540178c0ee7,54de3b35-b9be-5b2b-a08d-774eed9078ca,fa7556ac-2d7a-5167-a1be-407d31a0befa,10,10,ልጄ ለአንተ ትገባለችና፥ አንተም ታገባታለህና።
89162706-7271-589c-a2d4-938b54ae2ad8,54de3b35-b9be-5b2b-a08d-774eed9078ca,fa7556ac-2d7a-5167-a1be-407d31a0befa,11,11,እኔም እውነቱን እነግርሃለሁ፤ ይህችን ልጄን ለሰባት ወንዶች አጋባኋት፤ ወደ እርሷም እንደ ገቡ በሌሊት ይሞታሉ፤ ነገር ግን አንድ ጊዜ ደስ ይበልህ፤” ጦብያም፥ “ነገሩን ለኔ እስክትጨርሱልኝ ድረስ፥ ነገሬንም እስክታጸኑልኝ ድረስ በዚህ ምንም አልቀምስም” አለ።
404a52f5-e81b-5e42-a71f-064849ca225c,54de3b35-b9be-5b2b-a08d-774eed9078ca,fa7556ac-2d7a-5167-a1be-407d31a0befa,12,12,ራጉኤልም አለው፥ “ከአሁን ጀምሮ እንደ ሥርዐቱ ውሰዳት፤ አንተ ወንድሟ ነህና፥ እርሷም እኅትህ ናትና፤ ይቅር ባይ እግዚአብሔርም የሚበጀውን ያከናውንላችሁ።”
46e00d66-3934-5871-aa8a-108bbebc1e19,54de3b35-b9be-5b2b-a08d-774eed9078ca,fa7556ac-2d7a-5167-a1be-407d31a0befa,13,13,ልጁ ሣራንም ጠራት፤ እጅዋንም ይዞ ሚስት ልትሆነው ለጦብያ ሰጣት፤ “እነሆ በሙሴ ሥርዐት ውሰዳት፤ ወደ አባትህም ቤት አግባት” ብሎ መረቃቸው።
b815f3ec-8efa-5a87-a9d0-b500b9805152,54de3b35-b9be-5b2b-a08d-774eed9078ca,fa7556ac-2d7a-5167-a1be-407d31a0befa,14,14,ሚስቱ አድናንም ጠራት፤ ወረቀትም ወስዶ ጻፈና አተማት።
e20636e1-4270-540a-a116-f64b3ed258f2,54de3b35-b9be-5b2b-a08d-774eed9078ca,fa7556ac-2d7a-5167-a1be-407d31a0befa,15,15,ከዚህም በኋላ ይበሉ ጀመሩ።
1c71e211-28c5-59f6-a6af-f1114f3b7389,54de3b35-b9be-5b2b-a08d-774eed9078ca,fa7556ac-2d7a-5167-a1be-407d31a0befa,16,16,አድናንም ጠርቶ፥ “አንቺ እኅቴ ሌላ የጫጕላ ቤት አዘጋጂ፤ ወደዚያም አግቢያት” አላት።
4a882c7c-100f-526d-aea4-ca69ae931cc9,54de3b35-b9be-5b2b-a08d-774eed9078ca,fa7556ac-2d7a-5167-a1be-407d31a0befa,17,17,እንዳላትም አደረገች፤ ወደዚያም አገባቻት፤ አለቀሰችም፤ የልጅዋንም እንባ ጠረገች።
1b8c3765-a9b6-57e1-a5b4-7f2ca6213df6,54de3b35-b9be-5b2b-a08d-774eed9078ca,fa7556ac-2d7a-5167-a1be-407d31a0befa,18,18,“ስለዚች ኀዘንሽ ፋንታ የሰማይና የምድር ጌታ ደስታን እንደሚሰጥሽ እመኝ” አለቻት።
ce74eb94-ff56-5802-a892-215c6ec74f27,fef9d310-de19-5470-abcd-7877b42744e0,79aa81ef-61be-52ad-a3d3-af3b3a10f865,1,1,ተመግበውም በጨረሱ ጊዜ ጦብያን ወደ እርሷ አገቡት።
68abe192-566e-555c-a093-d0f99efb0942,fef9d310-de19-5470-abcd-7877b42744e0,79aa81ef-61be-52ad-a3d3-af3b3a10f865,2,2,ወደ እርሷም በገባ ጊዜ የሩፋኤልን ነገር አሰበ፤ የዕጣን ዕራሪ ወሰደ፤ ከዚያም ዓሣ ከልቡና ከጉበቱ ጨምሮ አጤሰው።
2711ea19-d6cc-576c-a843-8d8d9d3c94ed,fef9d310-de19-5470-abcd-7877b42744e0,79aa81ef-61be-52ad-a3d3-af3b3a10f865,3,3,ሽታውም ያን ጋኔን በሸተተው ጊዜ እስከ ላይኛው ግብፅ አውራጃ ድረስ ሸሸ። ያም መልአክ ጋኔኑን አሰረው።
cf09e89c-9386-536c-a981-8f0a715f61be,fef9d310-de19-5470-abcd-7877b42744e0,137c05e3-9d84-56dd-a3f0-a0b2930bfe2a,1,4,ሁለቱም በተዘጋባቸው ጊዜ ጦብያ ከአልጋው ተነሥቶ፥ “እኅቴ ተነሽ፤ እግዚአብሔር ይቅር ይለን ዘንድ እንጸልይ” አላት።
7f7a2457-cd11-5b69-a59f-c379f4af73d7,fef9d310-de19-5470-abcd-7877b42744e0,137c05e3-9d84-56dd-a3f0-a0b2930bfe2a,2,5,ጦብያም እንዲህ ይል ጀመረ፥ “አቤቱ የአባቶቻችን አምላክ አንተ ቡሩክ ነህ፤ ቅዱስ ስምህም ይባረክ፤ ለዘለዓለሙም ይመሰገናል። ሰማያትና የፈጠርሃቸው ሁሉ ያመሰግኑሃል።
f6748a82-dc66-57bf-a01e-d286875bf884,fef9d310-de19-5470-abcd-7877b42744e0,137c05e3-9d84-56dd-a3f0-a0b2930bfe2a,3,6,አንተ አባታችን አዳምን ፈጠርኸው፤ ትረዳውና ታሳርፈውም ዘንድ ሔዋንን ሰጠኸው፤ ከእነዚያም የሰው ዘር ተወለደ፤ አንተም አልህ፦ ‘ሰው ብቻውን ይኖር ዘንድ መልካም አይደለምና የሚረዳውን እንፍጠርለት።’
c25cf04f-1bde-5e35-a07a-bd94e2b1a293,fef9d310-de19-5470-abcd-7877b42744e0,137c05e3-9d84-56dd-a3f0-a0b2930bfe2a,4,7,አሁንም ይህቺን እኅቴን የማገባት በሚገባ ነው እንጂ ስለ ዝሙት አይደለምና አቤቱ አብረን ወደ ሽምግልና እንድንደርስ እንረዳዳ ዘንድ ለእኔና ለእርሷ ይቅርታን ላክልን።”
c2340d2b-fc47-5e25-a4fd-93ee76dd6446,fef9d310-de19-5470-abcd-7877b42744e0,137c05e3-9d84-56dd-a3f0-a0b2930bfe2a,5,8,እርሷም ከእርሱ ጋር “አሜን” አለች።
e5fbb795-cea0-5542-a211-41b0d9dc2656,fef9d310-de19-5470-abcd-7877b42744e0,137c05e3-9d84-56dd-a3f0-a0b2930bfe2a,6,9,ሁለቱም በዚያች ሌሊት አብረው አደሩ።
b9e6e1f7-2a5e-52b0-a8e2-4b371c16d9f3,fef9d310-de19-5470-abcd-7877b42744e0,137c05e3-9d84-56dd-a3f0-a0b2930bfe2a,7,10,ከዚህም በኋላ ራጉኤል ተነሥቶ ሄደ፤ እርሱም “ምናልባት ይሞት ይሆናል” ብሎ መቃብር ቈፈረ።
12dce0b5-710f-51ff-abb3-89d74393cea3,fef9d310-de19-5470-abcd-7877b42744e0,137c05e3-9d84-56dd-a3f0-a0b2930bfe2a,8,11,ራጉኤልም ወደ ቤቱ ተመለሰ።
cf096681-8ea0-55c8-ade8-5d2e22d63998,fef9d310-de19-5470-abcd-7877b42744e0,137c05e3-9d84-56dd-a3f0-a0b2930bfe2a,9,12,ሚስቱ አድናንም አላት፥ “ደኅና እንደ ሆነ ታየው ዘንድ አንዲት ልጅ ላኪ፤ ሞቶም እንደ ሆነ ማንም ሳያውቅ እንቀብረዋለን።”
a5ca4894-12e3-540e-aeea-9da8a084fe27,fef9d310-de19-5470-abcd-7877b42744e0,137c05e3-9d84-56dd-a3f0-a0b2930bfe2a,10,13,ያቺም ልጅ ሄዳ ደጃፉን ከፈተች፤ ሁለቱም ተኝተው አገኘቻቸው።
97330021-74f5-58ba-afbf-d47289938486,fef9d310-de19-5470-abcd-7877b42744e0,137c05e3-9d84-56dd-a3f0-a0b2930bfe2a,11,14,ተመልሳም እርሱ ደኅና እንደ ሆነ ነገረቻቸው።
8ff3aa34-9c10-541d-a43d-4c58d1e6e37c,fef9d310-de19-5470-abcd-7877b42744e0,137c05e3-9d84-56dd-a3f0-a0b2930bfe2a,12,15,ራጉኤልም እግዚአብሔርን አመሰገነው፤ እንዲህም አለ፥ “አቤቱ አንተ የተመሰገንህ ነህ፤ ንጽሕትና ቅድስት በሆነች ምስጋና ሁሉ የተመሰገንህ ነህ። ጻድቃንህ፦ በሠራኸው ሥራ ሁሉ ያመሰግኑሃል፤ መላእክትህና የመረጥኻቸውም ሁሉ ለዘለዓለም ያመሰግኑሃል።
9d4b32b7-95ed-5bf3-a5ce-7cb1e11280e3,fef9d310-de19-5470-abcd-7877b42744e0,137c05e3-9d84-56dd-a3f0-a0b2930bfe2a,13,16,ደስ አሰኝተኸኛልና አቤቱ አንተ የተመሰገንህ ነህ፤ እንደ ጠረጠርሁት አልተደረገብኝም፤ ነገር ግን እንደ ቸርነትህ ብዛት አደረግህልኝ።
1559b9fd-b73b-5091-a5fe-d668f5dcf5fe,fef9d310-de19-5470-abcd-7877b42744e0,137c05e3-9d84-56dd-a3f0-a0b2930bfe2a,14,17,አንተ ቡሩክ ነህ፤ ሁለቱን ብቸኞች ይቅር ብለሃቸዋልና፥ ዘመናቸውን በደኅንነትና በደስታ፥ በቸርነትህ ይፈጽሙ ዘንድ አቤቱ በጎነትን አድርገህላቸዋልና።”
0750fecf-5a74-5728-a3f9-af74cbdfe327,fef9d310-de19-5470-abcd-7877b42744e0,137c05e3-9d84-56dd-a3f0-a0b2930bfe2a,15,18,ከዚያም በኋላ ራጉኤል ያን መቃብር ይደፍኑ ዘንድ አገልጋዮቹን አዘዛቸው።
ebafdfa5-4d00-544b-a79b-65c5fac68606,fef9d310-de19-5470-abcd-7877b42744e0,57845cc5-7fef-5c4d-a684-b30441266580,1,19,ከዚህም በኋላ ዐሥራ አራት ቀን በዓል አደረገላቸው።
0e9b3312-2191-54c6-a32c-598ee0410428,fef9d310-de19-5470-abcd-7877b42744e0,57845cc5-7fef-5c4d-a684-b30441266580,2,20,ራጉኤልም የሠርጉ ዐሥራ አራት የበዓል ቀን እስኪፈጸም ድረስ ወጥቶ እንዳይሄድ ጦብያን አማለው።
bd60eb2e-3063-5a75-a6f9-96fe1bf630a8,fef9d310-de19-5470-abcd-7877b42744e0,57845cc5-7fef-5c4d-a684-b30441266580,3,21,ከዚህም በኋላ ሄዶ የገንዘቡን እኩሌታ ይወስድ ዘንድ፥ ወደ አባቱም በደኅና ይሄድ ዘንድ፥ የተረፈውን ግን እርሱና ሚስቱ ከሞቱ በኋላ ይወስድ ዘንድ አስማለው።
4320ff51-6217-5459-ab23-41e4c2b0f8be,9f1d186a-76c1-5b27-a005-3137e6bdb2c2,527e4576-8bd3-5355-a831-468968fed97e,1,1,ጦብያም ሩፋኤልን ጠርቶ እንዲህ አለው፦
d5ce166c-ef00-5ed6-aa0a-de3efe468558,9f1d186a-76c1-5b27-a005-3137e6bdb2c2,527e4576-8bd3-5355-a831-468968fed97e,2,2,“አንተ ወንድሜ አዛርያ ሆይ፥ ሁለት ብላቴኖችንና ግመሎችን ይዘህ የሜዶን ክፍል ወደምትሆን ወደ ራጊስ ወደ ገባኤል ቤት ሂድ፤ የብሩንም መክሊት አምጣ። እርሱንም ወደ ሰርጉ በዓል ጥራው።
d7946025-c847-56f8-af6f-e9693c7a5302,9f1d186a-76c1-5b27-a005-3137e6bdb2c2,527e4576-8bd3-5355-a831-468968fed97e,3,3,የሰርጉ በዓል ሳያልቅ እንዳልወጣ ራጉኤል አምሎኛልና።
75f64897-cea7-5050-a68c-91205c7c7ecf,9f1d186a-76c1-5b27-a005-3137e6bdb2c2,527e4576-8bd3-5355-a831-468968fed97e,4,4,አባቴ ግን ቀኑን ይቈጥራል፤ ብዘገይም ፈጽሞ ያዝናል።”
f5bfc810-d694-560f-a759-c6756782a9b9,9f1d186a-76c1-5b27-a005-3137e6bdb2c2,527e4576-8bd3-5355-a831-468968fed97e,5,5,ሩፋኤልም ሄደ፤ በገባኤልም ቤት አደረ፤ ደብዳቤውንም ሰጠው፤ እነዚያንም ከረጢቶች እንደታተሙ አምጥቶ ለሩፋኤል ሰጠው።
ecc98fd3-594a-52a6-a555-03e3e016fced,9f1d186a-76c1-5b27-a005-3137e6bdb2c2,527e4576-8bd3-5355-a831-468968fed97e,6,6,በጧትም በአንድነት ገሥግሠው ሄዱ፤ ወደ ሰርጉም ደረሱ፤ ጦብያም ያን ብር ባመጣለት ጊዜ ሩፋኤልን መረቀው።
83768dfe-ebed-5b2d-a4cc-8a2e2ee477c9,0379c2cb-91e8-5189-a109-f5e3f0336af0,f8624501-bad8-5170-a6b9-eef27aa97da8,1,1,አባቱ ጦቢት ግን ቀኑን ይቈጥር ነበር። ቀጠሮውም አልቆ ሳይመጡ በቀሩ ጊዜ፥
9f1595e0-3f76-53c1-a447-dd712a710c10,0379c2cb-91e8-5189-a109-f5e3f0336af0,f8624501-bad8-5170-a6b9-eef27aa97da8,2,2,እንዲህ አለ፥ “ምናልባት እነሆ፥ ልጄ ታስሮ ይሆን? ወይስ ገባኤል ሞቶ ብሩን የሚሰጠው አላገኘ ይሆን?”
147b2ca8-b89f-569e-af04-b8ff0490e193,0379c2cb-91e8-5189-a109-f5e3f0336af0,f8624501-bad8-5170-a6b9-eef27aa97da8,3,3,እጅግም አዘነ።
1dd828e7-5d8f-5352-a838-5e24df57c213,0379c2cb-91e8-5189-a109-f5e3f0336af0,f8624501-bad8-5170-a6b9-eef27aa97da8,4,4,ሚስቱም፥ “ልጄስ ሞትዋል፤ ስለዚህም ነገር ዘገየ” አለችው።
bc100833-ecb0-544e-a70c-06b0a816f579,0379c2cb-91e8-5189-a109-f5e3f0336af0,f8624501-bad8-5170-a6b9-eef27aa97da8,5,5,እንዲህም እያለች ታለቅስ ጀመረች፤ “ያይኔን ብርሃን ልጄን ያጠፋህብኝ ባይሆን ባላሳዘነኝም ነበር።”
299939ee-b65a-590c-a4f2-312005bc9219,0379c2cb-91e8-5189-a109-f5e3f0336af0,f8624501-bad8-5170-a6b9-eef27aa97da8,6,6,እርሱም፥ “ዝም በዪ፤ አትጨነቂ፤ እርሱስ ደኅና ነው” አላት።
ec0b5a17-5dd1-5c18-a22d-4dae5bed82cd,0379c2cb-91e8-5189-a109-f5e3f0336af0,f8624501-bad8-5170-a6b9-eef27aa97da8,7,7,እርሷም አለችው፥ “አንተም ዝም በል፤ አታታለኝ፤ ልጄስ ሞትዋል።” ታለቅስለትም ዘንድ በሄደበት ጎዳና ሁልጊዜ ትሄድ ነበር። የሰርጉ በዓል ሳያልቅ እንዳይሄድ ራጉኤል ያማለው ዐሥራ አራቱ የበዐዓል ቀን እስኪፈጸም ድረስ ለልጅዋ ለጦብያ እያለቀሰችለት በቀን እህል አትበላም ነበር፤ በሌሊትም ዝም አትልም ነበር።
8ca34ed3-deb2-507f-a13a-c47f3b73fa42,0379c2cb-91e8-5189-a109-f5e3f0336af0,56e90f86-cdc1-5297-a46a-b22e4895f7a8,1,8,ከዚህ በኋላ የሰርጉ በዐል ባለቀ ጊዜ ጦብያ ራጉኤልን አለው፥ “እንግዲህስ ወዲያ አሰናብተኝ፤ አባቴና እናቴ ተስፋ ቈርጠዋልና እንግዲህ ወዲህም ያዩኝ ዘንድ ተስፋ አያደርጉምና፥”
74c03ada-8598-5180-a376-990fb8c63575,0379c2cb-91e8-5189-a109-f5e3f0336af0,56e90f86-cdc1-5297-a46a-b22e4895f7a8,2,9,አማቱም፥ “በእኔ ዘንድ ተቀመጥ፤ ወሬህን ይነግሩት ዘንድ እኔ ወደ አባትህ እልካለሁ” አለው።
020c712b-5f3d-5c55-aa35-98057143995c,0379c2cb-91e8-5189-a109-f5e3f0336af0,56e90f86-cdc1-5297-a46a-b22e4895f7a8,3,10,ጦብያም፥ “አይሆንም፥ ወደ አባቴ እሄድ ዘንድ አሰናብተኝ እንጂ” አለው።
04de169a-bd9b-5734-a1ab-b6c777184fcf,0379c2cb-91e8-5189-a109-f5e3f0336af0,56e90f86-cdc1-5297-a46a-b22e4895f7a8,4,11,ራጉኤልም ተነሥቶ ሚስቱ ሣራንና፥ የገንዘቡን እኩሌታ፥ አገልጋዮችን፥ ከብቶችንም፥ ብሩንም ሰጠው።
ed20a897-bf6e-530c-a827-3dfbc887911d,0379c2cb-91e8-5189-a109-f5e3f0336af0,56e90f86-cdc1-5297-a46a-b22e4895f7a8,5,12,እርሱም፥ “ልጆች ሆይ፥ ሳልሞት የሰማይ ጌታ በጎ ነገር ያድርግላችሁ” ብሎ መረቃቸው፤ ልጁንም እንዲህ አላት፥ “አማቶችሽን አክብሪ፤ እንግዲህ ወዲህ ዘመዶችሽ እነርሱ ናቸውና፤ እኛም በአንቺ መልካሙን እንስማ” ብሎ ሳማት። አድናም ጦብያን አለችው፥ “አንተ የምወድህ ወንድሜ ሆይ፥ የሰማይ ጌታ ከልጄ ከሣራ ልጆችን ሰጥቶህ አይልህ ዘንድ፥ በእግዚአብሔርም ፊት ደስ ይለኝ ዘንድ ጎዳናህን ያቅናልህ። እነሆ፥ ልጄን አደራ ሰጥቼሃለሁ፤ አታሳዝናት።”
45f0f6d6-d79c-5224-abbd-c16c9aeb0418,0379c2cb-91e8-5189-a109-f5e3f0336af0,56e90f86-cdc1-5297-a46a-b22e4895f7a8,6,13,ከዚህም በኋላ ጦብያ ሄደ፤ እግዚአብሔርንም አመሰገነው፤ መንገዱን አቅንቶለታልና። ራጉኤልና ሚስቱ አድናም አመሰገኑት፤ እነርሱም ሄዱ፤ ወደ ነነዌም ቀረቡ።
1e628b53-9386-58fb-afa6-3ba015111581,f616abe0-114e-50ec-a0be-ee9973dc03c5,7a6d105b-572f-5c8f-a3fa-ff210d37c2c7,1,1,ከዚህም በኋላ ሩፋኤል ጦብያን አለው፥ “አንተ ወንድሜ አባትህን እንዴት እንደ ተውኸው አታውቅምን?
ce9d0232-1500-5332-a88c-035a653eaeaa,f616abe0-114e-50ec-a0be-ee9973dc03c5,7a6d105b-572f-5c8f-a3fa-ff210d37c2c7,2,2,ና ከሚስትህ ቀድመን ሄደን ቤቱን እናዘጋጅ።
19f91af2-6170-5f7a-a627-ecfcfdfa8dfa,f616abe0-114e-50ec-a0be-ee9973dc03c5,7a6d105b-572f-5c8f-a3fa-ff210d37c2c7,3,3,የዚህንም ዓሣ ሐሞት ያዝ፤” ያም ከእነርሱ ጋር የተከተለው ብላቴና ከእነርሱ ጋር ሄደ።
6f8da4c3-8378-53a7-ac07-17c5bb6da306,f616abe0-114e-50ec-a0be-ee9973dc03c5,7a6d105b-572f-5c8f-a3fa-ff210d37c2c7,4,4,ሐና ግን በጎዳና ተቀምጣ ልጅዋን ታይ ዘንድ ትመለከት ነበር።
abb2a9ff-aef8-52be-aabf-c8440efdce52,f616abe0-114e-50ec-a0be-ee9973dc03c5,7a6d105b-572f-5c8f-a3fa-ff210d37c2c7,5,5,ሲመጣም አየችው፤ ሄዳም አባቱን፥ “እነሆ፥ ልጅህ መጣ፤ ከእርሱም ጋር የሄደው ያ ሰው መጣ” አለችው።
08028a5b-3119-56d7-ae03-14babdb1ff44,f616abe0-114e-50ec-a0be-ee9973dc03c5,9d40e6e6-e7c8-54b8-aae2-5822c85cd9b4,1,6,ሩፋኤልም አለው፥ “ያባትህ ዐይኖች እንዲበሩ አውቃለሁ፤
fa2ea20f-b684-51cd-a24d-f8d23285a23e,f616abe0-114e-50ec-a0be-ee9973dc03c5,9d40e6e6-e7c8-54b8-aae2-5822c85cd9b4,2,7,አንተ ግን ያን ሐሞት ያባትህን ዐይን ኳለው፤ በተኳለም ጊዜ ዐይኖቹን ያሻል፤ ብልዙም ከዐይኑ ይወጣል፤ በደኅናም ያያል።”
fafa2d9d-8a63-5988-a96f-92f882cc8cd8,f616abe0-114e-50ec-a0be-ee9973dc03c5,9d40e6e6-e7c8-54b8-aae2-5822c85cd9b4,3,8,ሐናም ሮጣ የልጅዋን አንገት አቅፋ፥ “ልጄ ሆይ፥ ካየሁህ እንግዲህ ልሙት” አለችው፤ ሁለቱም አለቀሱ።
38bc2f6d-84cd-54d7-ab50-177acec71a54,f616abe0-114e-50ec-a0be-ee9973dc03c5,9d40e6e6-e7c8-54b8-aae2-5822c85cd9b4,4,9,ጦቢትም ወደ ደጅ ወጣ፤ ተሰነካከለም፤ ልጁም ሮጦ አባቱን አነሣው።
3935491e-33c6-5091-a97a-1f258d41a56d,f616abe0-114e-50ec-a0be-ee9973dc03c5,9d40e6e6-e7c8-54b8-aae2-5822c85cd9b4,5,10,የአባቱንም ዐይኖች በዚያ ሐሞት ኳለና፥ “አባቴ ሆይ፥ እንደምትድን ታመን” አለው።
766f9dea-22e4-5bdc-abd9-f5c81784846f,f616abe0-114e-50ec-a0be-ee9973dc03c5,9d40e6e6-e7c8-54b8-aae2-5822c85cd9b4,6,11,በኳለውም ጊዜ ዐይኖቹን አሸ።
0cc00739-7325-5add-ace0-b1d3cae7b4d7,f616abe0-114e-50ec-a0be-ee9973dc03c5,9d40e6e6-e7c8-54b8-aae2-5822c85cd9b4,7,12,ብልዙም ከዐይኑ ብሌን ተገፈፈ፤ ልጁንም አየው፤ አንገቱንም አቅፎ አለቀሰ።
2e5f0870-fea6-5299-ae9e-e6a500e70461,f616abe0-114e-50ec-a0be-ee9973dc03c5,9d40e6e6-e7c8-54b8-aae2-5822c85cd9b4,8,13,እንዲህም አለ፥ “ጌታ ሆይ፥ የተመሰገንህ ነህ፤ ስምህም ለዘለዓለሙ ይመስገን፤ ቅዱሳን መላእክትህም ሁሉ ቡሩካን ናቸው፤ ገርፈህ ይቅር ብለኸኛልና።
4a7a83d6-5d81-507c-a8b1-2dcb235adf2d,f616abe0-114e-50ec-a0be-ee9973dc03c5,9d40e6e6-e7c8-54b8-aae2-5822c85cd9b4,9,14,እነሆም፥ ልጄ ጦብያን አየሁት፤” ከዚህም በኋላ ልጁ ደስ እያለው ገባ፤ ለአባቱም በሜዶን የተደረገለትን ታላላቅ ነገር ሁሉ ነገረው።
7fc07838-1ab7-51d4-a8da-576fbc62f458,f616abe0-114e-50ec-a0be-ee9973dc03c5,9d40e6e6-e7c8-54b8-aae2-5822c85cd9b4,10,15,ጦቢትም ደስ እያለው ወጥቶ ምራቱን ተቀበላት፤ እግዚአብሔርንም በነነዌ አደባባይ አመሰገነው፤ ሲሄድም ያዩት ሰዎች፥ “እንዴት አየ?” ብለው አደነቁት።
6078f39f-15b7-52ef-ac6e-bf897b4504fd,f616abe0-114e-50ec-a0be-ee9973dc03c5,9d40e6e6-e7c8-54b8-aae2-5822c85cd9b4,11,16,ጦቢት ግን በፊታቸው እግዚአብሔርን አመሰገነ፤ እግዚአብሔር ይቅር ብሎታልና። ጦቢትም ወደ ምራቱ ወደ ሣራ በደረሰ ጊዜ፥ “ልጄ! እንኳን በደኅና ገባሽ!” ብሎ መረቃት፤ ወደ እኛ ያመጣሽ እግዚአብሔርም ይመስገን፤ አባትሽንና እናትሽንም ይባርክ” አላት። በነነዌም ለሚኖሩ ለወንድሞቹ ሁሉ ታላቅ ደስታ ሆነ።
149604c7-b11a-5b84-ab17-7e4debd0bf62,f616abe0-114e-50ec-a0be-ee9973dc03c5,9d40e6e6-e7c8-54b8-aae2-5822c85cd9b4,12,17,አኪአክሮስም መጣ፤ የወንድሙ ልጅ ነሳቦስም መጣ።
975eac57-3f3b-52fd-a164-0bec0b3cccc6,f616abe0-114e-50ec-a0be-ee9973dc03c5,9d40e6e6-e7c8-54b8-aae2-5822c85cd9b4,13,18,ሰባት ቀንም በደስታ የሰርግ በዐል አደረጉ።
e7375909-c97a-5a6c-a0e8-940bf66f57b8,be95bbde-646f-5222-ae00-d34a6dc76dd4,e40f3222-5359-564f-aa33-9bbf86d8f212,1,1,ከዚህም በኋላ ጦቢት ጦብያን ጠርቶ፥“ ልጄ ሆይ፥ ከአንተ ጋራ የሄደ የዚህን ሰው ደመወዙን እይለት፤ ዳግመኛም ትጨምርለት ዘንድ ይገባል” አለው።
9809be7c-31bd-568c-a030-77dbcfee046a,be95bbde-646f-5222-ae00-d34a6dc76dd4,e40f3222-5359-564f-aa33-9bbf86d8f212,2,2,ጦብያም አባቱን እንዲህ አለው፥ “ያመጣሁትን የገንዘቤን እኩሌታ ስንኳ ብሰጠው የሚጐዳኝ የለም።
b1690a20-89fb-500e-acbe-fa7b2296ff41,be95bbde-646f-5222-ae00-d34a6dc76dd4,e40f3222-5359-564f-aa33-9bbf86d8f212,3,3,ወደ አንተ በደኅና መልሶኛልና፥ ሚስቴንም ፈውሷታልና፤ ብሩንም አምጥቶልኛልና፤ እንዲሁም አንተን ፈውሶሃልና።”
62a2e035-16bb-56a3-ab74-797c2ec1ac2d,be95bbde-646f-5222-ae00-d34a6dc76dd4,e40f3222-5359-564f-aa33-9bbf86d8f212,4,4,አባቱም፥ “እውነት ተናገርህ” አለው።
578462d7-7cd9-5c15-a36f-1a1740eef8eb,be95bbde-646f-5222-ae00-d34a6dc76dd4,e40f3222-5359-564f-aa33-9bbf86d8f212,5,5,ያንም መልአክ ጠርቶ እንዲህ አለው፥ “ከእናንተ ጋር ካመጣችሁት ሁሉ እኩሌታውን ይዘህ በደኅና ሂድ።”
1f12cf1a-ebbe-52ee-af18-e06e99831486,be95bbde-646f-5222-ae00-d34a6dc76dd4,e40f3222-5359-564f-aa33-9bbf86d8f212,6,6,ሩፋኤልም ያንጊዜ ሁለቱን ሁሉ ጠራቸው፤ ገለል አድርጎም እንዲህ አላቸው፥ “እግዚአብሔርን አመስግኑት፤ ለእርሱም ተገዙ፤ ለስሙም ምስጋና አቅርቡ፤ ስላደረገላችሁም በጎ ነገር ሁሉ በሰው ሁሉ ፊት እመኑበት፤ እግዚአብሔርን አመስግኑት፤ ስሙንም አመስግኑ፤ የእግዚአብሔርንም ሥራ በክብር ተናገሩ፤ ተአምራቱንም ግለጡ፤ እርሱንም ከማመስገን ቸል አትበሉ።
ea989661-76b2-5539-a330-1728c9c89259,be95bbde-646f-5222-ae00-d34a6dc76dd4,e40f3222-5359-564f-aa33-9bbf86d8f212,7,7,የመንግሥትን ምሥጢር ሊሰውሩት፥ የእግዚአብሔርን ሥራ ግን በክብር ሊገልጡት ይገባልና፤ መከራም እንዳታገኛችሁ በጎ ሥራን ሥሯት።
3e94ffb7-7276-5589-a683-87acdea0f435,be95bbde-646f-5222-ae00-d34a6dc76dd4,e40f3222-5359-564f-aa33-9bbf86d8f212,8,8,ጸሎት ከጾም፥ ከምጽዋትና ከጽድቅ ጋር መልካም ነው። ከብዙ የዓመፅ ገንዘብ ጥቂት የእውነት ገንዘብ ይሻላል፤ ወርቅንም ከማድለብ ምጽዋት መስጠት ይሻላል።
1c3489fc-a7c4-5824-a6b6-73f648ed2cc1,be95bbde-646f-5222-ae00-d34a6dc76dd4,e40f3222-5359-564f-aa33-9bbf86d8f212,9,9,ምጽዋት ከሞት ታድናለች፤ ከኀጢአትም ሁሉ ታነጻለችና፥ ጽድቅንና ምጽዋትን የሚያደርጉም ሁሉ ለራሳቸው ሕይወትን ይሞላሉ።
9d50cd6d-8ba7-51b1-a141-f16201820f25,be95bbde-646f-5222-ae00-d34a6dc76dd4,e40f3222-5359-564f-aa33-9bbf86d8f212,10,10,የሚበድሉ ግን ሕይወታቸውን ይጠሏታል።
239dd3ce-5f3d-5098-a399-5912775ba439,be95bbde-646f-5222-ae00-d34a6dc76dd4,e40f3222-5359-564f-aa33-9bbf86d8f212,11,11,“እነሆ፥ ነገሩን ሁሉ ከእናንተ አልሰውርም፤ የመንግሥትን ምሥጢር ሊሰውሩት የእግዚአብሔርን ሥራ ግን በክብር ሊገልጡት መልካም እንደ ሆነ እነግራችኋለሁ።
54bd9efb-d164-54cf-a8f6-5bbea4e64a66,be95bbde-646f-5222-ae00-d34a6dc76dd4,e40f3222-5359-564f-aa33-9bbf86d8f212,12,12,እነሆ፥ አንተና ምራትህ ሣራ በጸለያችሁ ጊዜ የልመናችሁን መታሰቢያ እኔ በቅዱሱ ፊት አቀረብሁ፤ አንተም ሬሳ በቀበርህ ጊዜ ያንጊዜ እኔ ካንተ ጋራ ነበርሁ።
0525b533-7403-5ce0-a215-aa32deef469d,be95bbde-646f-5222-ae00-d34a6dc76dd4,e40f3222-5359-564f-aa33-9bbf86d8f212,13,13,ቸል ባላልህ ጊዜ፥ ምሳህንም ትተህ በተነሣህ ጊዜ፥ ሬሳንም ትቀብር ዘንድ በሄድህ ጊዜ፥ በጎ ሥራን መሥራትንም ባልዘነጋህ ጊዜ እኔ ከአንተ ጋር ነበርሁ።
2464fd0c-a767-592e-a6b9-3ce9f1893ef9,be95bbde-646f-5222-ae00-d34a6dc76dd4,e40f3222-5359-564f-aa33-9bbf86d8f212,14,14,አሁንም፦ ጌታ እግዚአብሔር አንተን አድንህ ዘንድ፥ ምራትህ ሣራንም ከኀዘኗ አረጋጋት ዘንድ ላከኝ።
e0779e74-4fbd-5322-a006-05f331e0d7ee,be95bbde-646f-5222-ae00-d34a6dc76dd4,e40f3222-5359-564f-aa33-9bbf86d8f212,15,15,የቅዱሳንን ጸሎት ከሚያሳርጉ፥ በገናናውና በቅዱሱ ጌትነት ፊት ከሚያቀርቡ ሰባቱ ቅዱሳን መላእክት አንዱ መልአክ እኔ ሩፋኤል ነኝ” አላቸው።
269476c4-1713-5ed7-a490-8e1239612dbb,be95bbde-646f-5222-ae00-d34a6dc76dd4,e40f3222-5359-564f-aa33-9bbf86d8f212,16,16,ይህንም ሰምተው ሁለቱ ደነገጡ፤ ፈርተዋልምና በግምባራቸው ወደቁ።
174dce9d-7954-53c7-aab5-45dacd811849,be95bbde-646f-5222-ae00-d34a6dc76dd4,e40f3222-5359-564f-aa33-9bbf86d8f212,17,17,መልአኩም እንዲህ አላቸው፥ “አትፍሩ፤ ነገር ግን አምላካችሁ እግዚአብሔርን ፍሩት፥ እግዚአብሔርንም ፈጽማችሁ አመስግኑት፤
35d838c6-4003-5afa-aad1-81647f94c6f2,be95bbde-646f-5222-ae00-d34a6dc76dd4,e40f3222-5359-564f-aa33-9bbf86d8f212,18,18,ምስጋና ለእኔ አይገባኝምና፥ ነገር ግን የአምላካችሁ ፈቃድ አመጣኝ፤ ስለዚህም በዘመናት ሁሉ ለዘለዓለሙ እግዚአብሔርን አመስግኑት።
42768d5f-3100-5bf7-a448-7e4e1d5b4826,be95bbde-646f-5222-ae00-d34a6dc76dd4,e40f3222-5359-564f-aa33-9bbf86d8f212,19,19,እኔም ተገለጥሁላችሁ፤ ነገር ግን እይታን አያችሁ እንጂ ከእናንተ ጋር አልበላሁም፤ አልጠጣሁምም።
5b97be01-6b64-5490-a837-5f4d74acd6ad,be95bbde-646f-5222-ae00-d34a6dc76dd4,e40f3222-5359-564f-aa33-9bbf86d8f212,20,20,አሁንም በእግዚአብሔር እመኑ፥ ወደ ላከኝም ወደ ላይ እወጣለሁና ይህን ሁሉ በመጽሐፍ ጻፉት” አለ።
ddc6d549-5781-5592-aa97-35ca9a768a00,be95bbde-646f-5222-ae00-d34a6dc76dd4,e40f3222-5359-564f-aa33-9bbf86d8f212,21,21,ያን ጊዜም ተነሥቶ ሄደ፤ ከዚያ በኋላም አላዩትም።
9494ae8e-cf69-53c4-aa64-5837986db55f,be95bbde-646f-5222-ae00-d34a6dc76dd4,e40f3222-5359-564f-aa33-9bbf86d8f212,22,22,የእግዚአብሔርም መልአክ ስለ ተገለጸላቸው፥ ገናናና ድንቅ በሚሆን በእግዚአብሔር ሥራ ሁሉ አመኑ።
4803106c-9918-5b9b-a4a4-946567262ca1,d0271450-15f0-5f1f-a561-391601119e27,75ebc153-3418-509b-a6e5-3a617643fa05,1,1,ጦቢትም የደስታ መጽሐፍን ጻፈ፤ እንዲህም አለ፥ “ለዘለዓለሙ ሕያው የሚሆን፥ መንግሥቱም ለዘለዓለሙ የሆነ እግዚአብሔር ይመስገን።
2a2ebeea-93a6-5eca-a921-49b6c2f1bc69,d0271450-15f0-5f1f-a561-391601119e27,75ebc153-3418-509b-a6e5-3a617643fa05,2,2,እርሱ ይገርፋል፤ ይቅርም ይላል፤ እርሱ ወደ ሲኦል ያወርዳል፤ ያወጣልም፤ ከእጁም የሚያመልጥ የለም።
bc881e2b-74ab-5e40-a2ac-807d42378a1e,d0271450-15f0-5f1f-a561-391601119e27,75ebc153-3418-509b-a6e5-3a617643fa05,3,3,እናንተ የእስራኤል ልጆች ሁሉ፥ እርሱ በመካከላቸው በበተነን በአሕዛብ ሁሉ ፊት ተገዙለት።
4bcff75a-5a2f-52d1-a470-db00f0e2b37a,d0271450-15f0-5f1f-a561-391601119e27,75ebc153-3418-509b-a6e5-3a617643fa05,4,4,በዚያም ገናናነቱን ገለጠላችሁ፤ በሰው ሁሉ ፊትም አክብሩት፤ እርሱ ጌታችን ነውና፥ እርሱ እግዚአብሔር ለዘለዐለም አባታችን ነውና።
efa5cbc9-f43e-5346-a29d-12184a566f94,d0271450-15f0-5f1f-a561-391601119e27,75ebc153-3418-509b-a6e5-3a617643fa05,5,5,በኀጢአታችን ይገርፈናል፤ ዳግመኛም ይቅር ይለናል፤ በመካከላቸው ከበተነን ከአሕዛብም ሁሉ ይሰበስበናል።
919b5ee0-2624-58b3-a785-f382a921089b,d0271450-15f0-5f1f-a561-391601119e27,75ebc153-3418-509b-a6e5-3a617643fa05,6,6,“በፊቱ እውነትን ትሠሩ ዘንድ በፍጹም ልባችሁ፥ በፍጹም ነፍሳችሁም ወደ እርሱ ከተመለሳችሁ ያን ጊዜ እርሱ ወደ እናንተ ይመለሳል። ፊቱንም ከእናንተ አይሰውርም። ከእናንተ ጋር ያደረገውን ታያላችሁ። በፍጹም ልባችሁ፥ በፍጹም ነፍሳችሁም እመኑበት፤ ጻድቅ እግዚአብሔርን አመስግኑት፤ የዘለዓለምን ንጉሥ በተማረካችሁበት ሀገር ከፍ ከፍ አድርጉት፤ እኔም በተማረክሁበት ሀገር አምንበታለሁ፤ ኀጢአተኞች ለሆኑ ለአሕዛብም ኀይሉንና ገናናነቱን እናገራለሁ። እናንተ ኀጢአተኞች፥ ተመልሳችሁ በፊቱ እውነትን ሥሯት፤ ወድዶም ቸርነቱን ለእናንተ ያደርግላችሁ እንደ ሆነ ማን ያውቃል?
4dcbd49f-3645-5e2d-acf4-8f67072c2711,d0271450-15f0-5f1f-a561-391601119e27,75ebc153-3418-509b-a6e5-3a617643fa05,7,7,ፈጣሪዬን ከፍ ከፍ አደርገዋለሁ። ሰውነቴም የሰማይን ንጉሥ እግዚአብሔርን ታመሰግነዋለች።
b2212224-b23b-56cf-a420-1d0a3c88a6c2,d0271450-15f0-5f1f-a561-391601119e27,75ebc153-3418-509b-a6e5-3a617643fa05,8,8,ገናናነቱንም በሁሉ ዘንድ እናገራለሁ።
e304348b-99b0-5c53-a722-fc2085327972,d0271450-15f0-5f1f-a561-391601119e27,75ebc153-3418-509b-a6e5-3a617643fa05,9,9,“ቅድስት ከተማ ኢየሩሳሌም ሆይ፥ በልጆችሽ ኀጢአት በመከራ አይቀሥፍሽምን? ዳግመኛም ደጋግ ለሆኑ ልጆችሽ ይራራላቸዋል።
56ccc5ee-ee17-55b5-ab21-2a6178439add,d0271450-15f0-5f1f-a561-391601119e27,75ebc153-3418-509b-a6e5-3a617643fa05,10,10,በበጎ ሥራ ለእግዚአብሔር ተገዢ፤ ባንቺም ዘንድ ድንኳኑ በደስታ እንድትሠራ የዘለዓለሙን ንጉሥ አመስግኚ፤ በዚያም ያሉ የተማረኩ ሰዎች ደስ ይላቸዋል። በዘለዓለማዊ ትውልድም ሁሉ የተጠሉ በአንቺ ምክንያት ይወደዳሉ።
cbbcbae6-2aed-5f68-a00e-897c1e33ac87,d0271450-15f0-5f1f-a561-391601119e27,75ebc153-3418-509b-a6e5-3a617643fa05,11,11,“ብዙ አሕዛብ ከሩቅ ወደ ፈጣሪ እግዚአብሔር ስም ይመጣሉ፤ ለሰማይ ንጉሥም እጅ መንሻን ያመጣሉ፥ ትውልድም ሁሉ ያመሰግኑሃል፤ ለስምህም ምስጋናን ያቀርባሉ።
c6c90b1e-3196-5a44-a8c8-10c98ee6c85c,d0271450-15f0-5f1f-a561-391601119e27,75ebc153-3418-509b-a6e5-3a617643fa05,12,12,የሚጠሉህ ሁሉ የተረገሙ ናቸው፤ የሚወድዱህ ሁሉ ግን ለዘለዓለሙ የተባረኩ ናቸው።
d3498fe4-8073-5edf-a6d4-9e0eeba63174,d0271450-15f0-5f1f-a561-391601119e27,75ebc153-3418-509b-a6e5-3a617643fa05,13,13,በጻድቃን ልጆች ደስ ይልሃል፤ አቤቱ፥ በአንድነት ተሰብስበው የጻድቃንን ጌታ አንተን ያመሰግናሉና፥ የሚወድዱህ ብፁዓን ናቸውና፤ በሰላምህም ደስ ይላቸዋል።
1131e2d7-fb9c-54e5-a916-0860839d8ab9,d0271450-15f0-5f1f-a561-391601119e27,75ebc153-3418-509b-a6e5-3a617643fa05,14,14,ስለ መከራህ የሚያዝኑ ሁሉ ብፁዓን ናቸው፤ ክብርህን ሁሉ አይተው በአንተ ደስ ይላቸዋልና፤ ለዘለዓለሙም ደስ ይላቸዋል።
c9b87fd6-1ad0-5edf-af5d-80b76cd559fc,d0271450-15f0-5f1f-a561-391601119e27,75ebc153-3418-509b-a6e5-3a617643fa05,15,15,“ሰውነቴ ገናና ንጉሥ እግዚአብሔርን ታመሰግነዋለች።
c15ddcca-eb63-52ed-a012-9b94921cded5,d0271450-15f0-5f1f-a561-391601119e27,75ebc153-3418-509b-a6e5-3a617643fa05,16,16,ኢየሩሳሌም ሰንፔር በሚባል ዕንቍ ትሠራለችና፥ ግድግዳዋ በመረግድና በከበረ ዕንቍ፥ አዳራሽዋና በሮችዋ በጠራ ወርቅ ይሠራሉና።
92eb671e-78ba-5cbc-a75c-3a9d752f8ea3,d0271450-15f0-5f1f-a561-391601119e27,75ebc153-3418-509b-a6e5-3a617643fa05,17,17,የኢየሩሳሌም አደባባይም በቢሬሌ፥ በአትራኮስ ዕንቍና በሶፎር ዕንቍ ይሠራልና።
7ab7c50c-f4f1-50cf-a55f-1ff7920a027c,d0271450-15f0-5f1f-a561-391601119e27,75ebc153-3418-509b-a6e5-3a617643fa05,18,18,በጎዳናዋ ሁሉ ሃሌ ሉያ ይላሉ፤ እያመሰገኑም እንዲህ ይላሉ፥ “እግዚአብሔር ለዘለዓለም እስከ ዘለዓለም ይመስገን።”
ebaddf5f-1e37-53c4-a7f2-e6e9f680fccf,bec1453f-a5be-5fcb-aeb1-909a10342a6c,18e8851f-02ba-5a63-aa0f-8d5df09f65a1,1,1,ከዚህ በኋላ ጦቢት ከመጸለይ ዝም አለ፤
b1585664-5ab5-5221-aff7-45b1145ac559,bec1453f-a5be-5fcb-aeb1-909a10342a6c,18e8851f-02ba-5a63-aa0f-8d5df09f65a1,2,2,ዐይኑም በጠፋ ጊዜ አምሳ ስምንት ዓመት ሆኖት ነበር። ከስምንት ዓመት በኋላም አየ፤ ምጽዋትም መጸወተ፤ ጌታ እግዚአብሔርን መፍራትንም ጨመረ፤ በእርሱም አመነ።
d79fa1ba-d6ea-5462-a3fd-96cfa9b01fb6,bec1453f-a5be-5fcb-aeb1-909a10342a6c,18e8851f-02ba-5a63-aa0f-8d5df09f65a1,3,3,ፈጽሞ አረጀ፤ ልጁንና የልጁንም ልጆች ጠራቸው፤ እንዲህም አላቸው፥ “አርጅቻለሁና፥ ለሞትም ደርሻለሁና ልጆችህን አምጣቸው።”
e02b2267-73ef-5689-ac37-44c41b10b406,bec1453f-a5be-5fcb-aeb1-909a10342a6c,18e8851f-02ba-5a63-aa0f-8d5df09f65a1,4,4,ልጄ፥ ወደ ሜዶን ሂድ፤ ትጠፋ ዘንድ እንዳላት ነቢዩ ዮናስ በነነዌ የተናገረውን ነገር ሁሉ አውቃለሁና፤ በሜዶን ግን እስከ ዘመኑ ድረስ ሰላም ይሆናል። ወንድሞቻችንም ከተባረከች ምድር ሁሉ ወደየሀገሩ ይበተኑ ዘንድ አላቸው፤ ኢየሩሳሌምም ምድረ በዳ ትሆናለች፤ በእርስዋም ያለ የእግዚአብሔር ቤት ይቃጠላል፤ እስከ ዘመኑም ድረስ ምድረ በዳ ይሆናል።
31876f04-76dc-5a16-a574-ae527160e57a,bec1453f-a5be-5fcb-aeb1-909a10342a6c,18e8851f-02ba-5a63-aa0f-8d5df09f65a1,5,5,ዳግመኛም እግዝአብሔር ይቅር ብሎ ወደ ሀገራቸው ይመልሳቸዋል፤ ማደሪያው ቤተ መቅደስንም ይሠራሉ፤ የዘመኑ ቍጥር እስከሚፈጸም ነው እንጂ እንደ ቀድሞው አይደለም፤ ከዚህም በኋላ ከተማረኩበት ይመለሳሉ፤ ኢየሩሳሌምንም በክብር ይሠሯታል፤ በእርሷም የእግዚአብሔርን ቤት እስከ ልጅ ልጅ ዘመን ድረስ በዕብነ በረድ ይሠራሉ።
4fc9ee76-c355-5d42-a8e4-ac149b149b84,bec1453f-a5be-5fcb-aeb1-909a10342a6c,18e8851f-02ba-5a63-aa0f-8d5df09f65a1,6,6,አሕዛብም ሁሉ በእውነት ወደ እርሱ ይመለሳሉ፤ እግዚአብሔርንም ይፈሩታል፤ ጣዖቶቻቸውንም ይጥላሉ።
fec2a450-5b47-541d-a498-64871a043d18,bec1453f-a5be-5fcb-aeb1-909a10342a6c,18e8851f-02ba-5a63-aa0f-8d5df09f65a1,7,7,አሕዛብ ሁሉ እግዚአብሔርን ያመሰግኑታል። ሕዝቡም በእርሱ ያምናሉ፤ እግዚአብሔርም ወገኖቹን ከፍ ከፍ ያደርጋቸዋል። በእውነትና በቅንነት እግዚአብሔርን የሚፈሩ ሰዎች ሁሉ ደስ ይላቸዋል፤ ለወንድሞቻቸውም ቸርነትን ያደርጋሉ።
5fe1c457-ab2c-5992-ae98-f152ad11c3f5,bec1453f-a5be-5fcb-aeb1-909a10342a6c,18e8851f-02ba-5a63-aa0f-8d5df09f65a1,8,8,“ልጄ ሆይ! አሁንም ከነነዌ ውጣ፤ ነቢዩ ዮናስ የተናገረው ነገር በግድ ይደረጋልና።
cfd8e315-c051-53d2-a2af-a4ef18e64a4e,bec1453f-a5be-5fcb-aeb1-909a10342a6c,18e8851f-02ba-5a63-aa0f-8d5df09f65a1,9,9,አንተ ግን ትእዛዙንና ሕጉን ጠብቅ፤ ይቅር ባይም ሁን፤ በጎ ይደረግልህ ዘንድ እውነትን ውደድ።
03d87b5b-fe64-529c-acd2-87177bc42df0,bec1453f-a5be-5fcb-aeb1-909a10342a6c,18e8851f-02ba-5a63-aa0f-8d5df09f65a1,10,10,አክብረህ ቅበረኝ፤ እናትህንም ከእኔ ጋር ቅበራት። ልጄ፥ በነነዌ አትቈይ። ሐማ በዘመድህ በአኪአክሮስ ያደረገውን፥ ከብርሃን ወደ ጨለማ እንዳገባው፥ ፍዳውንም እንደ ተቀበለ፥ አኪአክሮስም እንደ ዳነ እይ። እርሱ ግን ፍዳውን ተቀበለ፤ እርሱ ወደ ጨለማ ወረደ። ምናሴ ምጽዋትን አደረገ፤ እውነትንም አደረገ፤ ከመከሩበት ከሞት መቅሠፍትም ዳነ። ሐማ ግን በዚያች ወጥመድ ወደቀና ሞተ።
594fc88c-595c-550f-a7ec-4838335ecfbf,bec1453f-a5be-5fcb-aeb1-909a10342a6c,4af23235-c952-5124-a47c-3a0376eff3e1,1,11,“አሁንም ልጄ፥ ምጽዋት የምታደርገውን እይ፤ ከሞት ታድናለች፤ ታጸድቃለችም።” ጦቢትም ይህን ተናግሮ ሞተ፤ ባልጋው ላይ ሳለም ነፍሱ ከሥጋው ተለየች። መቶ አምሳ ስምንት ዐመትም ሆኖት ነበር። በክብርም ቀበሩት፤
6fa55a79-3a6f-5afa-a4f9-6c60c6c60b7b,bec1453f-a5be-5fcb-aeb1-909a10342a6c,4af23235-c952-5124-a47c-3a0376eff3e1,2,12,እናቱ ሐናም በሞተች ጊዜ ካባቱ ጋራ ቀበራት። ጦብያም ከሚስቱና ከልጆቹ ጋር አማቱ ራጉኤል ወዳለበት ወደ ባጥና ሄደ።
0d28c110-42e2-57b9-af10-4f4b7a25babf,bec1453f-a5be-5fcb-aeb1-909a10342a6c,4af23235-c952-5124-a47c-3a0376eff3e1,3,13,ራጉኤልና ሚስቱ አድናም አርጅተው ሞቱ። አማቶቹንም አክብሮ ቀበራቸው። ገንዘባቸውንም ሁሉ ወረሰ። የአባቱን የጦቢትን ገንዘብም ወረሰ።
5ac19d1e-609c-59bc-a5f6-9faa3d260f42,bec1453f-a5be-5fcb-aeb1-909a10342a6c,4af23235-c952-5124-a47c-3a0376eff3e1,4,14,ጦብያም በመቶ ሃያ ሰባት ዓመቱ ሞተ፤ የሜዶን ክፍል በምትሆን በባጥናም ተቀበረ።
5034aee5-4031-559f-a6ff-34769db941c9,bec1453f-a5be-5fcb-aeb1-909a10342a6c,4af23235-c952-5124-a47c-3a0376eff3e1,5,15,አባቱም እንደ ነገረው ሳይሞት የነነዌን ጥፋት ሰማ። ናቡከደነፆርና አሕሻዊሮስም የነነዌን ጥፋት ሰምተው ደስ አላቸው።
39a4ad23-0452-504d-a53e-bb6d35f663c4,660ce9d0-e87e-5d03-aff4-ddbf740aff04,5de546db-f294-5cf7-afba-667412ff1207,1,1,በታላቅዋ ከተማ በነነዌ ለአሦር በነገሠ በናቡከደነፆር በዐሥራ ሁለተኛው ዓመት፥ ሜዶንንና ባጥናን ይገዛ የነበረው ንጉሥ አርፋክስድ፥
1b4abd97-2d5b-56d5-a875-b78dae05b42c,660ce9d0-e87e-5d03-aff4-ddbf740aff04,5de546db-f294-5cf7-afba-667412ff1207,2,2,የባጥናን ዙሪያ በለዘበ ድንጋይ ሠራ፤ በከተማዋ ወርድ በኩል የመሠረትዋ ስፋት ሠላሳ ክንድ ነው፤ በከተማዋ ፊት ለፊት ያለው ስፋት ስድሳ ክንድ ርዝመት ነው። የግንቡን ቁመት ሰባ ክንድ አድርጎ ሠራ፤ ማዕዘኑም አምሳ ክንድ ነው።
8a70f1eb-bacc-5dc3-addf-38d39f23d24d,660ce9d0-e87e-5d03-aff4-ddbf740aff04,5de546db-f294-5cf7-afba-667412ff1207,3,3,በየበሩ መቶ መቶ ክንድ እያለፈ የጕበኛ ቤቱን አቆመ፤ መሠረቱም ከማዕዘን እስከ ማዕዘን ድረስ ስድሳ ክንድ ነው።
e4977da8-db5a-5d84-aaa5-7ad666f78840,660ce9d0-e87e-5d03-aff4-ddbf740aff04,5de546db-f294-5cf7-afba-667412ff1207,4,4,ጽኑዓኑ፥ ኀያላኑና የጥበቃ ሠራዊቱ የሚገቡባቸው የሚከፈቱ የበሮችዋን ደጃፍ ቁመታቸውን ሰባ ክንድ፥ ስፋታቸውን አርባ ክንድ አድርጎ ሠራ።
688a7dc5-9e98-5ea4-a858-f0dc1fcb192f,660ce9d0-e87e-5d03-aff4-ddbf740aff04,5de546db-f294-5cf7-afba-667412ff1207,5,5,በዚያም ወራት ናቡከደነፆር ንጉሡ አርፋስክድን በሰፊ ሜዳ ተዋጋው፤ ያም ሜዳ በራግው አውራጃ ያለ ነው።
4db003cc-e3cd-5e17-a380-0c82acdc6632,660ce9d0-e87e-5d03-aff4-ddbf740aff04,5de546db-f294-5cf7-afba-667412ff1207,6,6,በአምባ የሚኖሩ ሰዎችም ሁሉ ወጥተው ተቀበሉት፤ በኤፍራጥስና በጤግሮስ፥ በሒደስጶንም፥ በኤሊሜዎን ንጉሥ በአርዮክ ግዛት አውራጃ ያሉ ሁሉ የካሉድን ልጆች ይዋጓቸው ዘንድ እጅግ ብዙ የሆኑ አሕዛብም ተሰበሰቡ።
1b33e009-ab7b-51cc-a2d8-5f246aaef08b,660ce9d0-e87e-5d03-aff4-ddbf740aff04,5de546db-f294-5cf7-afba-667412ff1207,7,7,የፋርስ ንጉሥ ናቡከደነፆርም በፋርስ አውራጃ ለሚኖሩ ሁሉ፥ በቂልቅያ፥ በደማስቆና በሊባኖስ ምዕራብ ወደሚኖሩ ሁሉ በወንዝ ዳርም ወደሚኖሩ ሰዎች ሁሉ ላከ።
69374db4-6ed5-5302-a6c1-2e1aa40aec6d,660ce9d0-e87e-5d03-aff4-ddbf740aff04,5de546db-f294-5cf7-afba-667412ff1207,8,8,በቀርሜሎስና በገለዓድ፥ በገሊላና ሰፊ በሆነ በአስዴራን ምድረ በዳ ለሚኖሩ አሕዛብ።
4ec8207f-2c2a-57a2-a8a7-8bf9743488e7,660ce9d0-e87e-5d03-aff4-ddbf740aff04,5de546db-f294-5cf7-afba-667412ff1207,9,9,በሰማርያና በአውራጃዋ ለሚኖሩ ሰዎች ሁሉ፥ በዮርዳኖስ ማዶ እስከ ኢየሩሳሌምና እስከ ቢላጢኒ፥ እስከ ኪሎስና እስከ ቃዴስ እስከ ግብፅ ወንዝ፥ ጣፍናስና ራሚስ እስከ ጌሴም ምድር ሁሉ።
780734af-9521-52e4-a87e-0dde55da697e,660ce9d0-e87e-5d03-aff4-ddbf740aff04,5de546db-f294-5cf7-afba-667412ff1207,10,10,በጣኔዎስና በሜኒፌዎስ በላይ እስኪደርስ በግብፅ ለሚኖሩ ሁሉ እስከ ኢትዮጵያ ድንበር ድረስ ሁሉ ላከ።
690c5ddf-98ee-51c1-a700-9852231a993d,660ce9d0-e87e-5d03-aff4-ddbf740aff04,5de546db-f294-5cf7-afba-667412ff1207,11,11,በምድር የሚኖሩ ሁሉ የፋርስ ንጉሥ የናቡከደነፆርን ትእዛዝ እንቢ አሉ፤ ከእርሱም ጋር ወደ ጦር አልሄዱም። አልፈሩትምና በፊታቸው እንደ አንድ ሰው ሆኗልና። መልእክተኞቹም ባዶአቸውን በውርደት ከፊታቸው ተመለሱ።
a239ae99-e3b6-5b97-a9b1-9c87d4d2ecfd,660ce9d0-e87e-5d03-aff4-ddbf740aff04,5de546db-f294-5cf7-afba-667412ff1207,12,12,ናቡከደነፆርም በዚያች ምድር ላይ ፈጽሞ ተቈጣ፤ የቂልቅያንና የደማስቂኒስን፥ የሶርያንም አውራጃ ሁሉ ይበቀልና በሞዓብ ምድር የሚኖሩትን ሁሉ፥ የአሞንንም ልጆች ይሁዳንም ሁሉ በግብፅ የሚኖሩትንም ከሁለቱ ባሕሮች ድረስ ተበቅሎ በሰይፍ ያጠፋቸው ዘንድ በዙፋኑና በመንግሥቱ ማለ።
f6eda3ee-a9cb-55d8-a405-7aac437eaec7,660ce9d0-e87e-5d03-aff4-ddbf740aff04,fc326a67-4c86-5447-a675-3545cb35e2be,1,13,ከሠራዊቱ ሁሉ ጋር ንጉሡ አርፋክስድን በነገሠ በዐሥራ ሰባተኛው ዓመት ተዋጋው፤ ድል ነሥቶም የአርፋክስድን ሠራዊቱን ሁሉ፥ ፈረሶቹንና ሰረገላዎቹን ሁሉ ወሰደ።
b8cde974-7cc1-5eb2-aa65-e2cd4f516c9d,660ce9d0-e87e-5d03-aff4-ddbf740aff04,fc326a67-4c86-5447-a675-3545cb35e2be,2,14,ሀገሮቹንም ሁሉ ያዘ፤ እስከ ባጥናም ድረስ ሄዶ አምባቸውን ያዘ፤ ሀገሩንም ሁሉ በረበረ፤ አጠፋትም።
a12d6641-583c-5274-a8fb-04ed58eacbca,660ce9d0-e87e-5d03-aff4-ddbf740aff04,fc326a67-4c86-5447-a675-3545cb35e2be,3,15,አርፋክስድንም በራግው አውራጃ ይዞ በጦር ወጋው፤ ፈጽሞም አጠፋው።
e9cbd809-33ea-5c88-a88a-2ec00ad1c094,660ce9d0-e87e-5d03-aff4-ddbf740aff04,fc326a67-4c86-5447-a675-3545cb35e2be,4,16,እርሱም ተመለሰ፤ ከእርሱ ጋር ያሉ እጅግ አርበኞች የሆኑ ብዙ ሰዎችም ሁሉ ተመለሱ፤ በዚያም ሲያስብና ሲመክር መቶ ሃያ ቀን ተቀመጠ።
51f35714-e808-5fe5-a526-6e63402e2f1b,27ceeaaa-ad58-51ce-af88-1404422c10bd,800008f3-f07a-508a-a296-ecc8128d2939,1,1,በዐሥራ ስምንተኛው ዓመት በጨረቃ አቈጣጠር በመጀመሪያው ወር በሰባተኛው ቀን እንደ ተናገረው ሀገሩን ሁሉ ይበቀል ዘንድ በአሦር ንጉሥ በናቡከደነፆር ቤተ መንግሥት ምክር ተመከረ።
91a6bbd5-2dea-5ba9-a8ac-2a30ebdf7d97,27ceeaaa-ad58-51ce-af88-1404422c10bd,800008f3-f07a-508a-a296-ecc8128d2939,2,2,ሹሞቹንና አለቆቹን ሁሉ ጠርቶ ከእነርሱ ጋር የምክሩን ምሥጢር ተነጋገረ፤ በሀገሩ ሁሉ ክፉ ነገርን ተናገረ።
11ea6256-faf1-566c-a539-0c8f55c2067a,27ceeaaa-ad58-51ce-af88-1404422c10bd,800008f3-f07a-508a-a296-ecc8128d2939,3,3,በአንደበቱ የተናገረውን ትእዛዝ ያልተቀበሉትን ሰዎች ሁሉ ያጠፋቸው ዘንድ ምክር ጨረሱ።
94f05c43-f2d7-56e3-a900-76b22983721b,27ceeaaa-ad58-51ce-af88-1404422c10bd,800008f3-f07a-508a-a296-ecc8128d2939,4,4,ከዚህም በኋላ ምክሩን በጨረሱ ጊዜ የአሦር ንጉሥ ናቡከደነፆር ከእርሱ በታች ያለ ቢትወደዱ ሆሎፎርኒስን ጠርቶ እንዲህ አለው፦
dca6f3ce-6f6e-5711-a0e1-666aa9cd2cfa,27ceeaaa-ad58-51ce-af88-1404422c10bd,800008f3-f07a-508a-a296-ecc8128d2939,5,5,“የአገሩ ሁሉ ጌታ ገናናው ንጉሥ እንዲህ ይላል፦ መቶ ሃያ ሺህ በኀይላቸው የታመኑ እግረኞች ሰዎችን መቶ ሃያ ሺህ ፈረሰኞችንም ከፈረሶቻቸው ጋራ ካንተ ጋራ ይዘህ እነሆ በፊቴ ትወጣለህ።
27433a2b-2cb1-53f4-a649-a914fcd340c7,27ceeaaa-ad58-51ce-af88-1404422c10bd,800008f3-f07a-508a-a296-ecc8128d2939,6,6,በአንደበቴ ለተናገርሁት ነገር መታዘዝን እንቢ ብለዋልና በምዕራብ በኩል ወዳለች ሀገር ትወጣለህ።
1f59fa5a-9a78-5435-a7ad-fea54df1578c,27ceeaaa-ad58-51ce-af88-1404422c10bd,800008f3-f07a-508a-a296-ecc8128d2939,7,7,በእነርሱ ተቈጥቼ እወጣለሁና፥ ምድርንም በሠራዊቴ እግር እሸፍናታለሁና፥ ገንዘባቸውንም እዘርፋቸዋለሁ፥ እበረብራቸዋለሁምና ውኃውንና ሀገሩን ያዘጋጁልኝ ዘንድ ለእነርሱ አዋጅ ትነግራለህ።
cc0b88ec-28cd-5d1e-afa0-eac260425392,27ceeaaa-ad58-51ce-af88-1404422c10bd,800008f3-f07a-508a-a296-ecc8128d2939,8,8,ቍስለኞቻቸውም በሸለቆውና በፈሳሹ ይመላሉ፤ ወንዙም ሬሳቸውን ተመልቶ ይፈስሳል፤
42fe2174-41de-53f1-a69e-bacca59b1954,27ceeaaa-ad58-51ce-af88-1404422c10bd,800008f3-f07a-508a-a296-ecc8128d2939,9,9,ምርኳቸውንም እስከ ምድር ዳርቻ ድረስ እበትነዋለሁ።
9730d64f-33f0-51e8-acac-2529d40da4ef,27ceeaaa-ad58-51ce-af88-1404422c10bd,800008f3-f07a-508a-a296-ecc8128d2939,10,10,አንተ ግን ቀድመህ አውራጃዎቻቸውን ሁሉ ያዝልኝ፤ ራሳቸውን ወዳንተ ቢመልሱ በእነርሱ እስከምፈርድበት ቀን ለእኔ ትጠብቃቸዋለህ።
713c7b95-59ea-5bcd-a09b-a6caed822308,27ceeaaa-ad58-51ce-af88-1404422c10bd,800008f3-f07a-508a-a296-ecc8128d2939,11,11,ዐመፀኞችን ታጠፋቸው ዘንድ፤ በሄድህበትም ሁሉ ትዘርፋቸው ዘንድ ዐይንህ አትራራላቸው።
ab2e7b86-f3e0-53d9-ae1d-6825ebb00bdd,27ceeaaa-ad58-51ce-af88-1404422c10bd,800008f3-f07a-508a-a296-ecc8128d2939,12,12,እኔ ሕያው ነኝና እንደ ተናገርሁም ይኽን በእጄ አደርግ ዘንድ መንግሥቴ ጽኑዕ ነውና።
092faac8-726e-5a14-a9ab-a109e1cbfefc,27ceeaaa-ad58-51ce-af88-1404422c10bd,800008f3-f07a-508a-a296-ecc8128d2939,13,13,እንዳዘዝሁህ አድርግ እንጂ አንተም ከእኔ ከጌታህ ቃል አንዲት ስንኳ የምትተወው አይኑር፤ ይህንም ፈጥነህ አድርግ።”
71473f71-85ea-51aa-aed3-a1ab00417044,27ceeaaa-ad58-51ce-af88-1404422c10bd,98b3c724-a7ca-5bb1-a0e2-b3013aa90fb4,1,14,ሆሎፎርኒስም ከጌታው ፊት ወጥቶ ኀያላኑን፥ አዛዦችንና የአሦር ሠራዊት አለቆችን ሁሉ ጠራቸው።
b65d693b-71be-524c-a444-e138f85426e6,27ceeaaa-ad58-51ce-af88-1404422c10bd,98b3c724-a7ca-5bb1-a0e2-b3013aa90fb4,2,15,ጌታውም እንዳዘዘው መቶ ሃያ ሺህ የተመረጡ እግረኞች አርበኞችንና ዐሥራ ሁለት ሺህ ፈረሰኞች ቀስተኞችን ቈጠረ።
7a219758-5da3-528c-a2c7-9680c817e261,27ceeaaa-ad58-51ce-af88-1404422c10bd,98b3c724-a7ca-5bb1-a0e2-b3013aa90fb4,3,16,ፈጽመው ይዋጉ ዘንድ አዘዛቸው።
3ad049de-2455-5856-a30f-ac88b203b592,27ceeaaa-ad58-51ce-af88-1404422c10bd,98b3c724-a7ca-5bb1-a0e2-b3013aa90fb4,4,17,ስንቃቸውንም የሚጭኑባቸው እጅግ ብዙ የሆኑ ግመሎችንና አህዮችን፥ በቅሎዎችንም፥ ምግብም ሊሆኗቸው ቍጥር የሌላቸው በሬዎችንና በጎችን፥ ፍየሎችንም ወሰደ።
ff4bd0ae-42e8-52ea-a15e-108e97704529,27ceeaaa-ad58-51ce-af88-1404422c10bd,98b3c724-a7ca-5bb1-a0e2-b3013aa90fb4,5,18,ለብዙ ሰዎችና ለሠራዊቱ ሁሉ ከንጉሡ ቤት እጅግ ብዙ የሆነ ብርና ወርቅን ስንቅ አድርጎ ሰጣቸው።
85fcefc5-2050-5f59-a301-b6972e54fb42,27ceeaaa-ad58-51ce-af88-1404422c10bd,98b3c724-a7ca-5bb1-a0e2-b3013aa90fb4,6,19,እርሱም ከሠራዊቱ ሁሉ ጋር ወጣ፤ በፈረሶችና በሠረገላዎች፥ በተመረጡ አርበኞችም በምዕራብ አንጻር ያለ ምድርን ሁሉ ይሸፍን ዘንድ ከንጉሡ አስቀድሞ ዘመተ።
8b010e29-2df8-588f-a1c0-fa2d45421876,27ceeaaa-ad58-51ce-af88-1404422c10bd,98b3c724-a7ca-5bb1-a0e2-b3013aa90fb4,7,20,ከእነርሱም ጋር አንድ የሆኑ፥ ብዛታቸውም እንደ አንበጣና እንደ ባሕር አሸዋ የሆኑ ብዙ ሰዎች ከእነርሱ ጋር ወጡ። ከብዛታቸውም የተነሣ ቍጥር የላቸውም።
0081aec1-094e-5102-a928-49a3d45b6f4e,27ceeaaa-ad58-51ce-af88-1404422c10bd,98b3c724-a7ca-5bb1-a0e2-b3013aa90fb4,8,21,ከነነዌም ወጥተው በበቄጤሊት ሜዳ አንጻር የሦስት ቀን ጎዳና ሄዱ፤ ከላይኛው ቂልቅያ በስተግራ በኩል ባለው ተራራ አጠገብ በበቄጤሊት አንጻር ሰፈሩ።
3c82e471-2362-5a47-af23-f290a03c7c3a,27ceeaaa-ad58-51ce-af88-1404422c10bd,98b3c724-a7ca-5bb1-a0e2-b3013aa90fb4,9,22,ከዚያም ሆሎፎርኒስ ሠራዊቱን ሁሉ፥ ፈረሰኞችንና እግረኞችንም፥ ሠረገላዎችንም ይዞ ወደ ተራራማው ሀገር ሄደ።
eeed12d9-c552-53ff-ad99-cd67597e9b1f,27ceeaaa-ad58-51ce-af88-1404422c10bd,98b3c724-a7ca-5bb1-a0e2-b3013aa90fb4,10,23,ፌድንና ሎድንም ወጋቸው፤ የሬስስን ልጆችን ሁሉ፥ በኤሌዎን ግራ አንጻር ባለ ሜዳ የሚኖሩ የእስማኤልንም ልጆች ማረካቸው።
5c18f856-e008-5a34-ac69-8c6d5d247c14,27ceeaaa-ad58-51ce-af88-1404422c10bd,98b3c724-a7ca-5bb1-a0e2-b3013aa90fb4,11,24,ኤፍራጥስንም ተሻግሮ ወደ መስጴጦምያ ሄደ፤ ወደ ባሕርም እስኪደርስ ድረስ በአርባኒ ወንዞች ላይ ያሉ ታላላቅ ከተሞችን ሁሉ አፈረሰ።
75286919-6628-5291-a8a9-db37e1e44c9a,27ceeaaa-ad58-51ce-af88-1404422c10bd,98b3c724-a7ca-5bb1-a0e2-b3013aa90fb4,12,25,የቂልቅያንም አውራጃ ያዘ፤ ጠላቱንም ሁሉ አጠፋ፤ በምዕራብም አንጻር በዐዜብ በኩል እስከ ያፌት አውራጃ ድረስ ሄደ።
feed3fdb-0969-5fa6-a864-22a1e1f7234b,27ceeaaa-ad58-51ce-af88-1404422c10bd,98b3c724-a7ca-5bb1-a0e2-b3013aa90fb4,13,26,የምድያምንም ልጆች ሁሉ ከበባቸው፤ ከብታቸውንም ዘረፈ፤ ቤታቸውንም አቃጠለ።
ac1822f0-aa7a-50bb-a74f-435d293b6454,27ceeaaa-ad58-51ce-af88-1404422c10bd,98b3c724-a7ca-5bb1-a0e2-b3013aa90fb4,14,27,በስንዴ አዝመራ ጊዜም በደማስቆ ወዳለ ሜዳ ወርዶ አዝመራቸውን ሁሉ አቃጠለ፤ የላሞቻቸውንና የበጎቻቸውንም መንጋዎች ይዘርፏቸው ዘንድ አዘዘ፤ አምባቸውንም አፈረሰ፤ ልጆቻቸውንም ማረከ፥ ጎልማሶቻቸውንም ሁሉ በጦር ገደለ።
f46c58e5-ce61-525d-a759-329f5e5016cb,27ceeaaa-ad58-51ce-af88-1404422c10bd,98b3c724-a7ca-5bb1-a0e2-b3013aa90fb4,15,28,ከእነርሱም የተነሣ መፍራትና ድንጋጤ በባሕሩ ዳርቻ በጢሮስና በሲዶና በሚኖሩ፥ በአቂናና በሴይርም፥ በያምኒያም በሚኖሩ ሰዎች ላይ ወደቀ። በአስቀሎናና በአዛጦንም የሚኖሩ ሰዎች ከርሱ መምጣት የተነሣ ፈጽመው ፈሩ።
efb76f3b-84e6-594f-ac6a-9017b47df15b,8b69b50e-ab8b-557d-a34b-c206654d995a,8522afe9-d9c6-5b8c-ac44-faa665298f22,1,1,እንዲህም ብለው የሰላም መልእክተኞችን ወደ እርሱ ላኩ።
d132d98c-6eb1-5c55-aefe-6918adf2b467,8b69b50e-ab8b-557d-a34b-c206654d995a,8522afe9-d9c6-5b8c-ac44-faa665298f22,2,2,“እነሆ፥ እኛ የገናናው ንጉሥ የናቡከደነፆር ባሮች በፊትህ እንኖራለን። በፊትህም እንደ ወደድህ አድርገን።
abff1b2e-79b5-59b8-aaac-15d467cfa4d9,8b69b50e-ab8b-557d-a34b-c206654d995a,8522afe9-d9c6-5b8c-ac44-faa665298f22,3,3,እነሆ፥ ከተሞቻችንና አንባዎቻችንም ሁሉ፥ እርሻችንም ሁሉ፥ መንጋዎቻችንም፥ የመሰማሪያችን ቦታዎች ሁሉ፥ በጎቻችንም በፊትህ ያንተ ናቸው፤ እንደ ወደድህም አድርግ።
34f899e4-2da0-5a32-a0f0-9f14e94582ed,8b69b50e-ab8b-557d-a34b-c206654d995a,8522afe9-d9c6-5b8c-ac44-faa665298f22,4,4,እነሆ ታላላቆች ከተሞቻችን በእነርሱ የሚኖሩ ሰዎች ባሮችህ ናቸው፤ መጥተህም እንደ ወደድህ አድርግ።”
1b21346f-9a4f-5dc5-a204-632c596b0af2,8b69b50e-ab8b-557d-a34b-c206654d995a,8522afe9-d9c6-5b8c-ac44-faa665298f22,5,5,እነዚያም ሰዎች ወደ ሆሎፎርኒስ ደርሰው ይህን ነገር ነገሩት።
90b005e9-a1fb-5cb2-a45d-d89b8fd69487,8b69b50e-ab8b-557d-a34b-c206654d995a,8522afe9-d9c6-5b8c-ac44-faa665298f22,6,6,እርሱም ወደ መንደራቸው ወረደ፤ ሠራዊቱም ከእርሱ ጋር ወረዱ ከፍ ከፍ ያሉ አንባዎችንም አስጠበቀ፥ ከእነርሱም የሚረዱትን የተመረጡ ሰዎችን ወሰደ።
c8ca9037-067e-514d-ad61-09110dfa3fa1,8b69b50e-ab8b-557d-a34b-c206654d995a,8522afe9-d9c6-5b8c-ac44-faa665298f22,7,7,ወገኖቻቸው ሁሉና እነርሱም አክሊል ደፍተው እየዘፈኑ፥ በገና እየደረደሩና ከበሮ እየመቱ ተቀበሉት።
1e983118-90e2-5cb0-a7a9-f8bfc1684e00,8b69b50e-ab8b-557d-a34b-c206654d995a,8522afe9-d9c6-5b8c-ac44-faa665298f22,8,8,እርሱ ግን አውራጃቸውን ሁሉ አጠፋ፤ ጣዖቶቻቸውንም ሰበረ፤ አሕዛብም ሁሉ ናቡከደነፆርን ብቻ እንዲያመልኩት፥ ቋንቋዎችና ነገዶች ሁሉ አምላክ እንዲሉት እርሱ የሰውን ሁሉ ጣዖት ያጠፋ ዘንድ ታዝዞ ነበር።
4c0d3d2f-9bcb-5535-a86e-89e752527778,8b69b50e-ab8b-557d-a34b-c206654d995a,8522afe9-d9c6-5b8c-ac44-faa665298f22,9,9,በትልቁ በይሁዳ ተራራ አንፃር የገባኢያ ዕጣ ወደሚሆን ወደ ኤስድራሎንም መጣ።
5aae5973-b7f5-5967-a50b-20914e7e87ee,8b69b50e-ab8b-557d-a34b-c206654d995a,8522afe9-d9c6-5b8c-ac44-faa665298f22,10,10,በሴቅቶን ከተማና በጌባን ሜዳ መካከልም ሰፈረ፤ ለሠራዊቱም ስንቅ ያዘጋጅ ዘንድ በዚያ አንድ ወር ተቀመጠ።
5c177d10-d400-51ef-ab3d-347380177ce6,fe9e0676-98bd-546b-a199-b71fa3f05aaa,e3abe04b-0eed-5be7-abf2-d76751be06f7,1,1,በይሁዳ የሚኖሩ የእስራኤል ልጆች የአሦር ንጉሥ የናቡከደነፆር ቢትወደድ ሆሎፎርኒስ በአሕዛብ ያደረገውን ሁሉ፥ አውራጃዎቻቸውን ሁሉ እንዳጠፋ፥ እነርሱንም እንዳጠፋቸው ሰሙ።
fc390ba4-0660-5b7e-a4d8-4779ed610dae,fe9e0676-98bd-546b-a199-b71fa3f05aaa,e3abe04b-0eed-5be7-abf2-d76751be06f7,2,2,ከመቅረቡም የተነሣ ስለ ኢየሩሳሌምና ስለ አምላካቸው ስለ እግዚአብሔር ቤተ መቅደስ ፈጽመው ፈሩ።
65b80eab-36b0-57c7-adb9-3d2df47edaf6,fe9e0676-98bd-546b-a199-b71fa3f05aaa,e3abe04b-0eed-5be7-abf2-d76751be06f7,3,3,ከይሁዳ የተመረጡ ወገኖችም ሁሉ በቅርቡ ከምርኮ ከተመለሱ በኋላ ተሰብስበው ነበርና ምሥዋዑንና ንዋየ ቅድሳቱን፥ ቤተ መቅደሱንም ከረከሰ በኋላ አነጹት።
5d4dc7b9-009e-5e63-ab6c-812715fb3f4b,fe9e0676-98bd-546b-a199-b71fa3f05aaa,e3abe04b-0eed-5be7-abf2-d76751be06f7,4,4,ስለዚህም ወደ ሰማርያ አውራጃዎችና ወደ ቆና፥ ወደ ቤቶሮንና ወደ ቤልሜን፥ ወደ ኢያሪኮና ወደ ኮባ፥ ወደ ኤሦራና ወደ ሳሌም ሸለቆ ሁሉ ላኩ።
c5c5ef31-e0d1-58d2-a327-508b907327ac,fe9e0676-98bd-546b-a199-b71fa3f05aaa,e3abe04b-0eed-5be7-abf2-d76751be06f7,5,5,ከፍ ያሉ የተራራዎቻቸውንም ጫፎች ያዙ። በሚኖሩባቸው መንደሮችም መሸጉ። አዝመራቸውም ቀደም ብሎ ተሰብስቦ ነበርና ለጦርነት ስንቅን አዘጋጁ።
c3f19939-7ba1-5415-a717-3f102e672003,fe9e0676-98bd-546b-a199-b71fa3f05aaa,e3abe04b-0eed-5be7-abf2-d76751be06f7,6,6,በዚያም ወራት በኢየሩሳሌም የሚኖር የካህናቱ አለቃ ኢዮአቄም በዶታይም አጠገብ ባለች ምድረ በዳ፥ በኤስድራሎም አንጻር ባለች በቤጦሜስቴምና በቤጤልዋ ለሚኖሩ ሰዎች ጻፈ።
d36de5ef-b8bb-581a-a16e-5094d72f7fe6,fe9e0676-98bd-546b-a199-b71fa3f05aaa,e3abe04b-0eed-5be7-abf2-d76751be06f7,7,7,በዚያም በይሁዳ ላይ መግቢያ ስለአለና መግቢያውም ለሁለት ሰዎች መተላለፊያ ብቻ ነው እንጂ ጠባብ ስለ ሆነ የሚወጡትን ለመከላከል የአንባዎቹን መግቢያ አጽንታችሁ ጠብቁ ብሎ ጻፈ።
c02c68f1-7527-5cfd-ae37-71afbb53ea99,fe9e0676-98bd-546b-a199-b71fa3f05aaa,f40de6ea-6fd9-56f5-aa37-f8eb178320bf,1,8,የእስራኤልም ልጆች ታላቁ ካህን ኢዮአቄምና በኢየሩሳሌም የሚኖሩ የእስራኤል ወገኖች አለቆች ሁሉ እንዳዘዙአቸው አደረጉ።
25b06b3b-b04c-5a1a-a95f-3f9e6b75654b,fe9e0676-98bd-546b-a199-b71fa3f05aaa,f40de6ea-6fd9-56f5-aa37-f8eb178320bf,2,9,የእስራኤልም ልጆች ከፍ ባለ ቃል ወደ እግዚአብሔር ጮኹ፤ ሰውነታቸውንም በጽኑ ኀዘን አሳዘኑ።
31611157-56d5-55f2-a412-d2ce495ab273,fe9e0676-98bd-546b-a199-b71fa3f05aaa,f40de6ea-6fd9-56f5-aa37-f8eb178320bf,3,10,እነርሱም ሚስቶቻቸውና ልጆቻቸው፥ ከብቶቻቸውም፥ ምንደኛውና ስደተኛው ሁሉ፥ በዋጋም የተገዛው ሁሉ ማቅ ለብሰው አለቀሱ።
7d1076ca-3f67-5bca-a8cd-2b4af67e7bd1,fe9e0676-98bd-546b-a199-b71fa3f05aaa,f40de6ea-6fd9-56f5-aa37-f8eb178320bf,4,11,የእስራኤልም ወገኖች ሁሉ ሚስቶቻቸውና በኢየሩሳሌም የሚኖሩ ልጆቻቸውም በቤተ መቅደስ ደጃፍ ወደቁ፤ በራሳቸውም ትቢያ ነሰነሱ፤ በእግዚአብሔርም ፊት ማቃቸውን አነጠፉ፤ መሠዊያውንም ማቅ አለበሱ።
7e0751d5-14ed-5312-aa34-11627a3b5b51,fe9e0676-98bd-546b-a199-b71fa3f05aaa,f40de6ea-6fd9-56f5-aa37-f8eb178320bf,5,12,ልጆቻቸውን እንዳይነጠቁ፥ ሚስቶቻቸውን እንዳይማረኩ፥ የርስታቸው ከተሞችም እንዳይጠፉ፥ መቅደሳቸውንም እንዳያረክሱ፥ ለአሕዛብም መዘበቻ እንዳያደርጉት ወደ እስራኤል አምላክ በአንድነት ፈጽመው ጮኹ።
81568235-665c-536e-a121-e9eb59a717da,fe9e0676-98bd-546b-a199-b71fa3f05aaa,f40de6ea-6fd9-56f5-aa37-f8eb178320bf,6,13,እግዚአብሔርም መከራቸውን አይቶ ልመናቸውን ሰማ፤ ሕዝቡም በኢየሩሳሌምና በይሁዳ ሁሉን በሚችል በእግዚአብሔር መቅደስ ፊት ብዙ ቀን ጾሙ።
cd910be8-bdc3-5ccf-a5fe-a735d5d40f6e,fe9e0676-98bd-546b-a199-b71fa3f05aaa,f40de6ea-6fd9-56f5-aa37-f8eb178320bf,7,14,በእግዚአብሔር ፊት የሚቆሙ ታላቁ ካህን ኢዮአቄምና ካህናቱ፥ የእግዚአብሔርንም ሥራ የሚሠሩ ሰዎች በወገባቸው ማቅ ታጠቁ፤ የዘወትሩን መሥዋዕት፥ የስእለቱንና ሕዝቡ በፈቃድ የሚያቀርቡትን መሥዋዕት አገቡ።
3f7a2b7a-e30a-54c2-a424-a10472cb3746,fe9e0676-98bd-546b-a199-b71fa3f05aaa,f40de6ea-6fd9-56f5-aa37-f8eb178320bf,8,15,በራሳቸውም ዐመድ ነሰነሱ፤ በፍጹም ኀይላቸውም ወደ እግዚአብሔር ጮኹ፤ “የእስራኤልንም ወገን በምሕረት ተመልከት” አሉ።
9156da41-e7ec-597c-ad24-305711601e2c,91cc4a2b-0750-5480-a598-899abf407832,0212c082-fc1a-55a8-a87d-bb8e2bce26a5,1,1,“የእስራኤል ልጆች ለሰልፍ ተዘጋጁ፤ የኮረብታቸውንም በሮች ዘጉ። የአምባውንም ራሶች አጠሩ፤ መንገዱንም ጐፃጕፅ አደረጉ” ብለው ለአሦር ሠራዊት አለቃ ለሆሎፎርኒስ ነገሩት።
338da077-4d58-545b-ab22-b18bf61f4e4a,91cc4a2b-0750-5480-a598-899abf407832,0212c082-fc1a-55a8-a87d-bb8e2bce26a5,2,2,እርሱም ፈጽሞ ተቈጣ፤ የሞአብን አለቆችና የአሞንን ሹሞች፥ በባሕር ዙሪያ ያሉ ገዢዎችንም ጠራቸው።
fb9fddff-2b20-5c42-ac0a-039e2ece1ca8,91cc4a2b-0750-5480-a598-899abf407832,0212c082-fc1a-55a8-a87d-bb8e2bce26a5,3,3,እንዲህም አላቸው፥ “የከነዓን ልጆች ሆይ! ንገሩኝ፤ በተራሮች የሚኖሩ እነዚህ ወገኖች ምንድን ናቸው? በከተሞች የሚኖሩ፥ ሠራዊታቸውም ብዙ የሆኑ እኒያስ ወገኖች ምንድን ናቸው? ጽናታቸውስ ምን ያህል ነው? በእነርሱስ ላይ የነገሠ ንጉሥ ማን ነው? ወይስ ሹማቸው? ወይስ አለቃቸው ማን ነው?
de5c9dd8-a7b8-53ec-ab82-e71d6ddfaff6,91cc4a2b-0750-5480-a598-899abf407832,0212c082-fc1a-55a8-a87d-bb8e2bce26a5,4,4,በምዕራብ ከሚኖሩ ሰዎች ሁሉ ጋር ይቀበሉኝ ዘንድ እንዴት አልመጡም?”
e61ecbb3-b5c5-5f28-a67e-47e38b7cfe5f,91cc4a2b-0750-5480-a598-899abf407832,5d4756e8-d51c-593c-a706-19a691c285c1,1,5,የአሞን ልጆች ሹም አክዮርም እንዲህ አለ፥ “ከእኔ ከባርያህ አንደበት ይህን ነገር ስማ፤ ከእኔ ከባሪያህ አንደበት ሐሰት ነገር አይወጣምና፥ በእነዚህ አንባዎች፥ በአቅራቢያህም ስለሚኖሩ ስለእነዚህ ወገኖች እውነት ነገርን እነግርሃለሁ።
354860f9-40cf-511e-a456-5b792700a1fe,91cc4a2b-0750-5480-a598-899abf407832,5d4756e8-d51c-593c-a706-19a691c285c1,2,6,እነዚህ ወገኖች ከከላውዴዎን መጡ።
9aa931ed-5634-5146-a954-cd4d653755df,91cc4a2b-0750-5480-a598-899abf407832,5d4756e8-d51c-593c-a706-19a691c285c1,3,7,በከላውዴዎን ሀገር የሚኖሩ የአባቶቻቸውን ጣዖቶች ያመልኩ ዘንድ አልወደዱምና አስቀድመው በመስጴጦምያ ይኖሩ ነበረ።
62fcac16-c238-5402-a544-265a429ed42a,91cc4a2b-0750-5480-a598-899abf407832,5d4756e8-d51c-593c-a706-19a691c285c1,4,8,የወገኖቻቸውንም መንገድ ትተዋልና ላወቁት ከጣዖቶቻቸው ፊት ላወጣቸው ለሰማይ አምላክ ለእግዚአብሔርም ሰግደዋልና ወደ መስጴጦምያ ሸሽተው በዚያ ብዙ ዘመን ኖሩ።
b052fa01-4319-5be3-a794-768bbe0ad2bf,91cc4a2b-0750-5480-a598-899abf407832,5d4756e8-d51c-593c-a706-19a691c285c1,5,9,ፈጣሪያቸውም ከተሰደዱበት ሀገር ይወጡና ወደ ከነዓን ይሄዱ ዘንድ አዘዛቸው፤ በዚያም ብዙ ዘመን ኖሩ፤ ብርንና ወርቅን፥ ብዙ ከብቶችንም ፈጽመው አበዙ።
b08e7928-7076-53bf-a9bd-a9254025d020,91cc4a2b-0750-5480-a598-899abf407832,5d4756e8-d51c-593c-a706-19a691c285c1,6,10,ረኃብ በከነዓን ሀገር ሁሉ ጸንትዋልና ወደ ግብፅ ወረዱ፤ በዚያም እየተመገቡ ኖሩ፤ በዚያም በዝተው ሞሉ፤ ለወገኖቻቸውም ቍጥር አልነበራቸውም።
497b2e76-71bf-5425-a752-9ff7514dc3db,91cc4a2b-0750-5480-a598-899abf407832,5d4756e8-d51c-593c-a706-19a691c285c1,7,11,የግብፅ ንጉሥም በጠላትነት ተነሣባቸው፤ ተተነኰለባቸውም፤ መከራም አጸናባቸው፤ ጡብ በማሠራትም ገዛቸው፤ ባሮችም አደረጋቸው።
020f7a3c-c421-5950-aae5-cb199e6f7a8b,91cc4a2b-0750-5480-a598-899abf407832,5d4756e8-d51c-593c-a706-19a691c285c1,8,12,ወደ አምላካቸውም ጮኹ፤ እርሱም መድኀኒት በሌለው መቅሠፍት የግብፅ ሀገርን ሁሉ አጠፋ፤ ግብፃውያንም ከፊታቸው አስወጡአቸው።
49d6022a-1d09-5c6d-aa4c-bc17cb41c8a3,91cc4a2b-0750-5480-a598-899abf407832,5d4756e8-d51c-593c-a706-19a691c285c1,9,13,እግዚአብሔርም በፊታቸው የኤርትራን ባሕር አደረቃት።
14e076b6-d770-5153-a853-e3579ae60821,91cc4a2b-0750-5480-a598-899abf407832,5d4756e8-d51c-593c-a706-19a691c285c1,10,14,ወደ ሲና ተራራና ቃዴስ በርኔ ወሰዳቸው፤ በምድረ በዳ የሚኖሩትንም ሁሉ አወጣቸው።
05ea6c94-458e-5a6d-a489-8ede2b7769b2,91cc4a2b-0750-5480-a598-899abf407832,5d4756e8-d51c-593c-a706-19a691c285c1,11,15,በአሞራውያን ሀገርም ኖሩ፤ የሐሴቦንንም ሰዎች ሁሉ በኀይሉ አጠፋ ዮርዳኖስንም ተሻግረው ተራራማውን ሀገር ሁሉ ወረሱ።
18a94c1d-71b8-57e0-a7d4-b1eaea311a89,91cc4a2b-0750-5480-a598-899abf407832,5d4756e8-d51c-593c-a706-19a691c285c1,12,16,ከናኔዎንን፥ ፌርዜዎንን፥ ኢያቡሴዎንን፥ ሴኬምን፥ ጌርጌሴዎንንም ሁሉ ከፊታቸው አስወጣቸው፤ በዚያም ብዙ ዘመን ኖሩ።
6483fa4c-8f89-5817-ac7d-11e5c6e70445,91cc4a2b-0750-5480-a598-899abf407832,5d4756e8-d51c-593c-a706-19a691c285c1,13,17,“በፈጣሪያቸውም ፊት ባልበደሉ ጊዜ መልካም ነገር ሁሉ ሆነላቸው፤ በደልን የሚጠላ እግዚአብሔር ከእነርሱ ጋር ነበረና።
af2f0384-05d9-5ac4-a849-30fef8dbe71d,91cc4a2b-0750-5480-a598-899abf407832,5d4756e8-d51c-593c-a706-19a691c285c1,14,18,ያዘዛቸውን ሥርዐት በተዉ ጊዜ ግን ፈጽሞ በብዙ ጦር አጠፋቸው፤ ወደ ባዕድ ሀገርም ተማረኩ፤ የፈጣሪያቸው ማደሪያ ቤተ መቅደስም ፈረሰ፤ ምድረ በዳም ሆነ፤ ከተሞቻቸውንም ጠላቶቻቸው ያዙባቸው።
eefa8ab8-63f4-5313-a113-da8af8981ac5,91cc4a2b-0750-5480-a598-899abf407832,5d4756e8-d51c-593c-a706-19a691c285c1,15,19,ዛሬ ግን ወደ ፈጣሪያቸው ተመለሱ፤ ከተበተኑበትም ሀገር ከዚያ ተሰበሰቡ፤ ቤተ መቅደስ ባለበት በኢየሩሳሌም ኖሩ፤ ምድረ በዳም ነውና በተራራው ኖሩ።
431f7571-5456-5ca8-a2ac-4b5e8065c5c3,91cc4a2b-0750-5480-a598-899abf407832,5d4756e8-d51c-593c-a706-19a691c285c1,16,20,አሁንም አቤቱ ጌታዬ እነዚህ ወገኖች በደል እንዳለባቸው፥ ፈጣሪያቸውንም በድለው እንደ ሆነ ይህ መሰናክላቸው ነውና አንድ ጊዜ እናረጋግጥ፤ ከዚያ በኋላ ወጥተን እንዋጋቸዋለን።
271ba446-8158-5ba6-a264-9146fb9b9a83,91cc4a2b-0750-5480-a598-899abf407832,5d4756e8-d51c-593c-a706-19a691c285c1,17,21,በእነዚህ ወገኖች በደል ከሌለባቸው ግን ጌታዬ እለፋቸው፤ እነሆ ጌታቸው ያጸናቸው ይሆናል፤ ወይም አምላካቸው ይቆምላቸው ይሆናል፤ እኛም በሀገሩ ሁሉ ኀፍረት እንሆናለን።”
1153216e-112c-5222-a6b4-80efdcb44f7b,91cc4a2b-0750-5480-a598-899abf407832,5d4756e8-d51c-593c-a706-19a691c285c1,18,22,ከዚህ በኋላ አክዮር ይህን ነገር ተናግሮ በጨረሰ ጊዜ በሰፈሩ ዙሪያ የቆሙ ወገኖች ሁሉ አንጐራጐሩ፤ የሆሎፎርኒስ ሹሞች፥ በባሕር ዙሪያና በሞዓብ የሚኖሩ ሰዎችም ሁሉ “አክዮርን እንግደለው” አሉ።
ba9d6054-4a53-591c-a36c-08c7de4e5c5a,91cc4a2b-0750-5480-a598-899abf407832,5d4756e8-d51c-593c-a706-19a691c285c1,19,23,“ከጽኑ አርበኛ ጋር ይዋጉ ዘንድ ብርታትና ኀይል የሌላቸውን ወገኖች የእስራኤልን ልጆች የምንፈራቸው አይደለም።
c5a2b33a-3960-5f6c-ab41-f2a6b0e0aff6,91cc4a2b-0750-5480-a598-899abf407832,5d4756e8-d51c-593c-a706-19a691c285c1,20,24,ስለዚህ ግን ጌታችን ሆሎፎርኒስ ሆይ፥ እንዝመት፤ እነርሱም ለጭፍራዎችህ ሁሉ ምግብ ይሆናሉ” አሉ።
6522efaa-b463-59cf-a51a-594ff19f2c7c,1464a3c0-4d12-5d0a-ab35-f7d4072db0a2,585f75c7-1394-58ff-a5d4-e2b9b3e5b258,1,1,ከዚህ በኋላ በሸንጎው ዙሪያ ያሉ እነዚያ ሰዎች ዝም ባሉ ጊዜ የአሦር ሠራዊት አለቃ ሆሎፎርኒስ አክዮርን በፍልስጥኤም ወገኖችና በሞዓብ ልጆች ሁሉ ፊት እንዲህ አለው፦
a58b0944-b7ce-5e0f-a53a-9064e65995d6,1464a3c0-4d12-5d0a-ab35-f7d4072db0a2,585f75c7-1394-58ff-a5d4-e2b9b3e5b258,2,2,“አንተ የኤፍሬም ምንደኛ አክዮር! ዛሬ ትንቢት ትናገርልን ዘንድ እግዚአብሔር ያጸናቸዋልና የእስራኤልን ልጆች አትውጓቸው ትለን ዘንድ አንተ ማን ነህ? ያለ ናቡከደነፆርስ እግዚአብሔር ማን ነው?
aab2fb9e-f1e9-5ffc-af38-dcddd7c988f2,1464a3c0-4d12-5d0a-ab35-f7d4072db0a2,585f75c7-1394-58ff-a5d4-e2b9b3e5b258,3,3,እርሱ ኀያላኑን ልኮ ከገጸ ምድር ፈጽሞ ያጠፋቸዋል፤ አምላካቸውም አያድናቸውም፤ እኛም የናቡከደነፆር ባሮች እንደ አንድ ሰው እናጠፋቸዋለን፤ በእነርሱ እንረግጣቸዋለንና የፈረሶቻችንንም ኀይል ሊቋቋሙ አይችሉም።
9ab1b683-1228-5f3e-a386-1e1a3be6d24a,1464a3c0-4d12-5d0a-ab35-f7d4072db0a2,585f75c7-1394-58ff-a5d4-e2b9b3e5b258,4,4,ተራሮቻቸውም በደማቸው ይሰክራሉ፤ የልጆቻቸውም ሬሳ ይበዛል፤ የዓለሙ ሁሉ ጌታ ንጉሡ ናቡከደነፆር አጠፋቸዋለሁ ብሏልና ቃሉ ሐሰት እንዳይሆን ከዚህ ዓለም ፈጽመው ይጠፋሉ እንጂ በፊታችን በእግራቸው አይቆሙም።
fb867827-6265-5b2a-a4f2-5ebaed9a62a6,1464a3c0-4d12-5d0a-ab35-f7d4072db0a2,585f75c7-1394-58ff-a5d4-e2b9b3e5b258,5,5,“ዛሬ በኀጢአትህ ይህን የተናገርህ የአሞን ምንደኛ አክዮር፥ አንተ ግን ከግብፅ ሀገር የወጡ እስራኤልን ተበቅዬ እስካጠፋቸው ድረስ ከዚህ ቀን ጀምሮ እንግዲህ ወዲህ ፊቴን አታየውም።
e60c2404-9752-5729-ac8f-d86a3e5581d2,1464a3c0-4d12-5d0a-ab35-f7d4072db0a2,585f75c7-1394-58ff-a5d4-e2b9b3e5b258,6,6,የዚያን ጊዜ የጭፍራዎችና የወገኖች ጦር በጎንህ ይገባል፤ ከሬሳዎቻቸውም ጋራ ትወድቃለህ።
d07e878e-1ebc-55a7-a412-d4d64c501bf1,1464a3c0-4d12-5d0a-ab35-f7d4072db0a2,585f75c7-1394-58ff-a5d4-e2b9b3e5b258,7,7,በተመለስሁም ጊዜ ባሮች ወደ አንባቸው ይወስዱሃል፤ ባቀበቱም ካሉ ከተሞቻቸው ባንዲት ከተማ ያኖሩሃል።
d951dd5d-f63b-5983-ac15-9fdc12a960e5,1464a3c0-4d12-5d0a-ab35-f7d4072db0a2,585f75c7-1394-58ff-a5d4-e2b9b3e5b258,8,8,እስካጠፋቸውም ድረስ አይገድሉህም።
5d8e3cca-01fb-5bf2-a46b-ee80f6d34c81,1464a3c0-4d12-5d0a-ab35-f7d4072db0a2,585f75c7-1394-58ff-a5d4-e2b9b3e5b258,9,9,እንደማንችላቸው በልብህ ትታመናለህና ፊትህ አይውደቅ፤ እኔ ተናግሬአለሁና፤ ከቃሌም የሚወድቅ የለምና።”
ef12dd2a-c469-5316-a8a9-626bc3265f87,1464a3c0-4d12-5d0a-ab35-f7d4072db0a2,585f75c7-1394-58ff-a5d4-e2b9b3e5b258,10,10,ሆሎፎርኒስም በፊቱ በድንኳኑ ውስጥ የሚቆሙ አሽከሮቹን አክዮርን ይዘው ወደ ቤጤልዋ ይወስዱት ዘንድ፥ ለእስራኤልም ልጆች እርሱን ይሰጧቸው ዘንድ አዘዛቸው።
41467a88-53fa-56d2-a6a3-7cb415b8617e,1464a3c0-4d12-5d0a-ab35-f7d4072db0a2,585f75c7-1394-58ff-a5d4-e2b9b3e5b258,11,11,አሽከሮቹም ይዘው ከሰፈሩ ውጭ ወደ ምድረ በዳ ወሰዱት፤ ከምድረ በዳውም መካከል ወደ ተራራማው ሀገር ሄዱ፤ ከዚህም በኋላ በቤጤልዋ በታች ወዳሉ ምንጮች ደረሱ።
3be2ae5c-d8e3-57c7-ab03-c75c6fde1331,1464a3c0-4d12-5d0a-ab35-f7d4072db0a2,585f75c7-1394-58ff-a5d4-e2b9b3e5b258,12,12,የዚያችም ሀገር ሰዎች ባዩአቸው ጊዜ መሣሪያቸውን ይዘው ከከተማ ወደ ተራራው ራስ ሄዱ። ወንጭፍ የያዙ ሰዎችም ሁሉ መግቢያውን ጠበቁ፤ በላያቸውም መርግ ጣሉ።
564084f0-bc5a-54d2-af4b-4f3b2fbcd19c,1464a3c0-4d12-5d0a-ab35-f7d4072db0a2,585f75c7-1394-58ff-a5d4-e2b9b3e5b258,13,13,የአክዮርንም እግር ብረት ፈቱት፤ በተራራውም በታች አሰሩት፤ በዚያም በተራራው በታች ጣሉት፤ ትተውትም ወደ ጌታቸው ተመለሱ።
5ebeedc5-ccb0-5c45-ae06-74a4330da78a,1464a3c0-4d12-5d0a-ab35-f7d4072db0a2,585f75c7-1394-58ff-a5d4-e2b9b3e5b258,14,14,የእስራኤልም ልጆች ከአንባቸው ወርደው ወደ እርሱ ሄዱ፤ ፈትተውም ወደ ቤጤልዋ ወሰዱት።
98b4a26d-2e5e-5cd6-a6be-3a830d3ef220,1464a3c0-4d12-5d0a-ab35-f7d4072db0a2,585f75c7-1394-58ff-a5d4-e2b9b3e5b258,15,15,በዚያም ወራት የከተሞቻቸው አለቆች በነበሩት ከነገደ ስምዖን በሚካ ልጅ ኦዝያስና በጎቶንያ ልጅ በክብሪስ፥ በመልክያል ልጅ በከርሚስም ዘንድ አስቀመጡት።
d6fc3920-26c7-566b-a98d-87caff7e0c85,1464a3c0-4d12-5d0a-ab35-f7d4072db0a2,585f75c7-1394-58ff-a5d4-e2b9b3e5b258,16,16,በከተሞቻቸውም ያሉ አለቆችን ሁሉ ጠሩ፤ ሴቶቻቸውና ጐልማሶቻቸውም ሁሉ ሮጠው ወደ ሸንጓቸው ሄዱ፤ አክዮርንም በሁሉ መካከል አቆሙት፤ ኦዝያስም የተደረገውን ሁሉ ጠየቀው።
a4de9236-3a35-595d-a761-121cbebc88b7,1464a3c0-4d12-5d0a-ab35-f7d4072db0a2,585f75c7-1394-58ff-a5d4-e2b9b3e5b258,17,17,እንደ ዶለቱና በአሦር ሠራዊት አለቆች መካከል ነገራቸውን ሁሉ እንደ ተናገሩ፥ ሆሎፎርኒስም በእስራኤል ወገኖች ላይ በትዕቢት እንደ ተናገረ መልሶ የሆሎፎርኒስን ነገር ሁሉ ነገራቸው።
a0e23a08-dc2b-546a-a510-e1fb5ed4a827,1464a3c0-4d12-5d0a-ab35-f7d4072db0a2,585f75c7-1394-58ff-a5d4-e2b9b3e5b258,18,18,ሕዝቡም ሁሉ በግንባራቸው ወድቀው ለእግዚአብሔር ሰገዱ፤ እንዲህም እያሉ ጸለዩ፦
7b5972b0-da91-5054-a0c1-b4da46911000,1464a3c0-4d12-5d0a-ab35-f7d4072db0a2,585f75c7-1394-58ff-a5d4-e2b9b3e5b258,19,19,“አቤቱ የሰማይ አምላክ ሆይ፥ ትዕቢታቸውን ተመልከት፤ የወገኖቻችንንም መከራ አይተህ ይቅር በል፤ በዚችም ቀን ወደ መቅደስህ ተመልከት።”
b86ab276-8b05-54c7-a433-e8ddc6991e57,1464a3c0-4d12-5d0a-ab35-f7d4072db0a2,585f75c7-1394-58ff-a5d4-e2b9b3e5b258,20,20,አክዮርንም ደስ አሰኙት፤ ፈጽመውም አከበሩት።
9320a1de-ccda-5bb5-a9c2-c42f6b2f81ab,1464a3c0-4d12-5d0a-ab35-f7d4072db0a2,585f75c7-1394-58ff-a5d4-e2b9b3e5b258,21,21,ኦዝያስም ከተሰበሰቡበት ወስዶ ወደ ቤቱ አገባው፤ ለሽማግሌዎችም በዓልን አደረጉ፤ ይረዳቸውም ዘንድ የእስራኤልን አምላክ በዚያች ሌሊት ሁሉ ለመኑት።
9a7cddd8-e080-51f8-a85e-8509974d76ca,786c026b-2dd7-571a-a30a-980c020dd220,9de50d31-d137-5f27-aa1a-5639d1a3a59f,1,1,በማግሥቱም ሆሎፎርኒስ ወደ ቤጤልዋ ይጓዙ ዘንድ፥ ቀድመውም የአንባዎቹን መግቢያ ይይዙና የእስራኤልን ልጆች ይዋጓቸው ዘንድ ከእርሱ ጋራ የተሰለፉ ጭፍሮቹንና ወገኖቹን ሁሉ አዘዛቸው።
4b2e99f4-19bf-5168-a185-53cdce7c6cd7,786c026b-2dd7-571a-a30a-980c020dd220,9de50d31-d137-5f27-aa1a-5639d1a3a59f,2,2,በዚያም ቀን ጽኑዓን አርበኞች የሆኑ ኀይለኞች ሰዎች ሁሉ ወረዱ፤ እነዚያም ጓዝ ከሚጠብቁ ካልከበቡ ከብዙ አርበኞች ሰዎች በቀር መቶ ሰባ ሺህ እግረኞችና ዐሥራ ሁለት ሺህ ፈረሰኞች ነበሩ።
b2930d98-b508-5d98-a031-fca406d47d2a,786c026b-2dd7-571a-a30a-980c020dd220,9de50d31-d137-5f27-aa1a-5639d1a3a59f,3,3,በቤጤልዋ አጠገብ፥ በአውሎን በውኃው ምንጭ አጠገብ ሰፈሩ፤ የሰፈራቸውም አቆልቋዩ እስከ ዶታይምና ቤጤልዋ ድረስ፥ ወርዱም በአሴዴራሎም አንጻር ከቤጤልዋ እስከ ቅያሞስ ደረሰ።
166a6225-d23f-5a1a-a897-0f1ee3c24e89,786c026b-2dd7-571a-a30a-980c020dd220,9de50d31-d137-5f27-aa1a-5639d1a3a59f,4,4,የእስራኤልም ልጆች ብዛታቸውን በአዩ ጊዜ እጅግ ደነገጡ፤ እርስ በርሳቸውም፥ “እነዚህ ሰዎች ዛሬ ምድርን ሁሉ ይሸፍኗታል፤ ተራራም ቢሆን፥ ኮረብታም ቢሆን፥ ቈላም ቢሆን ብዛታቸውን የሚችል የለም” ተባባሉ።
9a303240-9838-5f31-a1a3-2093bb6f078a,786c026b-2dd7-571a-a30a-980c020dd220,9de50d31-d137-5f27-aa1a-5639d1a3a59f,5,5,ሁሉም መሣሪያቸውን ያዙ፤ ባንባቸውም እሳት አነደዱ፤ በዚያችም ሌሊት ሁሉ ሲጠብቁ አደሩ።
ebd3c8cb-1d61-530a-aa00-762253fab43e,786c026b-2dd7-571a-a30a-980c020dd220,9de50d31-d137-5f27-aa1a-5639d1a3a59f,6,6,በሁለተኛውም ቀን ሆሎፎርኒስ በቤጤልዋ ባሉ በእስራኤል ልጆች ፊት ፈረሶቹን ጫነ።
ec89384d-eece-5703-a2a9-7caebffb9c35,786c026b-2dd7-571a-a30a-980c020dd220,9de50d31-d137-5f27-aa1a-5639d1a3a59f,7,7,የከተሞቻቸውን መግቢያ ያዩ ዘንድ፥ የውኃቸውንም ምንጭ ይከቡ ዘንድ፥ ወደዚያም አርበኞች ሰዎች ቀድመው ይደርሱና ይከቡ ዘንድ ጕበኞችን ላከ።
8d0e55ff-03bf-52c2-aac3-ce3e9d750455,786c026b-2dd7-571a-a30a-980c020dd220,9de50d31-d137-5f27-aa1a-5639d1a3a59f,8,8,እርሱም ከሠራዊቱ ጋር ፈጥኖ ሄደ፤ አርበኞች የሆኑ የኤሳው ልጆች አለቆችም ሁሉ የሞዓብ ወገኖች ሹሞች ሁሉና የባሕር ዙሪያ ገዢዎች ወደ እርሱ መጡ።
f0c29857-1384-5c70-a352-827607927eb3,786c026b-2dd7-571a-a30a-980c020dd220,9de50d31-d137-5f27-aa1a-5639d1a3a59f,9,9,እንዲህም አሉት፥ “አቤቱ በሠራዊትህ ላይ ጥፋት እንዳይሆን ቃላችንን ስማ።
c887750b-8116-5ba9-aecb-18b214f0d0b8,786c026b-2dd7-571a-a30a-980c020dd220,9de50d31-d137-5f27-aa1a-5639d1a3a59f,10,10,እነዚህ የእስራኤል ልጆች ወገኖች በሚኖሩባቸው አንባዎቻቸውና ኮረብታዎቻቸው ነው እንጂ በጦራቸው የሚተማመኑ አይደሉም፤ ለአንባዎቻቸው መውጫ የላቸውምና፤
47bec83f-c4ad-58fe-ad6f-8697bf261288,786c026b-2dd7-571a-a30a-980c020dd220,9de50d31-d137-5f27-aa1a-5639d1a3a59f,11,11,አቤቱ አሁንም በሰልፍ ሥርዐት አቷጋቸው፤ ከሠራዊትህ አንድ ሰው ስንኳ የሚሞት አይኑር።
7f41a10d-1fd3-58f4-a1b8-f4c3428cfc00,786c026b-2dd7-571a-a30a-980c020dd220,9de50d31-d137-5f27-aa1a-5639d1a3a59f,12,12,ነገር ግን አንተ ከሠራዊትህ ጋር በሰፈር ጠብቃቸው፤ አሽከሮችህና የሠራዊትህ አርበኞች ሁሉ ከተራራው በታች የሚፈልቅ የውኃቸውን ምንጮች ሁሉ አጽንተው ይጠብቁ።
5489f3d2-992e-562d-a9ba-c84825911e68,786c026b-2dd7-571a-a30a-980c020dd220,9de50d31-d137-5f27-aa1a-5639d1a3a59f,13,13,በቤጤልዋ የሚኖሩ ሰዎች ሁሉ ከዚህ ውኃ ስለሚቀዱ ውኃ ጥም ይገድላቸዋል፤ ሀገራቸውንም ለአንተ ያሰገዛሉ፤ ሠራዊቶቻችንና እኛም ላንባቸው ቅርብ ወደ ሆነ ቦታ ወደ ኮረብታቸውም ራስ እንወጣለን ካንባቸው አንድ ሰው ስንኳ የሚወጣ እንዳይኖር በዚያ ሰፍረን እንጠብቃቸዋለን።
e856f831-6482-5020-a28b-f981dd9f8048,786c026b-2dd7-571a-a30a-980c020dd220,9de50d31-d137-5f27-aa1a-5639d1a3a59f,14,14,እነርሱ፥ ሚስቶቻቸውና ልጆቻቸውም በረኃብ ይጠፋሉ፤ ሳይዋጓቸውም ባገራቸው ጎዳና ይወድቃሉ።
c1e5dcb0-4ecf-51c0-a3ac-2a8836f921c7,786c026b-2dd7-571a-a30a-980c020dd220,9de50d31-d137-5f27-aa1a-5639d1a3a59f,15,15,ከድተዋልና፥ በሰላምም አልተቀበሉህምና ጽኑ በቀልን ትበቀላቸዋለህ።”
83564a7f-5538-580b-a66f-7880cf3767c7,786c026b-2dd7-571a-a30a-980c020dd220,9de50d31-d137-5f27-aa1a-5639d1a3a59f,16,16,በሆሎፎርኒስ ፊትና በሠራዊቱ ሁሉ ፊት ቃላቸው ደስ አሰኘ፤ እንደ ተናገሩም ያደርጉ ዘንድ አዘዘ።
78e40a3f-67d8-5d9b-a272-a39011ff4eb4,786c026b-2dd7-571a-a30a-980c020dd220,9de50d31-d137-5f27-aa1a-5639d1a3a59f,17,17,የአሞን ልጆች ሠራዊትም ተጓዙ፤ አምስት ሺህ የሚሆኑ የአሦር ሠራዊትም ከእነርሱ ጋር ነበሩ፤ በአውሎኒም ሰፈሩ፤ የእስራኤልንም ልጆች ምንጮችና ውኃቸውን አስቀድመው ያዙ።
d6593806-f00d-54d4-aaa1-74c75f1e42c3,786c026b-2dd7-571a-a30a-980c020dd220,9de50d31-d137-5f27-aa1a-5639d1a3a59f,18,18,የኤሳውና የአሞን ልጆችም ወጥተው በዶታይም አንጻር ባሉ ተራሮች ሰፈሩ፤ ከእነርሱም በምኩር ወንዝ ባለ በኩሲ አጠገብ ባለ በኤቄሬቢን አንጻር ወደ ደቡብና ወደ ምሥራቅ ሰዎችን ላኩ። የቀሩት የአሦር ሠራዊቶች ግን በምድረ በዳ ሰፈሩ፤ ሀገሩንም ሁሉ አለበሱት፤ ከዚህም በኋላ ጓዛቸውን ከእነርሱ የሚበዛ የሌለ ሠራዊታቸውንና ብዙ ገንዘባቸውን አጓዙ።
a3b7c519-47fa-5a5b-a322-b05565bf817d,786c026b-2dd7-571a-a30a-980c020dd220,56f9ed6a-2507-5d82-a458-0695b1f3304a,1,19,ጠላቶቻቸው ስለ ከበቧቸው፥ ከመካከላቸውም መውጫ ስለሌላቸው ሰውነታቸው ተጨንቃለችና የእስራኤል ልጆች ወደ አምላካቸው ወደ እግዚአብሔር ጮኹ።
22816fe5-6802-5134-abe5-fd560c3e4e8f,786c026b-2dd7-571a-a30a-980c020dd220,56f9ed6a-2507-5d82-a458-0695b1f3304a,2,20,አሦራውያንም ከሠራዊቶቻቸው ሁሉ ጋር አርበኞቻቸውም በፈረሶችና በሰረገላ የተቀመጡ ሰዎችም ከበዋቸው ሠላሳ አራት ቀን ተቀመጡ፤ በቤጤልዋ የሚኖሩ ሰዎችም በዕቃቸው ያለ ውኃቸው ሁሉ አለቀ።
557eba29-575d-5ca7-ad08-3a93287c906f,786c026b-2dd7-571a-a30a-980c020dd220,56f9ed6a-2507-5d82-a458-0695b1f3304a,3,21,የሚጠጡት ላንድ ቀን የሚያረካቸው ውኃ አልነበራቸውም፤ በመስፈሪያ እየመጠኑ ወደ መጠጣትም ተመለሱ።
2e036ca7-d256-51fb-a94d-926e6cbb9b89,786c026b-2dd7-571a-a30a-980c020dd220,56f9ed6a-2507-5d82-a458-0695b1f3304a,4,22,ልጆቻቸውና ሚስቶቻቸው፥ ጐልማሶቻቸውም ተጨነቁ፤ በውኃ ጥም አለቁ፤ በከተማውም አደባባይና በበሩ ጎዳና ወደቁ፤ ከዚህም በኋላ ምንም ኀይል አልነበራቸውም።
8081da8b-11f4-531c-acb2-2424e34dd09f,786c026b-2dd7-571a-a30a-980c020dd220,56f9ed6a-2507-5d82-a458-0695b1f3304a,5,23,ሕዝቡ ሁሉ፥ ጐልማሶችና የከተማው አለቆችም፥ ልጆችና ሴቶችም ወደ ዖዝያን ተሰበሰቡ፤ ቃላቸውንም አሰምተው ጮኹ። በአለቆቻቸውም ፊት እንዲህ አሉ፦
8b7f7d93-6b88-50f9-af23-cde0a2174b17,786c026b-2dd7-571a-a30a-980c020dd220,56f9ed6a-2507-5d82-a458-0695b1f3304a,6,24,“በእኛ ላይ ታላቅ ጉዳትን ታደርሱብን ዘንድ ከአሦር ሰዎች አሽከሮች ጋራ በሰላም በጎ ነገር ባልተናገራችሁ በእናንተና በእኛ መካከል እግዚአብሔር ይፍረድ።
96fde0d7-a50a-515f-a601-039e326d53e9,786c026b-2dd7-571a-a30a-980c020dd220,56f9ed6a-2507-5d82-a458-0695b1f3304a,7,25,አሁንም የሚረዳን አጣን፤ በፊታቸውም በውኃ ጥምና በጽኑ ጥፋት እንጠፋ ዘንድ እግዚአብሔር በእጃቸው ጣለን።
f7e77238-b924-51a3-ad66-c726133f2ac6,786c026b-2dd7-571a-a30a-980c020dd220,56f9ed6a-2507-5d82-a458-0695b1f3304a,8,26,አሁንም ተገዙላቸው፤ ይዘርፉም ዘንድ ከተሞቻችሁን ሁሉ ለሆሎፎርኒስ ወገኖችና ሠራዊት አሳልፋችሁ ስጧቸው።
0b376e51-3ed7-5764-a144-9aa4ebce0d6e,786c026b-2dd7-571a-a30a-980c020dd220,56f9ed6a-2507-5d82-a458-0695b1f3304a,9,27,ሰውነታችን እንድትድን፥ የልጆቻችንንም ሞት በዐይኖቻችን እንዳናይ በውኃ ጥም ከምንሞት ቢዘርፉንና ብንገዛላቸው ይሻለናልና፥ የሚስቶቻችንና የልጆቻችን ሰውነትም አልቃለችና።
a5a0d904-9167-556c-a59f-7392c2d471cc,786c026b-2dd7-571a-a30a-980c020dd220,56f9ed6a-2507-5d82-a458-0695b1f3304a,10,28,እነሆ፥ ዛሬ በዚች ቀን ይህን ነገር እንዳታደርጉ ሰማይንና ምድርን እንዳባቶቻችን ኀጢአትና እንደ ኀጢአታችን የሚፈርድብን ያባቶቻችን አምላክ እግዚአብሔርን እናዳኝባችኋለን።”
75ed867d-ab3b-5744-a18c-682c36a0c2fa,786c026b-2dd7-571a-a30a-980c020dd220,56f9ed6a-2507-5d82-a458-0695b1f3304a,11,29,በማኅበሩም መካከል ጽኑ ልቅሶ ሆነ፤ ሁሉም በአንድነት አለቀሱ፤ ቃላቸውንም አሰምተው ወደ እግዚአብሔር ጮኹ።
29e9073f-a833-5f95-a906-84e7cb92c152,786c026b-2dd7-571a-a30a-980c020dd220,56f9ed6a-2507-5d82-a458-0695b1f3304a,12,30,ዖዝያንም አላቸው፥ “ወንድሞቻችን ሆይ! ሁልጊዜ በመከራው የሚጥለን አይደለምና ፈጣሪያችን እግዚአብሔር ቸርነቱን እስኪመልስልን ድረስ እመኑ፤ ዳግመኛም አምስት ቀን ታገሡ።
e866214a-f8a5-51af-ac27-5c87eba33bc3,786c026b-2dd7-571a-a30a-980c020dd220,56f9ed6a-2507-5d82-a458-0695b1f3304a,13,31,እነዚህ አምስት ቀኖች ካለፉ በኋላ ረድኤቱ ካልመጣልን እንደ ተናገራችሁት እናደርጋለን።”
e78f32de-2ec4-5035-a204-d9cd29136792,786c026b-2dd7-571a-a30a-980c020dd220,56f9ed6a-2507-5d82-a458-0695b1f3304a,14,32,ሕዝቡንም ወደየሰፈራቸው በተናቸው፤ እነርሱም ወደ ከተማቸው ግንብና አንባ ሄዱ፤ ሚስቶቻቸውንና ልጆቻቸውንም ወደ ቤታቸው ላኩ፤ በከተማም ፈጽመው የተጨነቁ ነበሩ።
78411cad-51db-5399-aed3-ed0ff2b1e673,f65bb0ce-e487-5880-a0ad-91db70cbfd6e,6702148b-319a-511b-a599-2eeb2de93461,1,1,በዚያም ወራት የእስራኤል ልጅ የሰለስዳይ ልጅ፥ የሰላምያል ልጅ፥ የናትናኤል ልጅ፥ የኤልያብ ልጅ፥ የኤልያስ ልጅ፥ የሐቂቆ ልጅ፥ የራወይል ልጅ፥ የጋዴዮን ልጅ፥ የአናንዮ ልጅ፥ የሕልቅያ ልጅ፥ የኦዝያል ልጅ፥ የዮሴፍ ልጅ፥ የሆክስ ልጅ፥ የሜራሪ ልጅ ዮዲት ሰማች።
3f6cbff3-b692-511a-acee-058c7c5211e2,f65bb0ce-e487-5880-a0ad-91db70cbfd6e,6702148b-319a-511b-a599-2eeb2de93461,2,2,ባልዋም ከነገድዋና ከሀገርዋ የሆነ ምናሴ ነበር፤ የገብስ አዝመራ በደረሰበት ወራትም ሞተ።
4b6049f5-4ace-5b35-a91d-197843f5b0f4,f65bb0ce-e487-5880-a0ad-91db70cbfd6e,6702148b-319a-511b-a599-2eeb2de93461,3,3,ነዶ ከሚያስሩ ሰዎች ጋራ በእርሻ ውሏልና ራሱን ምች መታው፤ ታምሞ ተኛ፤ በሀገሩ በቤጤልዋም ሞተ፤ እንደ አባቶቹም በሀገሩ በዶታይምና በበላሞን ባለ ቦታ ቀበሩት።
9734efd4-a4fc-5daa-a15f-1664057c75c5,f65bb0ce-e487-5880-a0ad-91db70cbfd6e,6702148b-319a-511b-a599-2eeb2de93461,4,4,ዮዲትም መበለት ሆና ሦስት ዓመት ከአራት ወር በቤትዋ ተቀመጠች።
4565426e-886f-50b1-ac49-77842c12c138,f65bb0ce-e487-5880-a0ad-91db70cbfd6e,6702148b-319a-511b-a599-2eeb2de93461,5,5,በቤትዋም ሰገነት ላይ የብሕትውና ክፍል አዘጋጀች፤ በወገቧም ማቅ ታጠቀች፤ የመበለትነት ልብሷንም ለበሰች።
c98ab569-6376-58bc-ab6f-823b54070088,f65bb0ce-e487-5880-a0ad-91db70cbfd6e,6702148b-319a-511b-a599-2eeb2de93461,6,6,በመበለትነትም በኖረችበት ወራት ሁሉ ትጾም ነበር። በሰንበት ዋዜማና በሰንበት፥ በመባቻ ዋዜማና በመባቻ፥ በበዓላትና በእስራኤል የደስታ ቀኖች ካልሆነ በቀር አትበላም ነበር።
fc86f6b8-6cb3-581d-a88b-8d619a064c90,f65bb0ce-e487-5880-a0ad-91db70cbfd6e,6702148b-319a-511b-a599-2eeb2de93461,7,7,መልከ መልካምና እጅግ ደመ ግቡ ነበረች፤ ባሏ ምናሴም ብሩንና ወርቁን፥ ሴቶችና ወንዶች አሽከሮችን፥ ከብቶቹንም፥ እርሻውንም ትቶላት ነበር፥ በእነርሱም ላይ ትኖር ነበር።
a1e925f1-acb9-5a33-a8af-d771a1f65049,f65bb0ce-e487-5880-a0ad-91db70cbfd6e,6702148b-319a-511b-a599-2eeb2de93461,8,8,ፈጽማ እግዚአብሔርን ትፈራ ነበርና በእርሷ ክፉ ቃልን የሚናገር አልነበረም።
6cf31579-67e3-5199-a819-dec1bbcd26a6,f65bb0ce-e487-5880-a0ad-91db70cbfd6e,5b5b690e-1ef9-562f-a09b-771ce24f6d4c,1,9,ውኃው ስላለቀ ሰውነታቸው ተጨንቃለችና ሕዝቡ በአለቃቸው ላይ የተናገሩትን ክፉ ነገር ሰማች፤ ዮዲትም ዖዝያን ለሕዝቡ የነገራቸውን ቃል ሁሉ፥ ከአምስት ቀን በኋላም ሀገራቸውን ለአሦር ሰዎች እንዲሰጡ እንደ ማለላቸው ሰማች።
90c5d073-44ff-53cd-a89e-ffe3356f0a98,f65bb0ce-e487-5880-a0ad-91db70cbfd6e,5b5b690e-1ef9-562f-a09b-771ce24f6d4c,2,10,ገንዘቧን ሁሉ የምትጠብቅ ሞግዚትዋንም ልካ ዖዝያንን፥ ከብሪኒንና ከርሜኒን፥ የከተማዋንም ሽማግሌዎች ጠራቻቸው።
f00dc860-6158-5666-aa8b-4519b9b4453b,f65bb0ce-e487-5880-a0ad-91db70cbfd6e,5b5b690e-1ef9-562f-a09b-771ce24f6d4c,3,11,እነርሱም ወደ እርስዋ መጡ፤ እርስዋም “ዛሬ በሕዝቡ ፊት የተናገራችሁት በጎ ነገር አይደለምና በቤጤልዋ የሚኖሩ ሰዎች ሹሞች ሆይ! ስሙኝ እግዚአብሔር በእነዚህ በአምስቱ ቀኖች ባይረዳችሁ ሀገራችሁን ለጠላቶቻችሁ አሳልፋችሁ ትሰጡ ዘንድ በእግዚአብሔርና በእናንተ መካከል የተማማላችሁትን መሐላ በዚህ አጸናችሁ።
1db887f6-3bb6-544f-addb-6f9002c960b9,f65bb0ce-e487-5880-a0ad-91db70cbfd6e,5b5b690e-1ef9-562f-a09b-771ce24f6d4c,4,12,አሁንም በዚች ቀን እግዚአብሔርን የምትፈታተኑት፥ በእግዚአብሔርና በሰው መካከል የተነሣችሁ እናንተ፥ ምንድን ናችሁ?
17ed560a-a26e-5cf2-a0ac-50f085202870,f65bb0ce-e487-5880-a0ad-91db70cbfd6e,5b5b690e-1ef9-562f-a09b-771ce24f6d4c,5,13,አሁንም እርሱ እግዚአብሔር ይመረምራል፤ እናንተ ግን እግዚአብሔር ሁልጊዜ የሚያደርገውን አታውቁም።
f2e60b66-e190-552b-adf0-8f101f2cb03c,f65bb0ce-e487-5880-a0ad-91db70cbfd6e,5b5b690e-1ef9-562f-a09b-771ce24f6d4c,6,14,በሰው ልቡና ያለ ረቂቅ ምሥጢርን የማታውቁ፥ የልቡናውንም አሳብ የማታስተውሉ ይህን ሁሉ ያደረገ እግዚአብሔርን እንዴት ትመረምራላችሁ? ልቡናውንስ መርምራችሁ ታውቁ ዘንድ እንዴት ትወዳላችሁ? ምክሩንስ መርምራችሁ ታገኙ ዘንድ እንዴት ትመረምራላችሁ? ወንድሞች ሆይ፥ ለእናንተ አግባባችሁ አይደለም፤ አምላካችን እግዚአብሔርንም አታሳዝኑት።
d1caebf6-7905-57a3-a6c3-7399d115c043,f65bb0ce-e487-5880-a0ad-91db70cbfd6e,5b5b690e-1ef9-562f-a09b-771ce24f6d4c,7,15,በእነዚህ በአምስቱ ቀኖች ይረዳን ዘንድ ባይፈቅድ በማንኛውም ቀን ቢሆን በፈቀደ ጊዜ ሊያድነን፥ ወይም በጠላቶቻችን ፊት ሊያጠፋን ሥልጣን አለው።
56ff3763-b635-58d9-a66b-8f98bd5d31e2,f65bb0ce-e487-5880-a0ad-91db70cbfd6e,5b5b690e-1ef9-562f-a09b-771ce24f6d4c,8,16,እግዚአብሔር እንደ ሰው የሚጨክን አይደለምና እንደ ሰውም የሚቀየም አይደለምና፥ እናንተ አምላካችን እግዚአብሔርን አትፈታተኑት።
71eff6c2-5e10-555d-ae03-569d9ebc1e03,f65bb0ce-e487-5880-a0ad-91db70cbfd6e,5b5b690e-1ef9-562f-a09b-771ce24f6d4c,9,17,ነገር ግን ከእርሱ የምትገኝ ድኅነትን ደጅ ጥኑ፤ ቃላችንንም ሰምቶ ይረዳን ዘንድ ይፈቅድ እንደ ሆነ ለምኑት።
9ca4ee9a-67d5-5935-a732-904c660c4f67,f65bb0ce-e487-5880-a0ad-91db70cbfd6e,5b5b690e-1ef9-562f-a09b-771ce24f6d4c,10,18,“በዘመናችን ወይም ዛሬ በቀድሞ ዘመን እንደ ተደረገ ከእኛ መካከል ወገንም ቢሆን፥ ነገድም ቢሆን፥ ከተማም ቢሆን፥ መንደርም ቢሆን በሰው እጅ ለተሠሩ ጣዖታት ለመስገድ የተነሣ የለምና።
8b7f9fe0-9bac-5ce2-a574-6279e4448a1b,f65bb0ce-e487-5880-a0ad-91db70cbfd6e,5b5b690e-1ef9-562f-a09b-771ce24f6d4c,11,19,ስለዚህም ነገር አባቶቻችን ለመበርበርና ለጦር ሆኑ፤ በጠላቶቻቸውም ፊት ጽኑ አወዳደቅን ወደቁ።
8c8f01aa-f2eb-5f2f-aa52-747a3d5fca6c,f65bb0ce-e487-5880-a0ad-91db70cbfd6e,5b5b690e-1ef9-562f-a09b-771ce24f6d4c,12,20,እኛ ግን ያለእርሱ ሌላ አምላክ አናውቅም፤ ስለዚህ እኛን ወይም ወገኖቻችንን ቸል እንደማይለን በእርሱ እናምናለን።
fa438492-2040-5fc7-a074-8dbdefb8d7e3,f65bb0ce-e487-5880-a0ad-91db70cbfd6e,5b5b690e-1ef9-562f-a09b-771ce24f6d4c,13,21,እኛ በተያዝን ጊዜ ይሁዳ ሁሉ ይያዛል፤ ንዋየ ቅድሳታችንም ይዘረፋል፤ በመቅደሱም መርከስ ከአንደበታችን ይመረመራል።
f5a6af3d-6309-56de-ade0-a3091a25a964,f65bb0ce-e487-5880-a0ad-91db70cbfd6e,5b5b690e-1ef9-562f-a09b-771ce24f6d4c,14,22,የወንድሞቻችን መገደል፥ የሀገራችንም መዘረፍ፥ የርስታችንም ምድረ በዳ መሆን በሚገዙን አሕዛብ ዘንድ በእኛ ላይ ይመለሳል፤ ገንዘብ በሚያደርጉን ፊትም በዚያ የተሰነካከልንና መገዳደሪያ እንሆናለን።
fef5f613-bd4b-5f91-a092-42ee5be74f2e,f65bb0ce-e487-5880-a0ad-91db70cbfd6e,5b5b690e-1ef9-562f-a09b-771ce24f6d4c,15,23,መገዛታችንም ያለ ምስጋና ይሆናልና፥ አምላካችን እግዚአብሔር መዋረዳችንን አላየምና።
9fe48764-9164-58b6-aa3d-479b5dfcf189,f65bb0ce-e487-5880-a0ad-91db70cbfd6e,5b5b690e-1ef9-562f-a09b-771ce24f6d4c,16,24,“አሁንም ወንድሞቻችን ሆይ፥ ለባልንጀሮቻችን ንገሩአቸው፤ እኛን ያዳምጣሉና፥ ልቡናቸውም ወደ እኛ ተሰቅሏልና፥ መሠዊያዉና ቤተ መቅደሱም በእኛ ጸንቶ ይኖራልና።
2b5b6463-2559-5500-aa1a-f8d592548a7c,f65bb0ce-e487-5880-a0ad-91db70cbfd6e,5b5b690e-1ef9-562f-a09b-771ce24f6d4c,17,25,አባቶቻችንን እንደ ፈተናቸው የሚፈትነን አምላካችን እግዚአብሔርን በዚህ ሁሉ እናመስግነው።
6b68e4ae-fb6c-5dff-a482-b000f79d68ee,f65bb0ce-e487-5880-a0ad-91db70cbfd6e,5b5b690e-1ef9-562f-a09b-771ce24f6d4c,18,26,ለአባቶቻችን ያደረገውን ሁሉ አብርሃምን እንደ ፈተነው፥ ይስሐቅንም እንደ ፈተነው፥ ያዕቆብንም የእናቱን ወንድም የላባን በጎች ሲጠብቅ በሶርያ መስጴጦምያ እንደ ፈተነው አስቡ።
5943afb1-b160-5be7-acdb-5609045c31bc,f65bb0ce-e487-5880-a0ad-91db70cbfd6e,5b5b690e-1ef9-562f-a09b-771ce24f6d4c,19,27,እነርሱንም በፈተናቸውና ልቡናቸውን በመረመረ ጊዜ እኛን የበደለን አይደለም፤ እግዚአብሔር የሚቀርቡትን ሰዎች ይቅር ይላቸው ዘንድ ነው እንጂ፥ ሊያጠፋቸው አይደለምና።”
0cb96465-e0cd-5256-adef-a4a3eff4fad7,f65bb0ce-e487-5880-a0ad-91db70cbfd6e,5b5b690e-1ef9-562f-a09b-771ce24f6d4c,20,28,ዖዝያንም አላት፥ “የተናገርሽውን ሁሉ በበጎ ልቡና ተናገርሽ፤ ቃልሽንም የሚቃወመው የለም።
583fcad7-5e38-5e2c-a946-b1bb71577041,f65bb0ce-e487-5880-a0ad-91db70cbfd6e,5b5b690e-1ef9-562f-a09b-771ce24f6d4c,21,29,ጥበብሽ የተሰማው ከዛሬ ጀምሮ አይደለምና፥ ከመጀመሪያው ዘመንሽ ጀምሮ ሰው ሁሉ በጥበብሽ ዐወቀሽ እንጂ፥ የልቡናሽ ተፈጥሮ ደግ ነውና።
54c4336d-3ac8-57cb-a3a4-35c82c436d16,f65bb0ce-e487-5880-a0ad-91db70cbfd6e,5b5b690e-1ef9-562f-a09b-771ce24f6d4c,22,30,ነገር ግን ሕዝቡ ፈጽመው ተጠምተዋልና እንዳሉን እናደርግ ዘንድ ዘበዘቡን፤ ልንለውጠው የማይቻለንን መሐላ አመጡብን።
41d527d9-91a0-59f2-abf9-45ee69818617,f65bb0ce-e487-5880-a0ad-91db70cbfd6e,5b5b690e-1ef9-562f-a09b-771ce24f6d4c,23,31,አሁንም አንቺ እግዚአብሔርን የምትፈሪ ሴት ነሽና እግዚአብሔር ዝናምን ያዘንምልን ዘንድ፥ ኵሬያችንም ይመላ ዘንድ፥ እንግዲህ ወዲህም እንዳንጠማ ለምኝልን።”
42bb9451-750c-588a-acf1-94be01f377e1,f65bb0ce-e487-5880-a0ad-91db70cbfd6e,5b5b690e-1ef9-562f-a09b-771ce24f6d4c,24,32,ዮዲትም አለቻቸው፥ “ስሙኝ ለልጅ ልጅ የሚነገር ሥራን እሠራለሁ።
11bff66a-232d-5ea7-ad45-c430cc655edd,f65bb0ce-e487-5880-a0ad-91db70cbfd6e,5b5b690e-1ef9-562f-a09b-771ce24f6d4c,25,33,እናንተ ግን በዚች ሌሊት በበሩ ቁሙ፤ እኔም ከብላቴናዬ ጋር እወጣለሁ፤ ሀገራችንን አሳልፈን ለጠላቶቻችን እንሰጣለን በምትሉበት በእነዚያም ወራቶች የእስራኤል አምላክ እግዚአብሔር በእጄ ይረዳል።
d9490629-1fcc-513a-a472-3f88ad7e6c34,f65bb0ce-e487-5880-a0ad-91db70cbfd6e,5b5b690e-1ef9-562f-a09b-771ce24f6d4c,26,34,እናንተ ግን የምሠራውን ሥራ አትመርምሩኝ፤ እኔ የምሠራው ሥራ እስኪፈጸም ድረስ አልነግራችሁምና።”
dfdf7e00-adee-5e14-a889-998af8ec5df0,f65bb0ce-e487-5880-a0ad-91db70cbfd6e,5b5b690e-1ef9-562f-a09b-771ce24f6d4c,27,35,ዖዝያንና አለቆቻቸውም፥ “በሰላም ሂጂ፤ እግዚአብሔርም በፊትሽ ይሁን፤ ጠላቶቻችንንም ይበቀል” አሏት።
2f8cd7bc-b598-51f9-aa6a-40c80e13ca9e,f65bb0ce-e487-5880-a0ad-91db70cbfd6e,5b5b690e-1ef9-562f-a09b-771ce24f6d4c,28,36,ተመልሰውም ወደ ባልንጀሮቻቸው ሄዱ።
c232d7f4-8f82-523b-a371-8fb857b56776,8655bb6f-2ecb-5c91-a516-fc88fb498ae0,c2f7094f-373b-5e63-a997-2736ee8d5aaf,1,1,ዮዲት ግን በግንባሯ ተደፍታ በምድር ላይ ወደቀች፤ በራሷም ላይ ትቢያ ነሰነሰች፤ የምትለብሰውንም ማቅ አሳየች፤ በኢየሩሳሌምም ባለው በእግዚአብሔር ቤተ መቅደስ የሠርክ ዕጣን በሚቀርብበት ጊዜ ዮዲት በታላቅ ቃል ወደ እግዚአብሔር ጮኸች፤ እንዲህም አለች፦
d20a4612-ccdc-5475-a9ce-2f40d70b6af0,8655bb6f-2ecb-5c91-a516-fc88fb498ae0,c2f7094f-373b-5e63-a997-2736ee8d5aaf,2,2,“በማኅፀን ያለ ጽንስን ያጠፉ፥ ድንግልንም ያጐሰቈሉ፥ ልብሷንም የገፈፉ፥ በከተማም በአራቱ ማዕዘን ለመገዳደር ማኅፀንን ያሳደፉ ጠላቶችን ይበቀል ዘንድ በእጁ ሰይፍን የሰጠኸው የአባቴ የስምዖን አምላክ ሆይ፥ አንተ እንዲህ አይደለም አልህ፤ እነርሱ ግን አደረጉት።
290c3d22-f9d9-5032-a22b-f0d7fd752f45,8655bb6f-2ecb-5c91-a516-fc88fb498ae0,c2f7094f-373b-5e63-a997-2736ee8d5aaf,3,3,ስለዚህም አለቆቻቸውን ለመገደል አሳልፈህ ሰጠሃቸው፤ መኝታቸውም በተገደሉት ባሮች ደም ተነከረ፤ ባሮችን ከጌቶቻቸው ጋር፥ ጌቶችንም በዙፋኖቻቸው ላይ ገደልሃቸው።
a399b64a-2b39-5ee9-a94e-45d60d9bd8d9,8655bb6f-2ecb-5c91-a516-fc88fb498ae0,c2f7094f-373b-5e63-a997-2736ee8d5aaf,4,4,ሚስቶቻቸውና ልጆቻቸው ተማረኩ፤ በአንተ ዘንድ የተወደዱ፥ ለአምላክነትህም የቀኑ፥ የረከሰ ደማቸውንም የተጸየፉ፥ ትረዳቸውም ዘንድ የለመኑ የልጆችን ምርኮ ሁሉ ተካፈሉ፤ አምላኬ እግዚአብሔር ሆይ፥ እኔን መበለቲቱን ስማኝ።
6646473e-42ca-543b-a689-270de3286c88,8655bb6f-2ecb-5c91-a516-fc88fb498ae0,c2f7094f-373b-5e63-a997-2736ee8d5aaf,5,5,ከዚህ አስቀድሞና ከዚያም በኋላ የሆነውን አንተ አድርገሃልና የዛሬውንና የሚመጣውንም ታውቀዋለህ፤ አንተም በምታውቀው ሆነ።
d33b30cf-a78d-53c8-a451-4c1e51162a63,8655bb6f-2ecb-5c91-a516-fc88fb498ae0,c2f7094f-373b-5e63-a997-2736ee8d5aaf,6,6,ምክርህ የቀና ነው፤ ሥርዐትህ የተዘጋጀ ነውና፥ ፍርድህንም አስቀድመህ ባወቅህ ፈርደሃልና እነሆ፥ መጣን ይሉሃል፤
a71c40cc-8684-5c38-a73c-478adc843f48,8655bb6f-2ecb-5c91-a516-fc88fb498ae0,c2f7094f-373b-5e63-a997-2736ee8d5aaf,7,7,“እነሆ፥ የአሦር ሰዎች ከሠራዊታቸው ጋር በዝተዋልና፥ በፈረሶቻቸውም ላይ ከፍ ከፍ ብለዋልና፥ በፈረስም የተቀመጡ ሰዎች በኀይላቸው ታምነዋልና፥ አርበኞችም በጽናታቸው፥ በቀስታቸውና በጦራቸው፥ በምድር ነጎዳቸውም ታምነዋልና አንተ አርበኞችን የምታጠፋ አምላክ እንደ ሆንህ አላወቁህምና ስምህም አሸናፊ እንደ ሆነ አልተገነዘቡም።
5a8079e9-9871-587e-aeb8-9b3c72d59895,8655bb6f-2ecb-5c91-a516-fc88fb498ae0,c2f7094f-373b-5e63-a997-2736ee8d5aaf,8,8,አንተ ከሠራዊታቸው ጋር በከሃሊነትህ አጥፋቸው፤ ቤተ መቅደስን ያጐሰቍሉ ዘንድ፥ የስምህ ጌትነት ማደሪያ የሆነች ደብተራ ኦሪትንም ያሳድፉ ዘንድ መክረዋልና፥ በብረትም የመሠዊያህን ቀንዶች አፍርሰዋልና በቍጣህ ኀይላቸውን አጥፋ።
bbf39b71-b30e-558b-a335-903c39152265,8655bb6f-2ecb-5c91-a516-fc88fb498ae0,c2f7094f-373b-5e63-a997-2736ee8d5aaf,9,9,ትዕቢታቸውን ተመልከት፤ በራሳቸውም ላይ ቍጣህን አምጣ። እንደ አሰብሁት እፈጽም ዘንድ በእኔ በመበለቲቱ እጅ ኀይልን አድርግ።
8ef5caa6-e2cb-5ee0-ad3f-8394bb6101c1,8655bb6f-2ecb-5c91-a516-fc88fb498ae0,c2f7094f-373b-5e63-a997-2736ee8d5aaf,10,10,በአንደበቴ ጥበብ ሎሌውን ከጌታው፥ ጌታውንም ከሎሌው ጋር ግደል። ግርማቸውን በእኔ በሴቲቱ እጅ አጥፋ።
07382ced-626c-5426-a1bd-8b4834cd291f,8655bb6f-2ecb-5c91-a516-fc88fb498ae0,c2f7094f-373b-5e63-a997-2736ee8d5aaf,11,11,ብርታትህ በብዙዎች አይደለምና፥ ኀይልህም በኀያላን ሰዎች አይደለምና፤ ነገር ግን አንተ የትሑታን አምላክ ነህ፤ የጥቂቶች ረዳት ነህ፤ የበሽተኞችም ፈዋሽ አንተ ነህ፤ ለጠፉትም ጠባቂያቸው አንተ ነህ፤ ተስፋ የቈረጡ ሰዎችንም የምታድናቸው አንተ ነህ።
2b27ea18-e580-5c45-a328-e2f289447ffb,8655bb6f-2ecb-5c91-a516-fc88fb498ae0,c2f7094f-373b-5e63-a997-2736ee8d5aaf,12,12,አወን አቤቱ የአባቴ አምላክ፥ የእስራኤልም የርስታቸው አምላክ፥ የሰማይና የምድር አምላክ፥ ውኃውን የፈጠርህ፥ የፍጥረታት ሁሉ ንጉሥ አንተ ጸሎቴን ስማ።
50387444-163f-5f88-ab4d-bde4cd3a3e09,8655bb6f-2ecb-5c91-a516-fc88fb498ae0,c2f7094f-373b-5e63-a997-2736ee8d5aaf,13,13,የቃሌንም ጥበብ በሕግህና በቤተ መቅደስህ በደብረ ጽዮንና በልጆችህ ንብረት ቤት ላይ ክፉ ነገርን የመከሩ ጠላቶችን እንዲያቈስላቸውና እንዲያጠፋቸው አድርግ።
52dece8e-f4dc-570f-a7e0-1ee20b7705b7,8655bb6f-2ecb-5c91-a516-fc88fb498ae0,c2f7094f-373b-5e63-a997-2736ee8d5aaf,14,14,የብርታትና የኀይል ሁሉ አምላክ አንተ እግዚአብሔር እንደ ሆንህ፥ የእስራኤልንም ወገን ከአንተ በቀር ሌላ የሚያጸናቸው እንደ ሌለ ለሕዝቡና ለአሕዛቡ ሁሉ እንዲያውቁት አድርግ።”
294790fc-eadf-594f-a315-a6cb9e8a0ece,f271fa62-22c6-5c14-a491-d94558d843f3,0ea9b0f4-c44d-5ac5-a07e-b2e21fd97237,1,1,ከዚህም በኋላ ወደ እስራኤል አምላክ መለመኗን ከጨረሰችና ይህንም ነገር ሁሉ ከፈጸመች በኋላ፥
a52b0feb-fcf8-51ce-ac53-ace7d344a10c,f271fa62-22c6-5c14-a491-d94558d843f3,0ea9b0f4-c44d-5ac5-a07e-b2e21fd97237,2,2,ከወደቀችበት ቦታ ተነሣች፤ ብላቴናዋንም ጠርታ በሰንበታትና በበዓላት ቀኖች ወደምትቀመጥበት ቤትዋ ወረደች።
4e811ab1-7cb4-565e-a0dc-656341c8abcd,f271fa62-22c6-5c14-a491-d94558d843f3,0ea9b0f4-c44d-5ac5-a07e-b2e21fd97237,3,3,የለበሰችውንም ማቅ አወለቀች፤ የመበለትነትዋንም ልብስ ለበሰች፥ ሰውነትዋንም በውኃ ታጠበች፤ ጠጕርዋንም ያማረ ሽቱ ተቀባች፤ ጠጕርዋንም ተሠራች፤ አጌጠችም፤ ከዚህም በኋላ ባሏ ምናሴ በሕይወት በነበረ ጊዜ የምትለብሰውን የደስታ ልብሷን ለበሰች።
0cf3bda5-1e23-582b-aeee-acde976dca0d,f271fa62-22c6-5c14-a491-d94558d843f3,0ea9b0f4-c44d-5ac5-a07e-b2e21fd97237,4,4,ጫማዋንም ተጫማች፤ አልቦዋንና ቀለበትዋን፥ አምባርዋንና ጉትቻዋንም አደረገች፤ ጌጡንም ሁሉ አጌጠች፤ የሚያዩአትንም ወንዶች ሁሉ ዐይን እስክታስት ድረስ ፈጽማ አጌጠች።
936b6e40-9c3e-5f3f-a437-5567c2642f3f,f271fa62-22c6-5c14-a491-d94558d843f3,0ea9b0f4-c44d-5ac5-a07e-b2e21fd97237,5,5,የወይኑን ገንቦና የዘይቱን ማሰሮ ትሸከም ዘንድ ለብላቴናዋ ሰጠቻት፤ ስልቅ በሶውን፥ የስንዴ አምባሻውንና በለሱን በስልቻዋ መላች፤ ገንዘብዋንም ሁሉ አንግታ አሸከመቻት።
9e32e6de-2179-5a8e-a2b3-9f42ef47f824,f271fa62-22c6-5c14-a491-d94558d843f3,0ea9b0f4-c44d-5ac5-a07e-b2e21fd97237,6,6,ወደ ቤጤልዋ ከተማ በርም ሄደች፤ ዖዝያንን፥ ያገር ሽማግሌዎችን ከርሚንና ከብሪምንም በዚያ ቆመው አገኘቻቸው።
356da4fc-1690-507f-a9a8-0e5a57f827f3,f271fa62-22c6-5c14-a491-d94558d843f3,0ea9b0f4-c44d-5ac5-a07e-b2e21fd97237,7,7,ፊትዋ ተለውጦ፥ በሚያስደንቅ ሁኔታ ልብሷን ለብሳ ባዩአት ጊዜ ከደም ግባቷ ማማር የተነሣ እጅግ ተደነቁ፤ እንዲህም አሏት፦
816c0dfa-3c06-5efb-a8f2-9463757a22fc,f271fa62-22c6-5c14-a491-d94558d843f3,0ea9b0f4-c44d-5ac5-a07e-b2e21fd97237,8,8,“ለኢየሩሳሌም ልዕልናና ለእስራኤል ልጆች ክብር በልብሽ ያሰብሽውን ታደርጊ ዘንድ የአባቶቻችን አምላክ ሞገስን ይስጥሽ።” እርሷም ለእግዚአብሔር ሰገደች።
e04b4d1c-e391-5738-a37f-f8831a0e31e5,f271fa62-22c6-5c14-a491-d94558d843f3,0ea9b0f4-c44d-5ac5-a07e-b2e21fd97237,9,9,እንዲህም አለቻቸው፥ “አሁንም ከእናንተ ጋራ የተናገርሁትንነገር ወጥቼ አደርግ ዘንድ የከተማውን በር የሚከፍትልኝ ሰው እዘዙልኝ፤” እንደ ጠየቀችም ይከፍቱላት ዘንድ ጐልማሶችን አዘዙአቸው።
e0a6a5c3-09fb-59ab-a800-1b5a67a5ee81,f271fa62-22c6-5c14-a491-d94558d843f3,0ea9b0f4-c44d-5ac5-a07e-b2e21fd97237,10,10,ይህንም በአደረጉ ጊዜ ዮዲት ወጣች፤ ብላቴናዋም ከእርሷ ጋር ወጣች፤ የከተማው ሰዎችም ካንባው ወርዳ ከሸለቆው እስክታልፍ ድረስ ያዩአት ነበር፤ ከዚህ በኋላ ግን አላዩአትም።
6eb3ed6a-e113-52f1-a9ea-533aa8a572e3,f271fa62-22c6-5c14-a491-d94558d843f3,0ea9b0f4-c44d-5ac5-a07e-b2e21fd97237,11,11,በቀጥታም በሸለቆው ሄደች፤ የአሦራውያንም ዘበኞች አገኙአት።
0c11593a-1479-5e43-a078-bbf10419df25,f271fa62-22c6-5c14-a491-d94558d843f3,0ea9b0f4-c44d-5ac5-a07e-b2e21fd97237,12,12,ይዘውም መረመሩአት፤ እንዲህም አሏት፥ “አንቺ ማን ነሽ? ከየት መጣሽ? ወዴትስ ትሄጃለሽ?” እርስዋም አለቻቸው፥ “እኔ ከዕብራውያን የተወለድሁ ነኝ፤ ሀገራቸውን ለእናንተ አሳልፈው ሊሰጡ በወደዱ ጊዜ ከእነርሱ ኰብልዬ መጣሁ።
f6898d5c-63b2-50bf-a0b5-3f32f94a7233,f271fa62-22c6-5c14-a491-d94558d843f3,0ea9b0f4-c44d-5ac5-a07e-b2e21fd97237,13,13,እኔ እውነተኛ ነገርን እነግረው ዘንድ፥ የምትሄዱበትንም ጎዳና አሳየው ዘንድ ወደ ቢትወደዳችሁ ወደ ሆሎፎርኒስ አስቀድሜ መጣሁ፤ አውራጃቸውንም ሁሉ ገንዘብ ታደርጋላችሁ፤ ከሰዎቻችሁ አንድ ሰው ስንኳ የሚቈስል የለም።”
e71f4a0b-17ca-5023-a57c-700fd87dd60f,f271fa62-22c6-5c14-a491-d94558d843f3,0ea9b0f4-c44d-5ac5-a07e-b2e21fd97237,14,14,እነዚያም ሰዎች ቃልዋን በሰሙ ጊዜ፥ ፊትዋንም ባዩ ጊዜ፥ ደም ግባትዋም ፈጽሞ የተደነቀ እንደ ሆነ ባዩ ጊዜ እንዲህ አሏት፦
2b3805d0-0745-5e49-a546-dec0d36015c0,f271fa62-22c6-5c14-a491-d94558d843f3,0ea9b0f4-c44d-5ac5-a07e-b2e21fd97237,15,15,“ወደ ጌታችን ፈጥነሽ የወረድሽ አንቺ ሕይወትሽን አዳንሽ። አሁንም ወደ ድንኳኑ ሂጂ፤ ወደ እርሱ የሚያደርስሽን ሰው ከእኛ እንልካለን።
7fde5033-d678-5c14-a2c4-d2cef693c927,f271fa62-22c6-5c14-a491-d94558d843f3,0ea9b0f4-c44d-5ac5-a07e-b2e21fd97237,16,16,በፊቱም በቆምሽ ጊዜ ይህን ነገርሽን ንገሪው እንጂ ልቡናሽ አይፍራ፤ በጎ ነገርን ያደርግልሻል።”
9cd97a84-51be-5d27-af2e-f547b99e14b7,f271fa62-22c6-5c14-a491-d94558d843f3,0ea9b0f4-c44d-5ac5-a07e-b2e21fd97237,17,17,ከእርስዋና ከብላቴናዋ ጋር የሚሄዱ አንድ መቶ ሰዎችን መረጡ፤ ወደ ሆሎፎርኒስ ድንኳንም አደረሷት።
a3b8de8b-1818-5fef-aedb-806e9e6b2622,f271fa62-22c6-5c14-a491-d94558d843f3,0ea9b0f4-c44d-5ac5-a07e-b2e21fd97237,18,18,ሕዝቡም ሁሉ ተሰበሰቡ፤ በድንኳኑ ፊት እንዳለች ዜናዋ በሰፈሩ ተሰምቶ ነበርና መጥተው ስለ እርሷ እስኪነግሩት ድረስ ከሆሎፎርኒስ ድንኳን ውጭ ከብበዋት ቆሙ።
6307b316-6d43-563e-a78e-e5fd4c144629,f271fa62-22c6-5c14-a491-d94558d843f3,0ea9b0f4-c44d-5ac5-a07e-b2e21fd97237,19,19,ደም ግባትዋንም አደነቁ፤ ስለ እርስዋም የእስራኤልን ልጆች አደነቁ፤ እርስ በርሳቸውም፥ “እንደ እነዚህ ያሉ ሴቶች ያሉትን ሕዝብ የሚንቅ ማን ነው? ዓለሙን ሁሉ ሊተነኰሉ ስለሚችሉ ከእነዚህ ሰዎች አንድ ሰውስ እንኳ ይቀር ዘንድ መልካም አይደለም” ተባባሉ።
08945652-203b-5ae5-ae75-7920f25a14ca,f271fa62-22c6-5c14-a491-d94558d843f3,0ea9b0f4-c44d-5ac5-a07e-b2e21fd97237,20,20,በሆሎፎርኒስ አጠገብ የተቀመጡ አሽከሮቹም ሁሉ መጥተው ወደ ድንኳኑ አገቧት።
56c7bf26-1581-5208-a771-54a9d43e4cbf,f271fa62-22c6-5c14-a491-d94558d843f3,0ea9b0f4-c44d-5ac5-a07e-b2e21fd97237,21,21,ሆሎፎርኒስም በወርቅ፥ በመረግድና ዋጋው ብዙ በሆነ ዕንቍ የተሠራ ነጭ ሐር በተነጠፈበት በዙፋኑ ላይ በድንኳኑ ውስጥ ተኝቶ ነበር።
5b5fe161-0d61-56fe-aa32-f015ad76d41f,f271fa62-22c6-5c14-a491-d94558d843f3,0ea9b0f4-c44d-5ac5-a07e-b2e21fd97237,22,22,የእርሷንም ነገር ነገሩት፤ ወደ አደባባይም ወጣ፤ በፊቱም የብር መቅረዝ ፋና ይበራ ነበር።
b4b92c56-cd86-5b5a-a76e-d9ec258b609d,f271fa62-22c6-5c14-a491-d94558d843f3,0ea9b0f4-c44d-5ac5-a07e-b2e21fd97237,23,23,ዮዲትም ወደ እርሱ በቀረበች ጊዜ አሽከሮቹ ቆመው ነበር፤ ከመልኳ ደም ግባት የተነሣ ሁሉም ተደነቁ፤ እርሷም በግንባሯ በምድር ላይ ወድቃ ሰገደችለት፤ አሽከሮቹም አነሡአት።
0e382f0b-44e5-5534-abec-8990d46c00a7,340b9e73-97ac-56b4-a126-9ba12f6cb8df,2087141e-3eee-5e35-ad8f-337c200aa339,1,1,ሆሎፎርኒስም አላት፥ “አንቺ ሴት እመኝ፤ ለዓለሙ ሁሉ ንጉሥ ለናቡከደነፆር ይገዛ ዘንድ ራሱን ወደ እርሱ በመለሰ ሰው እኔ ክፉ ነገርን አላደርግምና ልቡናሽ አይፍራብሽ።
97a80322-fa59-5291-aea2-8191439c5b96,340b9e73-97ac-56b4-a126-9ba12f6cb8df,2087141e-3eee-5e35-ad8f-337c200aa339,2,2,አሁንም በአንባ የሚኖሩ እነዚህ ወገኖችሽ የወነጀሉን ባይሆኑ ኖሮ በእነርሱ ላይ ጦሬን ባላነሣሁም ነበር፤ ነገር ግን ይህን ነገር እነርሱ አደረጉት።
92b83daa-5980-5123-a7d2-db916b595de9,340b9e73-97ac-56b4-a126-9ba12f6cb8df,2087141e-3eee-5e35-ad8f-337c200aa339,3,3,አሁንም ንገሪኝ፤ ከእነርሱ ዘንድ ስለምን ነገር ኰብልለሽ ወደ እኛ መጣሽ? ነገር ግን ለሕይወትሽ መጥተሻልና በዚህ ሌሊት ለሁልጊዜም እንድትድኚ እመኝ።
7f163bdc-3520-5cdb-aebf-97761d261dad,340b9e73-97ac-56b4-a126-9ba12f6cb8df,2087141e-3eee-5e35-ad8f-337c200aa339,4,4,ለንጉሡ ለጌታችን ለናቡከደነፆር አሽከሮች እንደምናደርግ ላንቺ ከምናደርገው በጎ ነገር በቀር በአንቺ ክፉ ነገር የሚያደርግ የለም።”
5097cf3c-6458-5801-ac53-e0f5b6b1b291,340b9e73-97ac-56b4-a126-9ba12f6cb8df,2087141e-3eee-5e35-ad8f-337c200aa339,5,5,ዮዲትም አለችው፥ “የእኔን የባሪያህን ቃል ተቀበል፤ እኔ ባሪያህ በፊትህ እነግርሃለሁ፤ በዚች ሌሊት እኔ ለጌታዬ ሐሰት ነገርን አልነግርህም።
0f39b104-55b2-5269-a499-d40efe4ee597,340b9e73-97ac-56b4-a126-9ba12f6cb8df,2087141e-3eee-5e35-ad8f-337c200aa339,6,6,የእኔን የአገልጋይህን ቃል ከተከተልህ እግዚአብሔር ለአንተ ፍጹም ሥራ ይሠራልሃል፤ አንተ ጌታዬ ካሰብኸው ነገር የሚወድቅ የለም።
c7dd5d2e-7936-555e-a5ff-6e168dfe0c91,340b9e73-97ac-56b4-a126-9ba12f6cb8df,2087141e-3eee-5e35-ad8f-337c200aa339,7,7,የምድር ሁሉ ንጉሥ ናቡከደነፆር በሕይወት ይኑር! ፍጥረቱን ሁሉ ታቀና ዘንድ አንተን የላከ ኀይሉ ይኑር። በምድረ በዳ የሚኖሩ አውሬዎችና እንስሳ፥ በሰማይ የሚበሩ ወፎችም በኀይልህ ከናቡከደነፆርና ከቤቱ በታች ይኖራሉ እንጂ በዘመንህ ሰዎች ብቻ የሚገዙለት አይደለም።
2a31f984-ac55-5e0c-a2fc-46ca33171e40,340b9e73-97ac-56b4-a126-9ba12f6cb8df,2087141e-3eee-5e35-ad8f-337c200aa339,8,8,ሥራህንና የልቡናህን ጥበብ ሰምተናልና በመንግሥቱ ሁሉ አንተ ብቻ ቸር እንደ ሆንህ፥ በአገሩ ሁሉ ተሰምትዋልና፥ በሥራህም ሁሉ አንተ ብርቱ ነህና፥ በሰልፍህም ሁሉ አንተ የተደነቅህ ነህና።
254cf6a6-f68a-5306-aaf5-7956f95e5ce1,340b9e73-97ac-56b4-a126-9ba12f6cb8df,2087141e-3eee-5e35-ad8f-337c200aa339,9,9,“አሁንም አክዮር በጉባኤያችሁ የአላችሁን ነገር ሰማን፤ ለአዳኑት የቤጤልዋ ሰዎችም ለአንተ የነገረህን ነገር ሁሉ ነገራቸው።
1dbedc63-7d3a-53d7-aaa6-20b5d8fd649d,340b9e73-97ac-56b4-a126-9ba12f6cb8df,2087141e-3eee-5e35-ad8f-337c200aa339,10,10,አቤቱ ጌታዬ፥ ነገሩን አትናቅ፤ ነገር ግን እውነት ስለሆነ በልብህ አኑረው፤ ፈጣሪያቸውን ካልበደሉ ሕዝባችን ሊጠፉ አይችሉም፤ ሰይፍም ሊያጠፋቸው አይችልም።
b3341e0b-e8b7-533e-a442-f94cdc48d393,340b9e73-97ac-56b4-a126-9ba12f6cb8df,2087141e-3eee-5e35-ad8f-337c200aa339,11,11,አሁንም ጌታዬ የተናቀና የማይረባ እንዳይሆን በፊትህ ሞታቸው ይደርስባቸው ዘንድ በበደላቸው ሥራ አምላካቸውን ያሳዘኑባት ኀጢአታቸው በዚህ ታገኛቸዋለች።
63782791-df3d-5261-ab78-dfa6bbdf938e,340b9e73-97ac-56b4-a126-9ba12f6cb8df,2087141e-3eee-5e35-ad8f-337c200aa339,12,12,እህላቸውና ውኃቸው አልቋልና፥ ከብታቸውንም ይበሉ ዘንድ ተመልሰዋልና፥ እንዳይበሉ አምላካቸው በኦሪታቸው የከለከላቸውን ያን ይበሉ ዘንድ ደርሰዋልና።
e05129b3-b4ed-5853-aeed-01730df01e98,340b9e73-97ac-56b4-a126-9ba12f6cb8df,2087141e-3eee-5e35-ad8f-337c200aa339,13,13,የእህላቸውን መጀመሪያና የወይናቸውን ዐሥራት በፈጣሪያችን ፊት በኢየሩሳሌም ለሚቆሙ ለካህናት የለዩትን፥ ከሕዝቡም ላንድ ሰው ስንኳ በእጃቸው መዳሰስ የማይገባቸውን ይህን ዘይቱንም ሊበሉ አስበዋልና፥
d409dfdf-eb44-5111-a241-d59e0280507f,340b9e73-97ac-56b4-a126-9ba12f6cb8df,2087141e-3eee-5e35-ad8f-337c200aa339,14,14,ከአለቆችም ፈቃድ ያመጡላቸው ዘንድ ወደ ኢየሩሳሌም ላኩ፤ በዚያ የሚኖሩ ሰዎች እንዲህ አድርገዋልና።
8742e2a7-c518-5da5-af34-c4a5265e0396,340b9e73-97ac-56b4-a126-9ba12f6cb8df,2087141e-3eee-5e35-ad8f-337c200aa339,15,15,ፈቃዱን ከነገሩአቸውና እንዲህ ከአደረጉ በኋላ እንዲህ አድርገዋልና በዚያ ጊዜ እግዚአብሔር በእጅህ ይጥላቸዋል።
209721ef-eac5-58d2-a9a5-816c3b454aaa,340b9e73-97ac-56b4-a126-9ba12f6cb8df,2087141e-3eee-5e35-ad8f-337c200aa339,16,16,“እኔ ባርያህ ይህን ሁሉ በዐወቅሁ ጊዜ ከእነርሱ ኰበለልሁ፤ የሰማውን ሰውንና ምድርን ሁሉ የሚያስደነግጥ ይህን ሥራ ከአንተ ጋር እሠራ ዘንድ እግዚአብሔር ላከኝ።
6709c409-e45e-5691-a8d6-c49f9fc16ec4,340b9e73-97ac-56b4-a126-9ba12f6cb8df,2087141e-3eee-5e35-ad8f-337c200aa339,17,17,እኔ አገልጋይህ እግዚአብሔርን የምፈራ ነኝና የሰማይ አምላክ እግዚአብሔርንም በመዓልትና በሌሊት አገለግለዋለሁ። አቤቱ፥ አሁንም ከአንተ ጋር እኖራለሁ፤ ነገር ግን እኔ አገልጋይህ ወደ እግዚአብሔር እለምን ዘንድ ሌሊት ወደ ምድረ በዳ እወጣለሁ፤ መቼም የሠሩትን ኀጢአታቸውን ይነግረኛል።
f58da39c-c669-5a21-af62-9568e326b65c,340b9e73-97ac-56b4-a126-9ba12f6cb8df,2087141e-3eee-5e35-ad8f-337c200aa339,18,18,መጥቼም ይህን እነግርሃለሁ፤ ከሠራዊትህ ሁሉ ጋር ትወጣለህ፤ የሚቃወምህም አይኖርም።
a583692e-4cf7-5553-a9f5-150979947ab1,340b9e73-97ac-56b4-a126-9ba12f6cb8df,2087141e-3eee-5e35-ad8f-337c200aa339,19,19,ወደ ኢየሩሳሌም እስክትደርስም ድረስ በይሁዳ መካከል እወስድሃለሁ፤ በመካከሏም ዙፋንህን ትዘረጋለህ እረኛቸውም እንደ በተናቸው በጎች ፈጽመህ ትከብባቸዋለህ፤ ውሻም በፊትህ አይጮህብህም። ለእኔ እንዲህ ተነግሮኛልና። ይህንም ዐውቄ እነግርህ ዘንድ ተላክሁ።”
c50424a2-924c-59fe-aca8-ba168e0cfb82,340b9e73-97ac-56b4-a126-9ba12f6cb8df,2087141e-3eee-5e35-ad8f-337c200aa339,20,20,ነገሯም ሆሎፎርኒስንና ሰዎቹን ሁሉ ደስ አሰኛቸው። እነርሱም ጥበቧን አደነቁ።
1f322b86-e104-5e92-a3c7-c4cf1f526dd2,340b9e73-97ac-56b4-a126-9ba12f6cb8df,2087141e-3eee-5e35-ad8f-337c200aa339,21,21,እንዲህም አሉ፥ “ከምድር ዳርቻ እስከ ምድር ዳርቻ ድረስ በፊቷ ደም ግባትና በቃልዋ ጥበብ እንደዚች ሴት ያለ የለም።”
bf8c571e-30f1-59fc-a726-f34bce0e0cbc,340b9e73-97ac-56b4-a126-9ba12f6cb8df,2087141e-3eee-5e35-ad8f-337c200aa339,22,22,ሆሎፎርኒስም አላት፥ “ኀይል በእጃችን፥ ጥፋትም ጌታዬን በካዱት ላይ ይሆን ዘንድ ከሕዝብሽ አስቀድሞ የላከሽ እግዚአብሔር በጎ ነገርን አደረገ።
c5ba07e0-0f85-561d-ab38-e028d488f8e5,340b9e73-97ac-56b4-a126-9ba12f6cb8df,2087141e-3eee-5e35-ad8f-337c200aa339,23,23,አሁንም አንቺ በመልክሽ ውብ ነሽ፤ በቃልሽም የተባረክሽ ነሽ፤ እንዳልሽውም ከአደረግሽ አምላክሽ አምላኬ ይሆነኛል፤ አንቺም በንጉሡ በናቡከደነፆር ቤተ መንግሥት ትኖሪያለሽ፤ ስምሽም በሀገሩ ሁሉ ከፍ ከፍ ይላል።”
8dd3319e-1ecd-54ff-a143-9287dad5b29b,59e5b7d6-7174-5f26-a1a8-50adc6e6b5db,bbba6564-effd-5b33-a67f-5ae42d9d32cc,1,1,የብር ዕቃ ወደሚቀመጥበት ድንኳን ያገቧት ዘንድ አዘዘ፤ ለእርሱም ከሚያዘጋጁት ምግብ ይመግቧት ዘንድ፥ እርሱ ከሚጠጣው መጠጥም ያጠጧት ዘንድ አዘዘ።
de530972-e671-5bec-a1f5-d5e9e49b3843,59e5b7d6-7174-5f26-a1a8-50adc6e6b5db,bbba6564-effd-5b33-a67f-5ae42d9d32cc,2,2,ዮዲትም፥ “ካመጣሁት እህል እመገባለሁ እንጂ በደል እንዳይሆንብኝ ከእርሱ አልመገብም” አለች።
5beb0437-ffd4-5a57-a8aa-8dd5d3ec7244,59e5b7d6-7174-5f26-a1a8-50adc6e6b5db,bbba6564-effd-5b33-a67f-5ae42d9d32cc,3,3,ሆሎፎርኒስም፥ “ያመጣሽውስ ቢያልቅብሽ እንደ እርሱ ያለ ከየት አምጥተን እንሰጥሻለን? ከወገኖችሽ ስንኳ ካንቺ ጋር ያለ ሰው የለም” አላት።
7efef8eb-47f0-5cc6-a9a6-222aa4ede47a,59e5b7d6-7174-5f26-a1a8-50adc6e6b5db,bbba6564-effd-5b33-a67f-5ae42d9d32cc,4,4,ዮዲትም፥ “እግዚአብሔር በእኔ ቃል የመከረውን እስኪያደርግ ድረስ እኔ አገልጋይህ የያዝሁትን እንዳልጨርስ ጌታዬ ሕያው ነፍስህን” አለችው።
2afcec3d-8df2-5ac4-a4f0-5fd150b41a0b,59e5b7d6-7174-5f26-a1a8-50adc6e6b5db,bbba6564-effd-5b33-a67f-5ae42d9d32cc,5,5,የሆሎፎርኒስም አሽከሮች ወደ ድንኳኑ አገቧት፤ እስከ እኩለ ሌሊትም ድረስ ተኛች። ሌሊቱም ከመንጋቱ በፊት በእኩለ ሌሊት ተነሣች፤
88056698-b887-5a04-ad21-e7b3a68b7831,59e5b7d6-7174-5f26-a1a8-50adc6e6b5db,bbba6564-effd-5b33-a67f-5ae42d9d32cc,6,6,“እኔ አገልጋይህ ለጸሎት እንድወጣ ይፈቅዱልኝ ዘንድ እዘዝልኝ” ብላ ወደ ሆሎፎርኒስ ላከች።
09ed2d00-e7db-56e1-a91f-be06e2bdc5fc,59e5b7d6-7174-5f26-a1a8-50adc6e6b5db,bbba6564-effd-5b33-a67f-5ae42d9d32cc,7,7,ሆሎፎርኒስም እንዳይከለክሏት የሚጠብቁትን ሰዎች አዘዛቸው፤ ከዚህ በኋላም በሰፈር ሦስት ቀን አደረች፤ በየሌሊቱም እየወጣች ወደ ቤጤሌዋ ሸለቆ ትወርድ ነበር፤ ሌሊትም በሰፈሩ ምንጭ ውኃ ትታጠብ ነበር፤ ሌሊትም ወጥታ በምንጩ ውኃ ትጠመቅ ነበር።
3ce67517-f7fd-588b-afe5-a58d4659cf61,59e5b7d6-7174-5f26-a1a8-50adc6e6b5db,bbba6564-effd-5b33-a67f-5ae42d9d32cc,8,8,ከውኃውም በወጣች ጊዜ ስለ ወገኖችዋ ልጆች መነሣት መንገድዋን ያቃናላት ዘንድ ወደ እስራኤል አምላክ ወደ እግዚአብሔር ትጸልይ ነበር።
e60c9f2c-93ea-51f7-a376-9a8b249d7e61,59e5b7d6-7174-5f26-a1a8-50adc6e6b5db,bbba6564-effd-5b33-a67f-5ae42d9d32cc,9,9,ከዚህም በኋላ ትመለስ ነበር፤ በሰፈርም በንጽሕና ትቀመጥ ነበር፤ ማታ ማታም ትመገብ ነበር።
7f3d77b9-ca5e-5ab0-a817-481c53a976f8,59e5b7d6-7174-5f26-a1a8-50adc6e6b5db,bbba6564-effd-5b33-a67f-5ae42d9d32cc,10,10,ከዚህም በኋላ በአራተኛዪቱ ቀን ሆሎፎርኒስ ለአሽከሮቹ ለብቻቸው ምሳ አደረገ፤ ሌላ ሰው ማንንም ወደ ምሳው አልጠራም።
3c5422df-0a98-57aa-a15d-ec8945eb39e3,59e5b7d6-7174-5f26-a1a8-50adc6e6b5db,bbba6564-effd-5b33-a67f-5ae42d9d32cc,11,11,የገንዘቡ ሁሉ መጋቢ የሆነውን ጃንደረባ ባግዋን፥ “በአንተ ዘንድ ያለች ያችን ዕብራዊት ሴት ወደ እኛ ትመጣ ዘንድ አባብልልኝ፤ ከእኛ ጋር ትብላ፤ ትጠጣም፤ ሄደህም ንገራት።
05c0c874-8d44-50f2-a869-aa5b09d3559e,59e5b7d6-7174-5f26-a1a8-50adc6e6b5db,bbba6564-effd-5b33-a67f-5ae42d9d32cc,12,12,እንዲህ ያለች ሴት አግኝተን ባናነጋግራት ለእኛ ዕፍረታችን ነውና፥ ባንገናኛትም ይስቁብናልና” አለው።
b4690c60-12ed-5b4c-af0f-b831a245fcd5,59e5b7d6-7174-5f26-a1a8-50adc6e6b5db,bbba6564-effd-5b33-a67f-5ae42d9d32cc,13,13,ባግዋም ከሆሎፎርኒስ ዘንድ ወጥቶ ወደ እርሷ ገባ፥ “መልከ መልካም የሆንሽ አንቺ ልጄ ሆይ! ወደ ጌታዬ መምጣትን እንቢ አትበዪ፤ በእርሱ ዘንድ ትከብሪያለሽ፤ ከእርሱም ጋራ ወይንን ጠጥተሽ ደስ ይልሻል፤ በናቡከደነፆር ቤት ከሚያገለግሉት ከአሦር ልጆችም እንደ አንዲቱ ትሆኛለሽ” አላት።
81371f9e-0625-50ee-af6a-61f08fab551b,59e5b7d6-7174-5f26-a1a8-50adc6e6b5db,bbba6564-effd-5b33-a67f-5ae42d9d32cc,14,14,ዮዲትም አለችው፥ “ጌታዬን እንቢ እለው ዘንድ እኔ ማን ነኝ? ወገኔስ ማን ነው? የወደድኸውን ሁሉ በፊትህ ፈጥኜ አደርጋለሁ፤ እስክሞትም ድረስ ለእኔ ደስታ ይሆንልኛል፤”
965fb5d2-152a-5345-ad50-6b12a8ee4fd3,59e5b7d6-7174-5f26-a1a8-50adc6e6b5db,bbba6564-effd-5b33-a67f-5ae42d9d32cc,15,15,ተነሥታም ልብሷን ለበሰች፤ የሴቶችንም ጌጥ ሁሉ ፈጽማ አጌጠች፤ ብላቴናዋም ከእርሷ ጋራ ሄደች፤ ከባግዋ የተቀበለችውን፥ በማደሪያዋ ያነጠፈላትን፥ ምሳም ስትበላ የምትቀመጥበትን ምንጣፏን በሆሎፎርኒስ ፊት በምድር ላይ አነጠፈችላት።
2ad20dfe-05ed-5a92-aa03-0dc4a6b3d2f3,59e5b7d6-7174-5f26-a1a8-50adc6e6b5db,bbba6564-effd-5b33-a67f-5ae42d9d32cc,16,16,ዮዲትም ወደ እርሱ ገብታ ተቀመጠች፤ የሆሎፎርኒስም ልቡናው በእርሷ ታወከ፤ ከእርሷም ጋር ይተኛ ዘንድ ሰውነቱ ፈጽማ ጐመጀች፤ ከአያትም ጀምሮ እርሷን እስከሚያባብልበት ጊዜ ይጠብቃት ነበር።
6a4d15c2-1c70-5f10-a8ac-d7ded6ed5ad9,59e5b7d6-7174-5f26-a1a8-50adc6e6b5db,bbba6564-effd-5b33-a67f-5ae42d9d32cc,17,17,ሆሎፎርኒስም ዮዲትን፥ “ጠጥተሽ ከእኛ ጋር ደስ ይበልሽ” አላት።
e96ce165-1d6c-599c-abfe-4ee4c322f00b,59e5b7d6-7174-5f26-a1a8-50adc6e6b5db,bbba6564-effd-5b33-a67f-5ae42d9d32cc,18,18,ዮዲትም፥ “ከተወለድሁ ጀምሮ ከዘመኔ ሁሉ ይልቅ ሕይወቴ ዛሬ ከብራለችና ጌታዬ እጠጣለሁ” አለችው።
f94eb283-2e68-5a29-a35e-1a97b20c36f1,59e5b7d6-7174-5f26-a1a8-50adc6e6b5db,bbba6564-effd-5b33-a67f-5ae42d9d32cc,19,19,አገልጋይዋም ያዘጋጀችላትን ተቀብላ በፊቱ በላች፤ ጠጣችም።
18fad2fa-d357-5ba1-a453-7470de1f21b8,59e5b7d6-7174-5f26-a1a8-50adc6e6b5db,bbba6564-effd-5b33-a67f-5ae42d9d32cc,20,20,ሆሎፎርኒስም ስለ እርሷ ደስ አለው፤ ከተወለደም ጀምሮ አንዲት ቀን ስንኳ እንደዚያ ያልጠጣውን ብዙ ወይን አብዝቶ ጠጣ።
b7b7daff-3088-5027-a435-5f24db13cf77,f6d37bf4-3e99-5924-ae0e-651ee455d5d0,0b2dd894-378c-59ba-a28b-c40d8c6eec56,1,1,በመሸም ጊዜ አሽከሮቹ ፈጥነው ሰውን አስወጡ፤ ባግዋም ከወደ ውጭ በላያቸው ድንኳኑን ዘጋ፤ በጌታውም ፊት የቆሙ አሽከሮቹን አስወጥቶ ሰደዳቸው፤ ፈጽመው ስለጠጡ ሁሉም ደክመዋልና ወደ ማደሪያቸው ገቡ።
e90bd18d-dc65-5d26-ab6c-089e3db81f99,f6d37bf4-3e99-5924-ae0e-651ee455d5d0,0b2dd894-378c-59ba-a28b-c40d8c6eec56,2,2,ዮዲትም ብቻዋን በድንኳን ውስጥ ከሆሎፎርኒስ ጋር ቀረች፤ እርሱ ግን አብዝቶ ወይን ስለጠጣ ሰክሮ በአልጋው ላይ ተኝቶ ነበር።
51ab62fd-2a40-53d0-aef5-0d2298dfd5e4,f6d37bf4-3e99-5924-ae0e-651ee455d5d0,0b2dd894-378c-59ba-a28b-c40d8c6eec56,3,3,ዮዲትም አገልጋይዋን ወደ ውጭ ወጥታ በማደሪያዋ ትቆም ዘንድ አዘዘቻት፤ “ወደምጸልይበት እወጣለሁ” ብላታለችና እንደ ወትሮው በምትመጣበት ጊዜ ትጠብቃት ዘንድ አዘዘቻት፤ ለባግዋም እንደዚሁ ነገረችው።
1c65d3bf-5445-54d6-a035-e90cc2c9125c,f6d37bf4-3e99-5924-ae0e-651ee455d5d0,0b2dd894-378c-59ba-a28b-c40d8c6eec56,4,4,ሁሉም ከእርስዋ ዘንድ ወጡ፤ ታናሽም፥ ታላቅም ቢሆን በእልፍኙ የቀረ አልነበረም። ዮዲትም ተነሥታ በመኝታው አጠገብ ቆመች። በልቧም፥ “የኀይል ሁሉ አምላክ አቤቱ፥ ይህን ነገር እይ፤ ኢየሩሳሌም ከፍ ከፍ ትል ዘንድ በዚች ሰዓት በእኔ እጅ ኀይልህን አድርግ።
b5f45990-a336-5038-a425-d9d1bc7804d3,f6d37bf4-3e99-5924-ae0e-651ee455d5d0,0b2dd894-378c-59ba-a28b-c40d8c6eec56,5,5,ርስትህን ታነሣ ዘንድ ጊዜው ደርሷልና በእኛ የተነሡ ጠላቶች ይጠፉ ዘንድ አሳቤን ሁሉ ፈጽምልኝ” አለች።
f8d04af9-af56-56cb-a2c1-75462513fe76,f6d37bf4-3e99-5924-ae0e-651ee455d5d0,0b2dd894-378c-59ba-a28b-c40d8c6eec56,6,6,ወደ ሆሎፎርኒስም መኝታ ወደ ትራሱ ሄደች፤ የራስጌ ሰይፉንም መዘዘች።
034c9e35-3e9b-59c4-a7f5-5f3ee4942cbc,f6d37bf4-3e99-5924-ae0e-651ee455d5d0,0b2dd894-378c-59ba-a28b-c40d8c6eec56,7,7,በራስጌውም ቆመች፤ የራሱንም ጠጕር ይዛ “የእስራኤል አምላክ አቤቱ፥ ዛሬ አጽናኝ” አለች።
fbadfad6-4d1f-52d8-a6f2-b861701c47c9,f6d37bf4-3e99-5924-ae0e-651ee455d5d0,0b2dd894-378c-59ba-a28b-c40d8c6eec56,8,8,በኀይሏ ሁለት ጊዜ አንገቱን መታችው፤ ራሱንም ቈረጠችው።
0b4675c3-7e84-5368-aec0-51a47a1f9c62,f6d37bf4-3e99-5924-ae0e-651ee455d5d0,0b2dd894-378c-59ba-a28b-c40d8c6eec56,9,9,ሬሳውንም ከመኝታው ወደ ምድር ጣለችው፤ የራስጌ መጋረጃውንም ከምሰሶው አወረደች፤ ጥቂትም ዐረፈች፤ ወጥታም ለብላቴናዋ የሆሎፎርኒስን ቸብቸቦ ሰጠቻት።
eb5cefaa-34d1-577c-ab84-f1cf84598f2e,f6d37bf4-3e99-5924-ae0e-651ee455d5d0,a9695be4-e73d-5640-a63f-835411de9621,1,10,እህል በምትይዝበት ከረጢትም ጨመረችው፤ ለጸሎት እንዳስለመዱ ሁለቱ ሁሉ በአንድነት ወጡ፤ ከሰፈሩም አልፈው ወደ ሸለቆው ዞሩ፤ ወደ ቤጤልዋ ዐቀበትም ወጡ፤ ወደ ከተማውም በር ደረሱ።
60b5666a-c3dc-5d77-a78f-8573ae8fdec3,f6d37bf4-3e99-5924-ae0e-651ee455d5d0,a9695be4-e73d-5640-a63f-835411de9621,2,11,ዮዲትም በሩቁ ሆና በር የሚጠብቁ ዘበኞችን፥ “ዛሬ ኀይልን እንዳደረገ ዳግመኛ ለእስራኤል በጠላቶቻቸው ላይ ጽናትና ኀይልን ያደርግ ዘንድ እግዚአብሔር ከእኛ ጋር አለና ክፈቱ፤ ክፈቱ” አለቻቸው።
8abc511d-9e9e-5efa-ae7a-df3674cf675c,f6d37bf4-3e99-5924-ae0e-651ee455d5d0,a9695be4-e73d-5640-a63f-835411de9621,3,12,ከዚህም በኋላ የከተማው ሰዎች ቃልዋን በሰሙ ጊዜ ወደ ከተማው በር ፈጥነው ወረዱ፤ የከተማ ሽማግሌዎችን ጠሩ።
5b84fafc-3021-5195-a671-7ee40c371ecc,f6d37bf4-3e99-5924-ae0e-651ee455d5d0,a9695be4-e73d-5640-a63f-835411de9621,4,13,እንደ ተመለሰችም አድንቀዋልና ታናሹም፥ ታላቁም ሁሉ ሮጠው ሄዱ፤ በሩንም ከፍተው ተቀበሏት፤ እሳትም አንድደው፥ ፋና አብርተው ከበቧት።
aced35d1-bee0-5923-aa16-811db2bb10d6,f6d37bf4-3e99-5924-ae0e-651ee455d5d0,a9695be4-e73d-5640-a63f-835411de9621,5,14,“ጠላቶቻችንን በዚች ሌሊት በእጄ አጠፋቸው እንጂ ምሕረቱንና ይቅርታውን ከእስራኤል አላራቀምና በታላቅ ቃል እግዚአብሔርን አመስግኑት፤ አመስግኑት። እግዚአብሔርንም አመስግኑት” አለቻቸው።
64265372-6c5a-5f34-ac56-bdd289f0aefa,f6d37bf4-3e99-5924-ae0e-651ee455d5d0,a9695be4-e73d-5640-a63f-835411de9621,6,15,ቸብቸቦውንም ከከረጢቷ አውጥታ አሳየቻቸው፤ “የአሦር ሠራዊት አለቃ የሆሎፎርኒስ ቸብቸቦ እነሆ፥ በሚጠጣ ጊዜ ተንተርሶት የሚተኛበት ሰይፉም እነሆ፥ እግዚአብሔር በእኔ በሴቷ አድሮ ገደለው።
28986b33-dd5d-52aa-a5b4-4f1a2d085976,f6d37bf4-3e99-5924-ae0e-651ee455d5d0,a9695be4-e73d-5640-a63f-835411de9621,7,16,እንዲሞት በመልኬ አስተው ዘንድ በሄድሁበት ጎዳና የጠበቀኝ፥ በእኔም ኀጢአትንና በደልን፥ መዋረድንም ያላደረገ እግዚአብሔር ሕያው ነው” አለቻቸው።
1ca3e104-c92e-595f-a4aa-c8c4c43e1945,f6d37bf4-3e99-5924-ae0e-651ee455d5d0,a9695be4-e73d-5640-a63f-835411de9621,8,17,ሕዝቡም ሁሉ ፈጽመው አደነቁ፤ ለእግዚአብሔርም ፈጽመው ሰገዱ፤ በአንድነትም እንዲህ አሉ፥ “ዛሬ በዚች ቀን የወገኖችህን ጠላቶች ያጠፋሃቸው አንተ አምላካችን ቡሩክ ነህ።”
d6cab55f-04b5-5203-adb9-945d247cfe66,f6d37bf4-3e99-5924-ae0e-651ee455d5d0,a9695be4-e73d-5640-a63f-835411de9621,9,18,ዖዝያንም እንዲህ አላት፥ “በዚህ ዓለም ከሚኖሩ ሴቶች ይልቅ አንቺ ልጄ፥ ልዑል እግዚአብሔር የባረከሽ ነሽ። ሰማይንና ምድርን የፈጠረ፥ የጠላቶቻችንን አለቃ ቸብቸቦ ትቈርጪ ዘንድ የረዳሽ እግዚአብሔር አምላክም ቡሩክ ነው።
52b54741-aee9-5e28-a07c-84243272c804,f6d37bf4-3e99-5924-ae0e-651ee455d5d0,a9695be4-e73d-5640-a63f-835411de9621,10,19,ለዘለዓለሙ የእግዚአብሔርን ኀይል እያሰቡ ምስጋናሽ ከሰው ልቡና አይጠፋምና።
6b05b49a-42e4-5de2-a762-d53175a59c75,f6d37bf4-3e99-5924-ae0e-651ee455d5d0,a9695be4-e73d-5640-a63f-835411de9621,11,20,እግዚአብሔር ይህን ለዘለዓለም እንድትከብሪ ያድርግልሽ፤ ስለ ወገኖችሽ አንቺ ልሙት ብለሽ ወጣሽ እንጂ፥ በፈጣሪያችን በእግዚአብሔርም ፊት በቀጥታ ሄድሽ እንጂ ለሰውነትሽ አልራራሽምና በቸርነቱ ይመልከትሽ።” ሕዝቡም ሁሉ፥ “አሜን፥ አሜን” አሉ።
8c2a11c2-437a-5c1a-a872-6895d52796bd,fefaf71a-3405-54bc-a1fd-36c6b08a9c0f,48b6e28b-f66e-5bc0-a049-3cb7f1c7f0f7,1,1,ዮዲትም፥ “ወንድሞች፥ ስሙኝ፤ ይህን ቸብቸቦ ይዛችሁ በግንቡ ጫፍ ላይ ስቀሉት።
db962aa5-4353-5130-adc0-8bc0a1f54449,fefaf71a-3405-54bc-a1fd-36c6b08a9c0f,48b6e28b-f66e-5bc0-a049-3cb7f1c7f0f7,2,2,ከዚህ በኋላ ሲነጋ ፀሐይ በወጣ ጊዜ ሁላችሁም የጦር መሣሪያችሁን ያዙ፤ አርበኞች የሆኑ ሰዎች ሁሉ ከከተማ ወደ ውጭ ይውጡ፤ የአሦራውያን ሠራዊት ጠባቂዎችም ወዳሉበት ቦታ እንደምትወርዱ ሆናችሁ አለቃ ለራሳችሁ ሹሙ። ነገር ግን አትውረዱ።
30419d5b-ce2c-508d-ac42-607906a8f818,fefaf71a-3405-54bc-a1fd-36c6b08a9c0f,48b6e28b-f66e-5bc0-a049-3cb7f1c7f0f7,3,3,ሁላችሁም የጦር መሣሪያችሁን ያዙ፥ ዘበኞችም ባዩአችሁ ጊዜ የአሦር ሠራዊት አለቆችን ይቀሰቅሱ ዘንድ ወደ ሰፈራቸው ይሄዳሉ፤ ከዚያም በኋላ ወደ ሆሎፎርኒስ ድንኳን ይሮጣሉ፤ አያገኙትም፤ ከዚያም በኋላ እጅግ ፈርተው ከፊታችሁ ይሸሻሉ።
7f412fa0-eee2-59f9-aacc-ca8fd2079648,fefaf71a-3405-54bc-a1fd-36c6b08a9c0f,48b6e28b-f66e-5bc0-a049-3cb7f1c7f0f7,4,4,ከዚህ በኋላም እናንተና በእስራኤል አውራጃ የሚኖሩ ሰዎች ሁሉ ተከተሏቸው፤ በጎዳናቸውም ሁሉ ርገጡአቸው።
d740ab6b-9fd7-5ce7-a600-d011403d7dc8,fefaf71a-3405-54bc-a1fd-36c6b08a9c0f,48b6e28b-f66e-5bc0-a049-3cb7f1c7f0f7,5,5,ይህንም ከማድረጋችሁ በፊት የእስራኤልን ወገን የካደውን ከእኛም ጋር ይሞት ዘንድ እርሱን ወደ እኛ የላከውን እርሱ መሆኑን አይቶ ያውቅ ዘንድ አሞናዊውን አክዮርን ጥሩልኝ” አለቻቸው።
80fc099a-7122-5a76-a1cf-45abdd47a811,fefaf71a-3405-54bc-a1fd-36c6b08a9c0f,48b6e28b-f66e-5bc0-a049-3cb7f1c7f0f7,6,6,አክዮርንም ከዖዝያን ቤት ጠሩት፤ መጥቶም የሆሎፎርኒስን ራስ በአንድ ሰው እጅ ባየ ጊዜ ሰውነቱ ደንግጦ በሕዝቡ ጉባኤ መካከል በግንባሩ ወደቀ።
0d783b8e-8d62-564b-ad6c-cd542bbdaa53,fefaf71a-3405-54bc-a1fd-36c6b08a9c0f,48b6e28b-f66e-5bc0-a049-3cb7f1c7f0f7,7,7,በአነሡትም ጊዜ በዮዲት እግር ላይ ወደቀ፤ ሰገደላትም፤ “ከይሁዳ ቤትና ከሕዝቡ ሁሉ አንቺ የተባረክሽ ነሽ፤ ስምሽንም ሰምተው ይደነግጣሉ።
6ce5ca52-a751-59eb-ad3f-70435e9b05e1,fefaf71a-3405-54bc-a1fd-36c6b08a9c0f,48b6e28b-f66e-5bc0-a049-3cb7f1c7f0f7,8,8,አሁንም በእነዚህ ወራት ያደረግሺውን ንገሪኝ” አላት። ዮዲትም ከወጣች ጀምሮ እስክትመለስ ድረስ ያደረገችውን ሁሉ በሕዝቡ መካከል ነገረችው።
b3278e67-9417-5d6c-a06e-f19c0b5d2e97,fefaf71a-3405-54bc-a1fd-36c6b08a9c0f,48b6e28b-f66e-5bc0-a049-3cb7f1c7f0f7,9,9,ነገሯን ተናግራ በጨረሰች ጊዜ ሕዝቡ ሁሉ ቃላቸውን አሰምተው ደነፉ፤ በየከተማቸውም በደስታ ቃል ጮኹ።
5146bc2e-4b82-546a-af11-61205d03ac61,fefaf71a-3405-54bc-a1fd-36c6b08a9c0f,48b6e28b-f66e-5bc0-a049-3cb7f1c7f0f7,10,10,አክዮርም እግዚአብሔር ለእስራኤል ያደረገውን ተአምራት በአየ ጊዜ ፈጽሞ በእግዚአብሔር አምኖ ተገዘረ። እስከ ዛሬም ድረስ ከቤተ እስራኤል ጋር አንድ ሆነ።
6cdd7a19-bb24-55d9-a64d-a1877cf581a9,fefaf71a-3405-54bc-a1fd-36c6b08a9c0f,c957ba9b-5cda-50ce-a7e0-dda3ba8ff7be,1,11,በነጋም ጊዜ የሆሎፎርኒስን ቸብቸቦ በግንቡ ላይ ሰቀሉት፤ ወንዶቹም ሁሉ መሣሪያቸውን ይዘው ወጡ፤ በተራራውም ዐቀበት በኩል ከበቧቸው።
ede6accc-ac9e-58a3-a898-a9701554ef87,fefaf71a-3405-54bc-a1fd-36c6b08a9c0f,c957ba9b-5cda-50ce-a7e0-dda3ba8ff7be,2,12,የአሦር ሠራዊትም በአዩአቸው ጊዜ ወደ ሹሞቻቸው ላኩ፤ እነርሱም ወደ አለቆቻቸው፥ ወደ ሹሞቻቸውና ገዢዎቻቸው ሄዱ።
ec995549-9f78-550f-acf8-75e2d21edfed,fefaf71a-3405-54bc-a1fd-36c6b08a9c0f,c957ba9b-5cda-50ce-a7e0-dda3ba8ff7be,3,13,ወደ ሆሎፎርኒስም ድንኳን መጥተው ለመጋቢው፥ “እነዚህ ባሮች እስከ መጨረሻው ይጠፉ ዘንድ ሊዋጉን ተደፋፍረው ወርደዋልና ጌታችንን ከእንቅልፉ ቀስቅሰው” አሉት።
f7aec086-52fc-5e0c-ac94-652230fa25a8,fefaf71a-3405-54bc-a1fd-36c6b08a9c0f,c957ba9b-5cda-50ce-a7e0-dda3ba8ff7be,4,14,ባግዋም ከዮዲት ጋር የተኛ መስሎታልና ገብቶ በድንኳኑ አንጻር ያለ በሩን መታ።
96b39264-a26f-5b7c-ac1b-5f274895d612,fefaf71a-3405-54bc-a1fd-36c6b08a9c0f,c957ba9b-5cda-50ce-a7e0-dda3ba8ff7be,5,15,ቃል የሚመልስለት ሰውም በአጣ ጊዜ ድንኳኑን ተርትሮ ወደ እልፍኙ ገባ፤ ሬሳውንም በወለሉ ላይ ወድቆ አገኘው። ራሱም በላዩ አልነበረም።
a2d66348-5a6d-5fd5-a38a-f5f9b42d008a,fefaf71a-3405-54bc-a1fd-36c6b08a9c0f,c957ba9b-5cda-50ce-a7e0-dda3ba8ff7be,6,16,እያለቀሰና እያቃሰተ በታላቅ ቃል ፈጽሞ ጮኸ፤ ልብሱንም ቀደደ።
d63958da-3b30-54a6-a56c-ed3cbe729056,fefaf71a-3405-54bc-a1fd-36c6b08a9c0f,c957ba9b-5cda-50ce-a7e0-dda3ba8ff7be,7,17,ዮዲትም ወደምታድርበት ድንኳን ገባ፤ ነገር ግን አላገኛትም፤ ወደ ሕዝቡም እየሮጠ ሄዶ ጮኸላቸው። እንዲህም አላቸው፦
745c7e0d-13fd-5527-a374-8ed7f1ea966b,fefaf71a-3405-54bc-a1fd-36c6b08a9c0f,c957ba9b-5cda-50ce-a7e0-dda3ba8ff7be,8,18,“እነዚህ ባሮች አታለሉን፤ እነሆ፥ የሆሎፎርኒስ ሬሳው በምድር ላይ ወድቋልና፥ ራሱም በላዩ የለምና አንዲት ዕብራዊት ሴት በንጉሡ በናቡከደነፆር ቤት ላይ ኀፍረትን አድርጋለች።”
449c8214-35b3-5e7c-a6b7-663336fc15e0,fefaf71a-3405-54bc-a1fd-36c6b08a9c0f,c957ba9b-5cda-50ce-a7e0-dda3ba8ff7be,9,19,የአሦር የሠራዊት አለቆችም ይህን ነገር በሰሙ ጊዜ ልብሳቸውን ቀደዱ፤ ሰውነታቸውም ፈጽማ ደነገጠች፤ በታላቅ ድምፅም በሰፈር መካከል ፈጽመው ጮኹ።
e7a21794-8044-51f4-a92c-204a8e06bfa5,50468d89-63d7-5f97-aaea-6eaa80e4bd86,7163499a-2857-5d67-a4af-dc4b0c6f5691,1,1,በሰፈርም የነበሩ ሰዎች በሰሙ ጊዜ ስለ ተደረገው ነገር ደነገጡ፤
a0c99762-4852-576f-aba5-5ba4cccaf438,50468d89-63d7-5f97-aaea-6eaa80e4bd86,7163499a-2857-5d67-a4af-dc4b0c6f5691,2,2,ፍርሀትና እንቅጥቅጥም ያዛቸው፤ ከባልንጀራውም ጋር የቆመ ሰው አልነበረም። ነገር ግን ሁሉም ደንግጠው ወደ ምድረ በዳውና ወደ ተራራማው ሀገር በአንድነት ሸሹ።
a5d97cf9-c0df-597b-a79e-846477335f4e,50468d89-63d7-5f97-aaea-6eaa80e4bd86,7163499a-2857-5d67-a4af-dc4b0c6f5691,3,3,እነዚያም በቤጤልዋ ዙሪያ፥ በሰፈሩና በተራራማው ሀገር የነበሩ ሰዎች ሁሉ ተሸብረው ሸሹ፤ ያንጊዜም አርበኞች የሆኑ የእስራኤል ወንዶች ልጆች ሁሉ ተነሥተው ተከተሏቸው።
a88c0f09-ae4e-5876-a06f-bbd7b00f4ffd,50468d89-63d7-5f97-aaea-6eaa80e4bd86,7163499a-2857-5d67-a4af-dc4b0c6f5691,4,4,ዖዝያንም ስለ ሆነው ሁሉ ይናገሩ ዘንድ፥ ሁሉም ይረዱ ዘንድ፥ ጠላቶቻቸውንም ተከትለው ያጠፏቸው ዘንድ፥ ወደ ቤጦምስታምና ወደ ቢቤ፥ ወደ ኮቤና ወደ ኮላ ወደ እስራኤልም አውራጃ ሁሉ ላከ።
3c42379b-7acb-5172-a80a-9ebb60f094a1,50468d89-63d7-5f97-aaea-6eaa80e4bd86,7163499a-2857-5d67-a4af-dc4b0c6f5691,5,5,የእስራኤልም ልጆች በሰሙ ጊዜ ሁሉም በአንድነት እስከ ኮቤ ድረስ ተከትለው አጠፏቸው፤ በጠላቶቻቸው ሰፈር የሆነውን ነገር ነግረዋቸዋልና ከኢየሩሳሌምና ከአውራጃዋ ሁሉ የመጡ ሰዎች እንደዚሁ አጠፏቸው፤ ከገሊላና ከገለዓድም የመጡ ሰዎች አባረሯቸው፤ ከደማስቆና ከአውራጃዋም እስኪሻገሩ ድረስ ታላቅ ሰልፍ አድርገው አጠፏቸው።
97effd09-1ef6-519f-a71d-4f2129811477,50468d89-63d7-5f97-aaea-6eaa80e4bd86,7163499a-2857-5d67-a4af-dc4b0c6f5691,6,6,በቤጤልዋም የሚኖሩ ሰዎች ወደ አሦራውያን ሰፈር ወርደው ገንዘባቸውን በዘበዝዋቸው፤ ፈጽመውም ከበሩ።
5c460aa4-ecad-5b9a-a989-48cb66c6f689,50468d89-63d7-5f97-aaea-6eaa80e4bd86,7163499a-2857-5d67-a4af-dc4b0c6f5691,7,7,ከዚህ በኋላም የእስራኤል ልጆች ከተዋጉበት ተመለሱ፤ ከብዙ ዘመን ጀምሮ ሰፊ አውራጃቸውን ይዘውባቸው ነበርና የቀሩትን በተራራማው ሀገርና በሜዳው የነበሩትን መንደሮችና ከተሞች ወሰዱ።
3d03bbcb-ed72-5f4f-afb5-6526477594e3,50468d89-63d7-5f97-aaea-6eaa80e4bd86,27499fe8-9094-5405-a3fb-0f26dc14b571,1,8,ታላቁ ካህን ኢዮአቄምና በኢየሩሳሌም የሚኖሩ የእስራኤል ልጆች ሽማግሌዎችም እግዚአብሔር ለእስራኤል ያደረገውን በጎ ነገር ያዩ ዘንድ፥ ዮዲትንም ያዩአት ዘንድ፥ ከእርሷም ጋራ ሰላምታ ያደርጉ ዘንድ መጡ።
82e19166-65a7-5941-a5ef-b1f0af8047d8,50468d89-63d7-5f97-aaea-6eaa80e4bd86,27499fe8-9094-5405-a3fb-0f26dc14b571,2,9,ወደ እርሷም በገቡ ጊዜ ሁሉም በአንድነት መረቋት፤ እንዲህም አሏት፥ “የኢየሩሳሌም ልዕልና አንቺ ነሽ፤ የእስራኤልም ክብራቸው አንቺ ነሽ፤ የወገኖቻችንም መመኪያ አንቺ ነሽ፤
56911106-5cf9-5bef-aca2-754bffad2e12,50468d89-63d7-5f97-aaea-6eaa80e4bd86,27499fe8-9094-5405-a3fb-0f26dc14b571,3,10,ይህ ሁሉ በእጅሽ ተደርጓልና፥ ይህንም በጎ ነገር ለእስራኤል አድርገሻልና፥ እግዚአብሔርም እነርሱን ወዷልና፥ ሁሉን የሚገዛ እግዚአብሔር ለዘለዓለሙ ይባርክሽ!” ሕዝቡም ሁሉ፥ “አሜን” አሉ።
2035c1df-17f4-5f31-a4ba-ac6a7b2005f3,50468d89-63d7-5f97-aaea-6eaa80e4bd86,27499fe8-9094-5405-a3fb-0f26dc14b571,4,11,ሕዝቡም ሠላሳ ቀን ሰፈራቸውን በረበሩ፤ ለዮዲትም የሆሎፎርኒስን ድንኳንና የብሩን ዕቃ ሁሉ፥ ዙፋኑንና ያለውንም ገንዘብ ሁሉ ሰጧት፤ እርሷም ወስዳ በበቅሎዋ ጫነች፤ ሠረገላዎችዋንም ነድታ ከእርሷ ጋር ይዛ ገባች።
5436313a-c6ec-560f-a62b-fcb14b9c4db1,50468d89-63d7-5f97-aaea-6eaa80e4bd86,27499fe8-9094-5405-a3fb-0f26dc14b571,5,12,የእስራኤልም ሴቶች ሁሉ ያይዋት ዘንድ፥ ይመርቋትም ዘንድ ወደ እርሷ ሮጠው ተሰበሰቡ፤ ታላቅ በዓልንም አደረጉላት፤ ዘንባባውንም በእጅዋ ያዘች፤ ከእርሷ ጋራ ላሉ ሴቶችም ሰጠች።
1de6b4bc-a144-5f0c-a1ce-503f54f56369,50468d89-63d7-5f97-aaea-6eaa80e4bd86,27499fe8-9094-5405-a3fb-0f26dc14b571,6,13,ለእርስዋና ከእርስዋ ጋር ለነበረችውም ብላቴና የወይራ ጕንጕን አደረጉላቸው፤ በሕዝቡም ፊት ሴቶችን ሁሉ እየመራች በዝማሬ ሄደች፤ የእስራኤልም አርበኞች ሁሉ የጦር መሣሪያቸውን ከዘንባባ ጋር ይዘው እየዘመሩ ተከተሏት።
8b6db25b-e157-51aa-a22a-3bdb0a9e6c88,391a3e8e-6826-5436-aa58-e38354cd4d7f,804330ce-7c5e-5125-a344-231d7d810622,1,1,ዮዲትም ይህቺን የምስጋና መዝሙር በእስራኤል ሁሉ ዘንድ ትዘምር ጀመረች፤ ሕዝቡም ሁሉ ይህቺን የምስጋና መዝሙር ከእርስዋ ቀጥለው ዘመሩ።
6db88c5a-f59f-5c9c-a22b-aad9720f296f,391a3e8e-6826-5436-aa58-e38354cd4d7f,804330ce-7c5e-5125-a344-231d7d810622,2,2,ዮዲትም አለች፥ “አምላኬን በከበሮ አመስግኑት፤
e5f3c84b-2627-5436-a087-398894cf08c5,391a3e8e-6826-5436-aa58-e38354cd4d7f,804330ce-7c5e-5125-a344-231d7d810622,3,3,እግዚአብሔር በጦርነት ጦርን ያሸንፋልና።
f930daea-4840-5741-afdd-4f8a5c4ead7c,391a3e8e-6826-5436-aa58-e38354cd4d7f,804330ce-7c5e-5125-a344-231d7d810622,4,4,ስሙም እግዚአብሔር ነው፤
d4073b56-d35e-5f65-a66c-31507192d887,391a3e8e-6826-5436-aa58-e38354cd4d7f,804330ce-7c5e-5125-a344-231d7d810622,5,5,አሦራውያን በመስዕ በኩል ከተራራው ወጡ፤
fa642928-ba78-5b8e-a294-29a1126ddf2f,391a3e8e-6826-5436-aa58-e38354cd4d7f,804330ce-7c5e-5125-a344-231d7d810622,6,6,አውራጃችንን በእሳት ያቃጥሉ ዘንድ፥
10d36ca2-bb3e-587f-a90a-e029efba9252,391a3e8e-6826-5436-aa58-e38354cd4d7f,804330ce-7c5e-5125-a344-231d7d810622,7,7,ነገር ግን ሁሉን ቻይ እግዚአብሔር በሴት እጅ አጠፋቸው።
85eae546-a87e-5cf0-ac7e-a11d1fdbd05f,391a3e8e-6826-5436-aa58-e38354cd4d7f,804330ce-7c5e-5125-a344-231d7d810622,8,8,አርበኛቸው በጐልማሳ እጅ ድል አልተነሣምና፥
65e0a7b8-853c-5cb1-afe8-b4ff455cd609,391a3e8e-6826-5436-aa58-e38354cd4d7f,804330ce-7c5e-5125-a344-231d7d810622,9,9,የመበለትነቷንም ልብስ በእስራኤል ዘንድ ስለሚጨነቁት ሰዎች ስትል ተወች።
a7681cc9-1208-5069-a51e-0701b2e5919c,391a3e8e-6826-5436-aa58-e38354cd4d7f,804330ce-7c5e-5125-a344-231d7d810622,10,10,ፊትዋንም ሽቱ ተቀባች፤
20c613ac-bc37-594a-afef-fae24331063b,391a3e8e-6826-5436-aa58-e38354cd4d7f,804330ce-7c5e-5125-a344-231d7d810622,11,11,ጫማዎችዋም ዐይኖቹን በዘበዙ፤
bb12f2d8-e4b0-5c04-a204-544588a5a5a1,391a3e8e-6826-5436-aa58-e38354cd4d7f,804330ce-7c5e-5125-a344-231d7d810622,12,12,ከመደፋፈርዋም የተነሣ የፋርስ ሰዎች ደነገጡ፤
3283cb7a-e612-58c3-a62f-6a943682a857,391a3e8e-6826-5436-aa58-e38354cd4d7f,804330ce-7c5e-5125-a344-231d7d810622,13,13,ያንጊዜ የተጨነቁ ወገኖች ደስ ብሏቸው ደነፉ፤
56e7374f-ca22-51f7-a7e6-82fc8b8776ef,391a3e8e-6826-5436-aa58-e38354cd4d7f,804330ce-7c5e-5125-a344-231d7d810622,14,14,የሴቶች ልጆች ልጆችም አሳድደው ወጓቸው፤
eff85046-98a7-5740-ac0b-397937f4d59b,391a3e8e-6826-5436-aa58-e38354cd4d7f,804330ce-7c5e-5125-a344-231d7d810622,15,15,ለእግዚአብሔር መዝሙር እዘምራለሁ፤
696b64e4-5b51-59df-ac47-763594efbace,391a3e8e-6826-5436-aa58-e38354cd4d7f,804330ce-7c5e-5125-a344-231d7d810622,16,16,እግዚአብሔር ሆይ፥ ገናና ነህ፤
7a1d0947-aab7-5aab-afd5-1a686e5f7787,391a3e8e-6826-5436-aa58-e38354cd4d7f,804330ce-7c5e-5125-a344-231d7d810622,17,17,ፍጥረትህ ሁሉ ለአንተ ይገዛሉ፤
c27931c8-1431-583b-a8dc-8a11cf85442a,391a3e8e-6826-5436-aa58-e38354cd4d7f,804330ce-7c5e-5125-a344-231d7d810622,18,18,ተራሮች ከውኆች ጋር ከመሠረቶቻቸው ይነዋወጣሉና፤
a9d51c91-041d-5b51-a037-d05eb538fd9f,391a3e8e-6826-5436-aa58-e38354cd4d7f,804330ce-7c5e-5125-a344-231d7d810622,19,19,መሥዋዕቱ ሁሉ ለበጎ መዓዛ አይበቃምና፥
6830b289-c388-5fa9-a2f9-cc287561cce5,391a3e8e-6826-5436-aa58-e38354cd4d7f,804330ce-7c5e-5125-a344-231d7d810622,20,20,በወገኖች ላይ በጠላትነት ለሚነሡ ለአሕዛብ ወዮላቸው፤
ebbd6338-d93f-528c-ab7e-ba4bccfb9dcd,391a3e8e-6826-5436-aa58-e38354cd4d7f,804330ce-7c5e-5125-a344-231d7d810622,21,21,በሥጋቸውም እሳትና ትልን ይልክባቸዋል፤
347ee41a-d8aa-5bd4-ab60-7f5f7c91495d,391a3e8e-6826-5436-aa58-e38354cd4d7f,804330ce-7c5e-5125-a344-231d7d810622,22,22,ወደ ኢየሩሳሌምም በደረሱ ጊዜ ለእግዚአብሔር ሰገዱ፤ ሕዝቡም ራሳቸውን ባነጹ ጊዜ የሚቃጠለውን መሥዋዕታቸውንና የፈቃድ ቍርባናቸውን፥ ስጦታቸውንም አቀረቡ።
b1651f62-5054-5191-ab7f-609532f2fd88,391a3e8e-6826-5436-aa58-e38354cd4d7f,804330ce-7c5e-5125-a344-231d7d810622,23,23,ዮዲትም ሕዝቡ የሰጧትን የሆሎፎርኒስን ገንዘብ፥ ከመኝታ ቤቱም የወሰደችውን የራስጌውን ሰይፍ ለመታሰቢያ ለእግዚአብሔር ሰጠች።
ceab465d-d778-5792-ac2a-566035f16990,391a3e8e-6826-5436-aa58-e38354cd4d7f,804330ce-7c5e-5125-a344-231d7d810622,24,24,ሕዝቡም በኢየሩሳሌም በቤተ መቅደስ ፊት ሦስት ወር ደስታ አደረጉ፤ ዮዲትም ከእነርሱ ጋር ተቀመጠች።
5ad24a6a-7078-502c-a0ed-6281193146a2,391a3e8e-6826-5436-aa58-e38354cd4d7f,804330ce-7c5e-5125-a344-231d7d810622,25,25,ከእነዚያም ወራት በኋላ ሰው ሁሉ ወደ ርስቱ ተመለሰ፤ ዮዲትም ወደ ቤጤልዋ ተመልሳ በንብረቷ ኖረች፤ በዘመኗም በሀገሩ ሁሉ የከበረች ሆነች።
09e24437-e579-584a-aad3-f8072d40058d,391a3e8e-6826-5436-aa58-e38354cd4d7f,804330ce-7c5e-5125-a344-231d7d810622,26,26,የሚፈልጓትም ብዙዎች ነበሩ፤ ባሏ ምናሴ ሞቶ በወገኖቹ ዘንድ ከተቀበረ ጀምሮ በሕይወት ዘመኗ ሁሉ በግብር ያወቃት ሰው የለም።
2943e46b-e6e5-5350-a683-a893b66e4932,391a3e8e-6826-5436-aa58-e38354cd4d7f,804330ce-7c5e-5125-a344-231d7d810622,27,27,ፈጽማም በክብር ገነነች።
ddeb30db-906d-566e-ae06-9c51a104c2e2,391a3e8e-6826-5436-aa58-e38354cd4d7f,804330ce-7c5e-5125-a344-231d7d810622,28,28,በባሏ በምናሴም ቤት እስክታረጅ ድረስ ኖረች፤ ዕድሜዋም መቶ ዐምስት ዐመት ነበር፤ ያችንም ብላቴናዋን ነጻ አወጣቻት፤ በቤጤልዋ ሞታ በባሏ በምናሴ ዋሻ ተቀበረች፤
2fa2a995-6fca-5b7b-add6-34e8c9a714fb,391a3e8e-6826-5436-aa58-e38354cd4d7f,804330ce-7c5e-5125-a344-231d7d810622,29,29,የእስራኤልም ወገኖች ሰባት ቀን አለቀሱላት፤ ከመሞትዋም በፊት ገንዘብዋን ለባልዋ ለምናሴ አቅራቢያና ለእርሷ አቅራቢያ ለሆኑ ዘመዶችዋ አካፈለች።
0a29c6f0-c30f-5faf-a1ef-9dc15b597202,391a3e8e-6826-5436-aa58-e38354cd4d7f,804330ce-7c5e-5125-a344-231d7d810622,30,30,የእስራኤልንም ልጆች በዮዲት ዘመን፥ ዳግመኛም እርስዋ ከሞተች በኋላ ለብዙ ዘመን ያስፈራቸው አልነበረም።
740a583c-f8c1-5e14-a5aa-dbaac65d44f6,16c3f92c-c510-5f3a-ab29-b5a4aa6b15ad,dca031a1-65e6-592b-a247-28b7487fdca7,1,1,ታላቁ ንጉሥ አርጤክስስ በነገሠ በሁለተኛው ዓመት በኒሳን መባቻ የኢያዕር የሰሜኢ የቂስ ልጅ ከብንያም የተወለደ አይሁዳዊው መርዶክዮስ ሕልም አየ፤
e3d35a1f-fb76-5be2-a009-5ef16f306236,16c3f92c-c510-5f3a-ab29-b5a4aa6b15ad,dca031a1-65e6-592b-a247-28b7487fdca7,2,2,እርሱም በሱሳ ከተማ ይኖር ነበር፤ ታላቅ ሰውም ነበረ፤ በንጉሡ ቤት አደባባይም ያገለግል ነበር።
fb175bb1-62cd-5441-aaff-a9f723d41bf9,16c3f92c-c510-5f3a-ab29-b5a4aa6b15ad,dca031a1-65e6-592b-a247-28b7487fdca7,3,3,እርሱም የባቢሎን ንጉሥ ናቡከደነፆር ከይሁዳው ንጉሥ ከኢኮንያን ጋር ከኢየሩሳሌም ከማረካቸው ምርኮኞች አንዱ ነበረ።
c47972b7-a8eb-544a-ae7e-4765fa8f1035,16c3f92c-c510-5f3a-ab29-b5a4aa6b15ad,dca031a1-65e6-592b-a247-28b7487fdca7,4,4,ሕልሙም ይህ ነበረ፦ እነሆ ቃል፥ የምድር መነዋወጥና ሁከት፥ ነጐድጓድም ተሰማ፤ በምድርም ላይ ችኮላ ሆነ።
e2777b86-6442-59eb-a7c1-057e03b6fa6f,16c3f92c-c510-5f3a-ab29-b5a4aa6b15ad,dca031a1-65e6-592b-a247-28b7487fdca7,5,5,እነሆም ለጠብ የተዘጋጁ ሁለት ታላላቅ ዘንዶዎች መጡ፤ ቃላቸውም ታላቅ ሆነ።
ae387988-7214-50b6-ac1e-da8bfecdb9c0,16c3f92c-c510-5f3a-ab29-b5a4aa6b15ad,dca031a1-65e6-592b-a247-28b7487fdca7,6,6,በቃላቸውም አሕዛብ ሁሉ ጻድቃን ሕዝብን ይዋጉ ዘንድ ለሰልፍ ተዘጋጁ።
ec38af06-a16e-5b85-a0c7-ab6d7fe67725,16c3f92c-c510-5f3a-ab29-b5a4aa6b15ad,dca031a1-65e6-592b-a247-28b7487fdca7,7,7,እነሆም ጭጋግና ጨለማ፥ ኀዘንና መከራ፥ ጭንቅና ታላቅ ሁከት በምድር ላይ የሚደረግበት ቀን ሆነ፤
2b63cae4-542f-5400-a5ef-9eefa4b43b8d,16c3f92c-c510-5f3a-ab29-b5a4aa6b15ad,dca031a1-65e6-592b-a247-28b7487fdca7,8,8,ጻድቃን ሕዝቦች ሁሉ ክፋታቸውን እየፈሩ ታወኩ። ለጥፋትም ተዘጋጁ፤
bc7c01b2-1406-5164-a7af-f3c1d11f9e02,16c3f92c-c510-5f3a-ab29-b5a4aa6b15ad,dca031a1-65e6-592b-a247-28b7487fdca7,9,9,ወደ እግዚአብሔርም ጮኹ፤ ከጩኸታቸውም የተነሣ ከትንሽ ምንጭ ብዙ ውኃ እንዳለበት እንደ ትልቅ ወንዝ ሆነ፤
18465e5e-739a-5910-aab5-3cd55a75cf13,16c3f92c-c510-5f3a-ab29-b5a4aa6b15ad,dca031a1-65e6-592b-a247-28b7487fdca7,10,10,ብርሃንና ፀሐይ ወጣ፤ የተዋረዱም ሰዎች ከፍ ከፍ አሉ፤ የከበሩ ሰዎችንም አጠፉአቸው።
a2983e1c-a9d0-5776-a285-5654ffa470c3,16c3f92c-c510-5f3a-ab29-b5a4aa6b15ad,dca031a1-65e6-592b-a247-28b7487fdca7,11,11,መርዶክዮስም ይህን ሕልም እግዚአብሔርም ያደርግ ዘንድ የቈረጠውን ነገር አይቶ ነቃ፤ ይህንም ነገር በልቡ ጠበቀ፤ እስከ ሌሊትም ድረስ በሁሉም አቅጣጫ ያስተውለው ዘንድ ወደደ።
95023136-2cdc-5469-a4d8-13b07f4f9cd0,16c3f92c-c510-5f3a-ab29-b5a4aa6b15ad,a079f714-6691-5714-abef-49e394e071af,1,12,መርዶክዮስም ሀገሩንና አደባባይዋን ከሚጠብቁ ከንጉሡ ባለሟሎች ከሁለቱ ከታራና ከገበታ ጋር በአደባባይ ይቀመጥ ነበረ።
ad9be9de-9451-5afa-a8bb-0a6cbd98279b,16c3f92c-c510-5f3a-ab29-b5a4aa6b15ad,a079f714-6691-5714-abef-49e394e071af,2,13,ያሰቡት ምክራቸውንም ሰማ፤ ንጉሡን አርጤክስስን ይገድሉት ዘንድ ሴራን እንደ አዘጋጁ ዐወቀ፤ ተረዳም፤ ለንጉሡም የእነርሱን ነገር ነገረው።
577722f8-2a4c-5a65-a660-b2deb9b56fe6,16c3f92c-c510-5f3a-ab29-b5a4aa6b15ad,a079f714-6691-5714-abef-49e394e071af,3,14,ንጉሡም ሁለቱን ባለሟሎቹን መረመራቸው፤ ኀጢአታቸውንም አምነው በሞት ተቀጡ።
dc8b197a-a5fd-5a7c-a9d9-3e5d05979016,16c3f92c-c510-5f3a-ab29-b5a4aa6b15ad,a079f714-6691-5714-abef-49e394e071af,4,15,ንጉሡም ይህን ነገር በታሪክ ማስታወሻው ጻፈው፤ መርዶክዮስም ይህን ነገር ጻፈው።
edcdb365-8134-594d-adca-cb06d2c76369,16c3f92c-c510-5f3a-ab29-b5a4aa6b15ad,a079f714-6691-5714-abef-49e394e071af,5,16,ንጉሡም መርዶክዮስን በንጉሡ ግቢ ያገለግል ዘንድ አዘዘው፤ ስለዚህም ነገር ድርጎ አወጣለት።
f2a61d56-7cae-5bf4-a588-b78350ecbbc3,16c3f92c-c510-5f3a-ab29-b5a4aa6b15ad,a079f714-6691-5714-abef-49e394e071af,6,17,የአግ ወገን የሆነ የሐመዳቱ ልጅ ሐማ ግን የከበረ ነበረ፤ በንጉሡም ፊት ይቆም ነበር፤ የንጉሡ ባለሟሎች የሆኑ እነዚያ ሰዎች ስለ ሞቱ በወገኖቹና በመርዶክዮስ ክፉ ነገርን ያደርግ ዘንድ ይፈልግ ነበር።
353041ab-9577-5da3-a271-d772e8ac7e36,16c3f92c-c510-5f3a-ab29-b5a4aa6b15ad,59ab0fe9-548c-5645-a6a6-b79d2102fb3b,1,18,በአርጤክስስም ዘመን እንዲህ ሆነ፤ ይህም አርጤክስስ ከሕንድ ጀምሮ እስከ ኢትዮጵያ ድረስ በመቶ ሃያ ሰባት ሀገሮች ነገሠ።
c2102080-4d50-5827-ae80-c0b9c532aee3,16c3f92c-c510-5f3a-ab29-b5a4aa6b15ad,59ab0fe9-548c-5645-a6a6-b79d2102fb3b,2,19,በዚያም ዘመን ንጉሥ አርጤክስስ በሱሳ ከተማ በመንግሥቱ ዙፋን ላይ ተቀምጦ ሳለ፥
d8402697-ca2d-5cf0-a100-d25abbb29d8e,16c3f92c-c510-5f3a-ab29-b5a4aa6b15ad,59ab0fe9-548c-5645-a6a6-b79d2102fb3b,3,20,በነገሠ በሦስተኛው ዓመት ለባለሟሎቹና ለአገልጋዮቹ፥ ለቀሩትም ለፋርስና ለሜዶን ታላላቆች ሁሉ፥ ለሠራዊቱም አለቆች ሁሉ ግብዣ አደረገ።
6f0fc764-e352-54c8-a63c-6a8977345298,16c3f92c-c510-5f3a-ab29-b5a4aa6b15ad,59ab0fe9-548c-5645-a6a6-b79d2102fb3b,4,21,ከዚህም በኋላ የከበረውን የመንግሥቱን ሀብት፥ የታላቁንም የግርማዊነቱን ክብር መቶ ሰማንያ ቀን ያህል አሳያቸው።
49265cf4-13fb-5508-adfb-9780acb6dd9c,16c3f92c-c510-5f3a-ab29-b5a4aa6b15ad,59ab0fe9-548c-5645-a6a6-b79d2102fb3b,5,22,የሰርጉም ቀኖች በተፈጸሙ ጊዜ ንጉሡ በከተማ ለተገኙት ሕዝብ ሁሉ በንጉሡ ቤት አደባባይ ስድስት ቀን ግብዣ አደረገ።
8ac4abcf-bc9a-5959-a567-3f255ad3504e,16c3f92c-c510-5f3a-ab29-b5a4aa6b15ad,59ab0fe9-548c-5645-a6a6-b79d2102fb3b,6,23,በቤቱም ነጭ፥ አረንጓዴና ሰማያዊ መጋረጃዎች ከጥሩ በፍታና ከሐምራዊ ግምጃ በተሠራ ገመድ በብር ቀለበትና በዕብነ በረድ አዕማድ ላይ ተዘርግተው ነበር፤ አልጋዎቹም ከወርቅና ከብር ተሠርተው በቀይና በነጭ፥ በብጫና በጥቁር ዕብነ በረድ ወለል ላይ ነበሩ።
c4588322-0c39-5e94-a7b0-2fd063e32fca,16c3f92c-c510-5f3a-ab29-b5a4aa6b15ad,59ab0fe9-548c-5645-a6a6-b79d2102fb3b,7,24,የወርቅና የብር ጽዋዎች ነበሩ፤ ዋጋው ሠላሳ ሺህ የሚሆን የከበረ የዕንቍ ጽዋዕም ነበረ። ወይኑም ብዙ ነበር፤ ንጉሡም የሚጠጣው ወይን መዓዛ እጅግ መልካም ነበር።
50e0b4c2-f848-5016-afe0-b6bb6689e09d,16c3f92c-c510-5f3a-ab29-b5a4aa6b15ad,59ab0fe9-548c-5645-a6a6-b79d2102fb3b,8,25,በዓሉ ንጉሡ እንደ ፈቀደ ነበረ እንጂ እንደ ቀደመው ወግ አልነበረም። የእርሱንና የሰዎችን ፈቃድ ያደርጉ ዘንድ የቤቱን አዛዦች አዝዞ ነበርና።
fd67c01c-8ab0-5d22-abab-19ce58423c76,16c3f92c-c510-5f3a-ab29-b5a4aa6b15ad,59ab0fe9-548c-5645-a6a6-b79d2102fb3b,9,26,ንግሥቲቱም አስጢን በንጉሡ በአርጤክስስ ቤተ መንግሥት ለሴቶች ግብዣ አደረገች።
3b08f837-b244-5ed7-aa67-ca344c525348,16c3f92c-c510-5f3a-ab29-b5a4aa6b15ad,59ab0fe9-548c-5645-a6a6-b79d2102fb3b,10,27,በሰባተኛውም ቀን ንጉሡ አርጤክስስ ደስ ባለው ጊዜ በፊቱ የሚያገለግሉትን ሰባቱን ጃንደረቦች ሐማን፥ ባዛንን፥ ታራን፥ ባራዚንን፥ ዘቶልታን፥ አባታዛን፥ ታራባን
25f51cfb-3101-5654-a007-22d8d243995e,16c3f92c-c510-5f3a-ab29-b5a4aa6b15ad,59ab0fe9-548c-5645-a6a6-b79d2102fb3b,11,28,ንግሥቲቱ አስጢን መልከ መልካም ነበረችና ውበቷ ለአሕዛብ አለቆች እንዲታይ ዘውድ ጭነው ወደ ንጉሡ ፊት ያመጡአትና ያነግሡአት ዘንድ አዘዛቸው።
0c8f2a5e-5989-5626-ae2b-d2496b194804,16c3f92c-c510-5f3a-ab29-b5a4aa6b15ad,59ab0fe9-548c-5645-a6a6-b79d2102fb3b,12,29,ነገር ግን ንግሥቲቱ አስጢን በጃንደረቦች እጅ በላከው በንጉሡ ትእዛዝ ትመጣ ዘንድ እንቢ አለች፤ ንጉሡም አዝኖ እጅግ ተቈጣ።
f8b6c20b-68b4-5fc5-a9a6-504e0bb71e51,16c3f92c-c510-5f3a-ab29-b5a4aa6b15ad,59ab0fe9-548c-5645-a6a6-b79d2102fb3b,13,30,እርሱም አስጢን ያለችውን ለወዳጆቹ ነገራቸው፤ እንግዲህ እንደ ሕጉና እንደ ፍርዱም አድርጉ አላቸው፤
84e24933-0cf9-5cad-a007-0fc893476df6,16c3f92c-c510-5f3a-ab29-b5a4aa6b15ad,59ab0fe9-548c-5645-a6a6-b79d2102fb3b,14,31,በመንግሥቱም ቀዳሚዎች ሆነው የሚቀመጡ የንጉሡ ባለሟሎች የፋርስና የሜዶን መሳፍንት አርቄስዮስ፥ ሰርስትዮስ፥ ሚሊሲአር ወደ እርሱ መጡ፤
17425c98-7991-51ef-aa33-1b67a3dafdc7,16c3f92c-c510-5f3a-ab29-b5a4aa6b15ad,59ab0fe9-548c-5645-a6a6-b79d2102fb3b,15,32,ንጉሡም በጃንደረቦች እጅ ያዘዘውን ስላላደረገች በንግሥቲቱ በአስጢን ላይ ምን እንደሚያደርጉ እንደ ሕጉ ነገሩት።
8df2170f-c109-57d6-abd5-c3c294e1bfb5,16c3f92c-c510-5f3a-ab29-b5a4aa6b15ad,59ab0fe9-548c-5645-a6a6-b79d2102fb3b,16,33,ሜኬዎስም ለንጉሡና ለአለቆቹ እንዲህ አላቸው፥ “ንግሥት አስጢን ንጉሡን ብቻ የበደለች አይደለችም፤ አለቆቹንና የንጉሡን ሹሞች ሁሉ እንጂ።”
787f8dc1-ce36-552c-a6e7-1c2101a46e1b,16c3f92c-c510-5f3a-ab29-b5a4aa6b15ad,59ab0fe9-548c-5645-a6a6-b79d2102fb3b,17,34,እርሱም ንጉሡን እንቢ እንዳለችው የንግሥቲቱን ቃል ነገራቸው። “ዛሬ ይህች ንጉሡን አርጤክስስን እንሲ ካለችው፦
7b3ac947-23ff-500d-a7da-552f70e37f9a,16c3f92c-c510-5f3a-ab29-b5a4aa6b15ad,59ab0fe9-548c-5645-a6a6-b79d2102fb3b,18,35,ዛሬም የፋርስና የሜዶን መኳንንት ሚስቶች ንግሥቲቱ ለንጉሡ የመለሰችለትን ሰምተው እነርሱም ደፍረው ባሎቻቸውን ይንቃሉ።
6375a8bf-80ae-5889-a629-0318a1289672,16c3f92c-c510-5f3a-ab29-b5a4aa6b15ad,59ab0fe9-548c-5645-a6a6-b79d2102fb3b,19,36,ንጉሡም ቢፈቅድ ንግሥቲቱ አስጢን ወደ ንጉሡ ወደ አርጤክስስ ፊት ከእንግዲህ ወዲያ እንዳትገባ የንጉሡ ትእዛዝ ከእርሱ ይውጣ፤ እንዳይለወጥም በፋርስና በሜዶን ሕግ ይጻፍ፤ ንጉሡም ንግሥትነቷን ከእርስዋ ለተሻለችው ለሌላዪቱ ሴት ይስጥ።
d8361ea5-5311-5e94-a9c0-b2636a5ed11b,16c3f92c-c510-5f3a-ab29-b5a4aa6b15ad,59ab0fe9-548c-5645-a6a6-b79d2102fb3b,20,37,ንጉሡም የሠራው ሕግ በመንግሥቱ ሁሉ በሰፊው ይነገር፤ ያንጊዜ ሴቶች ሁሉ ባሎቻቸውን ባለጸጋም ቢሆን ድሃም ቢሆን ያከብራሉ።”
4276dabf-8dac-5a51-a9ff-51ee45e0b9cb,16c3f92c-c510-5f3a-ab29-b5a4aa6b15ad,59ab0fe9-548c-5645-a6a6-b79d2102fb3b,21,38,ይህም ምክር ንጉሡንና አዛውንቶቹን ደስ አሰኛቸው፤ ንጉሡም እንደ ሜኬዎስ ቃል አደረገ።
c7ad7b91-46c8-5617-a51e-3c766b458814,16c3f92c-c510-5f3a-ab29-b5a4aa6b15ad,59ab0fe9-548c-5645-a6a6-b79d2102fb3b,22,39,ንጉሡም ሚስቶች ባሎቻቸውን ይፈሩአቸው ዘንድ በመንግሥቱ ወደ አሉ ሀገሮች ሁሉ በዚሁ ቃል ላከ።
a1929779-ff22-5ef1-aae3-f2ed07b51af5,455eca51-cea4-5884-ad6d-0019320b82e9,c84749db-9f0e-5858-a615-ff586f7ba2bd,1,1,ከዚህም ነገር በኋላ የንጉሡ የአርጤክስስ ቍጣ በበረደ ጊዜ ምን እንዳለችውና እንዴት እንደፈረደባት አስታውሶ አስጢንን ረሳት።
8fb3781a-a42a-5836-a416-fc112b5bcb0b,455eca51-cea4-5884-ad6d-0019320b82e9,c84749db-9f0e-5858-a615-ff586f7ba2bd,2,2,ንጉሡንም የሚያገለገሉ ብላቴኖች እንዲህ አሉት፥ “መልከ መልካም የሆኑ ደናግል ለንጉሡ ይፈለጉለት።
022f2f02-3057-5414-a7a7-9fbb6c07b193,455eca51-cea4-5884-ad6d-0019320b82e9,c84749db-9f0e-5858-a615-ff586f7ba2bd,3,3,ንጉሡም በመንግሥቱ ሀገሮች ሁሉ አለቆችንና መሳፍንትን ይሹም፤ መልከ መልካም ደናግል ልጆችንም ይምረጡለት፤ ወደ ሱሳ ከተማ ወደ ሴቶች ቤትም ያምጡአቸው፤ ሴቶችን ለሚጠብቅ ለንጉሡ ጃንደረባም ይስጡአቸው፤ ቅባትና የሚያስፈልጋቸውንም ይስጧቸው።
d97b57e8-b6c8-5bd0-a74b-3e0d5690d819,455eca51-cea4-5884-ad6d-0019320b82e9,c84749db-9f0e-5858-a615-ff586f7ba2bd,4,4,ከእነርሱም ንጉሡን ደስ የምታሰኝ ቆንጆ በአስጢን ስፍራ ከእርሱ ጋር ትንገሥ።” ይህም ነገር ንጉሡን ደስ አሰኘው፤ እንዲሁም አደረገ።
6e8ef6b9-25f8-5af9-ab6a-38ab8cc3113f,455eca51-cea4-5884-ad6d-0019320b82e9,c84749db-9f0e-5858-a615-ff586f7ba2bd,5,5,አንድ አይሁዳዊ የቂስ ልጅ የሰሜኢ ልጅ የኢያዕር ልጅ መርዶክዮስ የሚባል ከብንያም ወገን በሱሳ ከተማ ነበረ።
8629f921-b42c-59aa-a573-6f57ab83c255,455eca51-cea4-5884-ad6d-0019320b82e9,c84749db-9f0e-5858-a615-ff586f7ba2bd,6,6,እርሱም የባቢሎን ንጉሥ ናቡከደነፆር ከኢየሩሳሌም ከማረካቸው ምርኮኞች ወገን ነበረ።
83f7be6a-2da0-5071-a61d-be3084bb3193,455eca51-cea4-5884-ad6d-0019320b82e9,c84749db-9f0e-5858-a615-ff586f7ba2bd,7,7,ያሳደጋትም ልጅ ነበረችው፤ እርስዋም የአጎቱ የአሚናዳብ ልጅ ነበረች፤ ስምዋም አስቴር ይባል ነበር። ከወላጆችዋም በወጣች ጊዜ ልጅ ትሆነው ዘንድ አሳድጎአት ነበር፤ ያችም ልጅ መልከ መልካም ነበረች።
f3dffda9-e929-5864-a075-badb078f2170,455eca51-cea4-5884-ad6d-0019320b82e9,c84749db-9f0e-5858-a615-ff586f7ba2bd,8,8,የንጉሡም ትእዛዝና አዋጅ በተሰማ ጊዜ ብዙ ቆነጃጅት ወደ ሱሳ ከተማ ወደ ጋይ እጅ ተሰበሰቡ፤ አስቴርም ወደ ንጉሡ ቤት ወደ ሴቶች ጠባቂው ወደ ጋይ ተወሰደች።
3fd04927-7b71-58ca-abcc-aee8f144e404,455eca51-cea4-5884-ad6d-0019320b82e9,c84749db-9f0e-5858-a615-ff586f7ba2bd,9,9,ልጅቱም ደስ አሰኘችው፤ በእርሱም ዘንድ ሞገስን አገኘች፤ ቅባቷንም፥ ድርሻዋንም ከንጉሡ ቤት ልታገኝ የሚገባትን ሰባት ደንገጥሮች ፈጥኖ ሰጣት፥ እርስዋንና ደንገጥሮችዋንም በሴቶች ቤት በተመረጠ ስፍራ አኖረ።
453bac73-e79e-59f2-a31b-d24db41fe1ea,455eca51-cea4-5884-ad6d-0019320b82e9,c84749db-9f0e-5858-a615-ff586f7ba2bd,10,10,መርዶክዮስ እንዳትናገር አዝዞአት ነበርና አስቴር ሕዝብዋንና ወገንዋን አልተናገረችም።
0cb2a53c-648d-5f7c-a6ae-2f86fe9bf309,455eca51-cea4-5884-ad6d-0019320b82e9,c84749db-9f0e-5858-a615-ff586f7ba2bd,11,11,መርዶክዮስም የአስቴርን ደኅንነትና የሚሆንላትን ያውቅ ዘንድ ዕለት ዕለት በሴቶች ቤት ወለል ትይዩ ይመላለስ ነበር።
b60d1883-5564-5d48-a667-a6f2b6803fb2,455eca51-cea4-5884-ad6d-0019320b82e9,c84749db-9f0e-5858-a615-ff586f7ba2bd,12,12,የመንጻታቸውም ወራት ስድስት ወር ያህል በከርቤ ዘይት፥ ስድስት ወርም በጣፋጭ ሽቱና በልዩ ልዩም በሚያነጻ ነገር ይፈጸም ነበርና እንደ ሴቶች ወግ ዐሥራ ሁለት ወር እንዲሁ ከተደረገላት በኋላ ወደ ንጉሡ ወደ አርጤክስስ ለመግባት የአንዳንዲቱ ቆንጆ ተራ በደረሰ ጊዜ፥
7ded19ab-2d20-5a65-a5a5-112d0f2c635c,455eca51-cea4-5884-ad6d-0019320b82e9,c84749db-9f0e-5858-a615-ff586f7ba2bd,13,13,በዚህ ወግ ቆንጆዪቱ ወደ ንጉሡ ትገባ ነበር፤ ከሴቶች ቤት ወደ ንጉሡ ቤት ለመውሰድ የምትሻውን ሁሉ ይሰጡአት ነበር።
6ad7952a-abaa-5b25-a399-c3ff2788045a,455eca51-cea4-5884-ad6d-0019320b82e9,c84749db-9f0e-5858-a615-ff586f7ba2bd,14,14,ማታም ትገባ ነበር፤ ሲነጋም ተመልሳ ወደ ሁለተኛው የሴቶች ቤት ቁባቶችን ወደሚጠብቅ ወደ ንጉሡ ጃንደረባ ወደ ጋይ ትመጣ ነበር፤ ንጉሡም ያልፈለጋት እንደ ሆነ፥ በስምዋም ያልተጠራች እንደ ሆነ ከዚያ ወዲያ ወደ ንጉሡ አትገባም ነበር።
0c199b51-b4af-555f-a307-6aec23c4a0ac,455eca51-cea4-5884-ad6d-0019320b82e9,c84749db-9f0e-5858-a615-ff586f7ba2bd,15,15,ወደ ንጉሡም ትገባ ዘንድ የመርዶክዮስ አጎት የአሚናዳብ ልጅ የአስቴር ተራ በደረሰ ጊዜ የሴቶች ጠባቂ የንጉሡ ጃንደረባ ጋይ ከሚለው በቀር ምንም አልፈለገችም ነበር፤ አስቴርም በሚያዩአት ሁሉ ዐይን ሞገስን አግኝታ ነበር።
4e385d01-498b-5988-a3e2-bdbd1f171925,455eca51-cea4-5884-ad6d-0019320b82e9,c84749db-9f0e-5858-a615-ff586f7ba2bd,16,16,አርጤክስስም በነገሠ በሰባተኛው ዓመት አዳር በሚባለው በዐሥራ ሁለተኛው ወር አስቴር ወደ ንጉሡ ቤት ገባች።
05c6ffff-df7d-591a-a1e6-5592825ed691,455eca51-cea4-5884-ad6d-0019320b82e9,c84749db-9f0e-5858-a615-ff586f7ba2bd,17,17,ንጉሡም ከሴቶች ሁሉ ይልቅ አስቴርን ወደደ፤ በዐይኑም ከደናግል ሁሉ ይልቅ ሞገስንና መወደድን አገኘች፤ የንግሥትነትንም ዘውድ በራስዋ ላይ አደረገ።
ae0f3436-0d30-55e5-add7-52ffb9472847,455eca51-cea4-5884-ad6d-0019320b82e9,c84749db-9f0e-5858-a615-ff586f7ba2bd,18,18,ንጉሡም ለባለሟሎቹና ለአገልጋዮቹ ሁሉ ሰባት ቀን ያህል ትልቅ ግብዣ አደረገ፤ የአስቴርንም ሰርግ ከፍ አደረገው፤ ለሀገሮቹም ሁሉ ይቅርታ አደረገ።
499e8457-e481-5ac1-a0dc-fcbdff814a71,455eca51-cea4-5884-ad6d-0019320b82e9,7853c152-83c9-5453-a507-6a99ae8c08eb,1,19,መርዶክዮስም በንጉሡ በር ያገለግል ነበር።
90dde5bd-f5be-504a-a644-685b6f16a179,455eca51-cea4-5884-ad6d-0019320b82e9,7853c152-83c9-5453-a507-6a99ae8c08eb,2,20,አስቴርም እግዚአብሔርን እንድትፈራ ከእርሱ ጋር እንዳደገችበት ጊዜ ታደርግ ዘንድ መርዶክዮስ አዝዞአት ነበርና መርዶክዮስ እንዳዘዛት ወገንዋንና ሕዝብዋን አልተናገረችም። አስቴርም የአኗኗርዋን ሥርዐት አልለወጠችም።
8451c5a9-8148-52cb-a930-bba2a9d29493,455eca51-cea4-5884-ad6d-0019320b82e9,7853c152-83c9-5453-a507-6a99ae8c08eb,3,21,በዚያም ወራት መርዶክዮስ ከፍ ከፍ ስላለ ደጁን ከሚጠብቁት ከንጉሡ ጃንደረቦች ሁለቱ ተቈጡ፤ ንጉሡን አርጤክስስንም ይገድሉት ዘንድ ፈለጉ።
2c4199d1-33bc-577d-af50-7d3bdf176d8d,455eca51-cea4-5884-ad6d-0019320b82e9,7853c152-83c9-5453-a507-6a99ae8c08eb,4,22,ነገሩም ለመርዶክዮስ ተገለጠ፤ እርሱም ለንግሥቲቱ ለአስቴር ነገራት፤ አስቴርም በመርዶክዮስ ስም ለንጉሡ ነገረች።
2f6e4513-154a-5fe1-aaa3-68f257ba2d6f,455eca51-cea4-5884-ad6d-0019320b82e9,7853c152-83c9-5453-a507-6a99ae8c08eb,5,23,ንጉሡም ሁለቱን ባለሟሎቹን በመረመራቸው ጊዜ አመኑ፤ ሰቀላቸውም። ከዚህም በኋላ ንጉሡ ይህን ነገር ስለ መርዶክዮስ ክብር የመንግሥቱ ታሪክ በተጻፈበት መጽሐፍ ይጽፉት ዘንድ አዘዘ።
30c89dc0-ff3d-5fd6-a8d4-299049ca866c,88d2e280-f6f4-5066-a38e-a4a8b163e8f0,98f64ef2-5cf5-59c8-aa89-3907faeaaef7,1,1,ከዚህም ነገር በኋላ ንጉሡ አርጤክስስ የቡጊያዊውን የሐመዳቱን ልጅ ሐማን ከፍ ከፍ አደረገው፤ ከባለሟሎቹም ሁሉ በላይ አስቀመጠው።
17d63ac0-2f8f-5b8f-ab11-70d1fba51de2,88d2e280-f6f4-5066-a38e-a4a8b163e8f0,98f64ef2-5cf5-59c8-aa89-3907faeaaef7,2,2,ንጉሡም ስለ እርሱ እንዲሁ አዝዞ ነበርና በንጉሡ በር ያሉት የንጉሡ አገልጋዮች ሁሉ ለሐማ ይሰግዱ ነበር። ነገር ግን መርዶክዮስ ብቻ አይሰግድለትም ነበር።
655c23e2-3e90-55b3-abda-982b238f4be1,88d2e280-f6f4-5066-a38e-a4a8b163e8f0,98f64ef2-5cf5-59c8-aa89-3907faeaaef7,3,3,በንጉሡም በር ያሉት የንጉሡ አገልጋዮች መርዶክዮስን፥ “የንጉሡን ትእዛዝ ለምን ትተላለፋለህ?” አሉት።
857d9af1-7c62-5e31-ae86-661c9d4227fb,88d2e280-f6f4-5066-a38e-a4a8b163e8f0,98f64ef2-5cf5-59c8-aa89-3907faeaaef7,4,4,ይህንም ዕለት ዕለት ይነግሩት ነበር፤ እርሱ ግን አይሰማቸውም ነበር፤ ለሐማም የንጉሡን ትእዛዝ እንደማይቀበልና መርዶክዮስ አይሁዳዊ እንደ ሆነ ነገሩት።
78e6c628-5811-5fb5-aa32-04222c20558f,88d2e280-f6f4-5066-a38e-a4a8b163e8f0,98f64ef2-5cf5-59c8-aa89-3907faeaaef7,5,5,ሐማም መርዶክዮስ እንዳልሰገደለት ባየ ጊዜ እጅግ ተቈጣ።
23be242f-7baf-5010-a76f-05873a40bdf1,88d2e280-f6f4-5066-a38e-a4a8b163e8f0,98f64ef2-5cf5-59c8-aa89-3907faeaaef7,6,6,በአርጤክስስ መንግሥት የነበሩትን የአይሁድን ሕዝብ ሁሉ ያጠፋም ዘንድ ፈለገ።
f6b6dd32-8e3c-5813-ac4c-f3cf29eec781,88d2e280-f6f4-5066-a38e-a4a8b163e8f0,98f64ef2-5cf5-59c8-aa89-3907faeaaef7,7,7,ንጉሡ አርጤክስስ በነገሠ በዐሥራ ሁለተኛው ዓመት እንዲህ አደረገ፤ የመርዶክዮስን ወገኖች በአንዲት ቀን ያጠፋቸው ዘንድ በየቀኑና በየወሩ ዕጣ ይጥል ነበር፤ ዕጣውም በአዳር ወር በዐሥራ አራተኛው ቀን ወጣ።
0ade5684-198b-5e13-a94c-42a3ec138901,88d2e280-f6f4-5066-a38e-a4a8b163e8f0,98f64ef2-5cf5-59c8-aa89-3907faeaaef7,8,8,ሐማም ለንጉሡ ለአርጤክስስ እንዲህ ብሎ ነገረው፥ “አንድ ከዳተኛ ሕዝብ በአሕዛብ መካከል በመንግሥትህ ሀገሮች ሁሉ ተበትነዋል፤ ሕጋቸውም ከሕዝቡ ሁሉ ሕግ የተለየ ነው፤ የንጉሡንም ሕግ አይጠብቁም፤ ንጉሡም ይተዋቸው ዘንድ አይገባውም።
dc5eccb1-1f89-577c-ac55-9c3b8ec4ad35,88d2e280-f6f4-5066-a38e-a4a8b163e8f0,98f64ef2-5cf5-59c8-aa89-3907faeaaef7,9,9,ንጉሡም ቢፈቅድ እንዲጠፉ ይጻፍ፤ እኔም ወደ ንጉሡ ግምጃ ቤት ዐሥር ሺህ መክሊት ብር አገባለሁ።”
4661435f-1966-5ebb-aa38-a673738e4757,88d2e280-f6f4-5066-a38e-a4a8b163e8f0,98f64ef2-5cf5-59c8-aa89-3907faeaaef7,10,10,ንጉሡም ቀለበቱን ከእጁ አወለቀ፤ በአይሁድም ላይ የጻፈውን እንዲያትምበት ለሐማ ሰጠው።
65835a81-a7f5-5ac1-a2a8-c749489f59d6,88d2e280-f6f4-5066-a38e-a4a8b163e8f0,98f64ef2-5cf5-59c8-aa89-3907faeaaef7,11,11,ንጉሡም ሐማን፥ “ብሩ ለአንተ ይሁን፤ ሕዝቡንም እንደ ወደድህ አድርግ” አለው።
14ffc74a-3620-5091-a4d2-c3c79c510fdd,88d2e280-f6f4-5066-a38e-a4a8b163e8f0,98f64ef2-5cf5-59c8-aa89-3907faeaaef7,12,12,በመጀመሪያውም ወር ከወሩም በዐሥራ ሦስተኛው ቀን የንጉሡ ጸሓፊዎች ተጠሩ፤ ከሕንድ ጀምሮ እስከ ኢትዮጵያ ድረስ ወዳሉ መቶ ሃያ ሰባት ሀገሮች በየሀገሩ ወዳሉ ሹሞችና አለቆች ወደ አሕዛብም ሁሉ ገዢዎች እንደ ቋንቋቸው በንጉሡ በአርጤክስስ ቃል ሐማ እንዳዘዘ ጻፉ።
bc9c8442-e085-5c32-a188-f02471292251,88d2e280-f6f4-5066-a38e-a4a8b163e8f0,98f64ef2-5cf5-59c8-aa89-3907faeaaef7,13,13,በዐሥራ ሁለተኛው ወር በአዳር በዐሥራ ሦስተኛው ቀን የአይሁድን ዘር ሁሉ በአንድ ቀን ያጠፉ ዘንድ፥ ገንዘባቸውንም ይዘርፉ ዘንድ ደብዳቤዎች በመልእክተኞች እጅ ወደ ንጉሡ ወደ አርጤክስስ ሀገሮች ሁሉ ተላኩ።
7946191a-d096-5eea-a8c7-a4a84f1a95e2,88d2e280-f6f4-5066-a38e-a4a8b163e8f0,ebec1e47-1444-58a0-a4b3-092edf58a939,1,14,የንጉሡ የአርጤክስስ ደብዳቤዎችም እንዲህ ይላሉ፥ “ከሕንድ ጀምሮ እስከ ኢትዮጵያ ድረስ በመቶ ሃያ ሰባት ሀገሮች ላሉ ለደጃዝማቾችና ለራሶች፥ ለመኳንንትም ትድረስ
309f3e4e-ca01-5724-a168-5c2654093e65,88d2e280-f6f4-5066-a38e-a4a8b163e8f0,ebec1e47-1444-58a0-a4b3-092edf58a939,2,15,ብዙ አሕዛብን ከገዛሁ በኋላ፥ ሀገሩን ሁሉ ከገዛሁ በኋላ እነዚህን አጥፍቼ፥ ሁሉን አዘጋጅች ለዘለዓለሙ በየዋሀት፥ በጸጥታ እኖር ዘንድ ወደድሁ። መንግሥቴ የተወደደና፥ ጸጥ ያለ እንደ መሆኑ ሁሉን ሠራርቼ ለእኔ የሚታዘዝልኝ ሁሉ ያለ ድንጋጤ ይኖር ዘንድ ነው እንጂ ራሴን ከፍ ከፍ የማደርግ በመንግሥቴ ጽናት አይደለም፤ ደብዳቤዪቱም እስከ ምድር ዳርቻ ትድረስ፤ ከእኔ ዘንድ የሚገኝ፥ በሕዝቡም ዘንድ የሚወደድ ተድላ ደስታን አደርጋለሁ።
4ad54658-343e-5ce4-a303-398a4d982fee,88d2e280-f6f4-5066-a38e-a4a8b163e8f0,ebec1e47-1444-58a0-a4b3-092edf58a939,3,16,በሚገባ ሁልጊዜ ይህን ማዘጋጀት በምችል ገንዘብ ለአማካሪዎች እሺ ብዬ በልቡናዬ ሳልጸጸት በጎ ነገርን አደርግ ዘንድ መጣሁ።
770950a5-b923-5aa6-a7b0-c464a5ef57de,88d2e280-f6f4-5066-a38e-a4a8b163e8f0,ebec1e47-1444-58a0-a4b3-092edf58a939,4,17,ከእኔም በታች ከተሾመ ወደ በጎ ነገር ከመራን፥ ሥርዐቱም ልዩ የሆነ፥ ከአሕዛብም ሁሉ ተለይቶ ለንጉሡ ትእዛዝ ሁልጊዜ የማይታዘዝ፥ ሕጋችንንና ሥርዐታችንንም እንቢ የሚል ሕዝብ በዚህ ዓለም ሁሉ ካሉ አሕዛብ ሁሉ ጋር አንድ እንደ ሆነ ከነገረን ከሐማ በእውነት በሚገባ ተላከ።
8b8b9679-a22c-5603-a684-dcd56372f4f9,88d2e280-f6f4-5066-a38e-a4a8b163e8f0,ebec1e47-1444-58a0-a4b3-092edf58a939,5,18,ይህንም ሕዝብ ብቻውን ተለይቶ፥ ሥርዐቱም ከሰው ሥርዐት የተለየ ሆኖ፥ ባዕድም ሆኖና ተለውጦ፥ ከሕጋችንም ወጥቶ አገኘነው። ፈቃዳቸውንም ለመፈጸም ክፉ ሥራ ይሠራሉ፤ መንግሥታችንንም እንደ ኢምንት አደረጓት።
01718365-1fca-5365-a82c-a3b8bfea838c,88d2e280-f6f4-5066-a38e-a4a8b163e8f0,ebec1e47-1444-58a0-a4b3-092edf58a939,6,19,በሁሉም ላይ በተሾመ፥ ከአባታችን በታች በሆነ በሐማ ደብዳቤዎች ስለጻፍንላችሁ ፈጽማችሁ ሳትራሩላቸው የዚች ዓመት ዐሥራ ሁለተኛው ወር አዳር በባተ በዐሥራ አራተኛው ቀን ሁሉንም በጠላቶቻቸው ሰይፍ ከልጆቻቸውና ከሚስቶቻቸው ጋር ያጠፏቸው ዘንድ እነሆ አዘዝን።
b4248d2c-eaaa-5bc6-a158-1802b51c956c,88d2e280-f6f4-5066-a38e-a4a8b163e8f0,ebec1e47-1444-58a0-a4b3-092edf58a939,7,20,እንደዚሁም ታናናሹንና ታላላቁን በአንዲት ቀን ወደ መቃብር ታወርዷቸው ዘንድ እነሆ አዘዝን፤ ከዚህም በኋላ ሀገራችን ፈጽማ ከሥራቸው ታርፍ ዘንድ ከእነርሱ የምታስቀሩት አይኑር።”
2f640f52-ca1b-554f-a115-5ee0231b79c0,88d2e280-f6f4-5066-a38e-a4a8b163e8f0,ebec1e47-1444-58a0-a4b3-092edf58a939,8,21,በዚያም ቀን ይዘጋጁ ዘንድ የደብዳቤው ቅጅ በየሀገሩ ላሉ አሕዛብ ሁሉ ታወጀ።
4357ea0a-9ac4-599f-ab24-db69838d3aea,88d2e280-f6f4-5066-a38e-a4a8b163e8f0,ebec1e47-1444-58a0-a4b3-092edf58a939,9,22,መልእክተኞቹም በንጉሡ ትእዛዝ እየቸኰሉ ሄዱ፤ አዋጁም በሱሳ ከተማ ተነገረ። ንጉሡና ሐማም ሊጠጡ ተቀመጡ፤ ከተማዪቱ ሱሳ ግን ተደናገጠች።
df2742f4-a42b-5254-afe8-a66f1887a430,1114968f-f838-55d9-aace-956f8d0a55d2,3e206d28-4bac-50bf-a3b9-ec46e494f519,1,1,መርዶክዮስም የተደረገውን ሁሉ በዐወቀ ጊዜ ልብሱን ቀደደ፤ ማቅም ለበሰ፤ በራሱም ላይ ዐመድ ነሰነሰ፤ ወደ ከተማዪቱም መካከል ወጣ። “ያለ በደል ሕዝብን ታጠፋላችሁን?” እያለም ታላቅና የመረረ ጩኸት ጮኸ።
1665960b-4c90-547c-a499-abc8928378b9,1114968f-f838-55d9-aace-956f8d0a55d2,3e206d28-4bac-50bf-a3b9-ec46e494f519,2,2,ማቅም ለብሶ፥ ዐመድ ነስንሶ በንጉሡ በር መግባት አይገባም ነበርና ከንጉሡ በር ደርሶ ቆመ።
92b571d7-2a89-53c9-ae1f-b0ae23e3f971,1114968f-f838-55d9-aace-956f8d0a55d2,3e206d28-4bac-50bf-a3b9-ec46e494f519,3,3,የንጉሡም ትእዛዝና ዐዋጅ በደረሰበት ሀገር ሁሉ በአይሁድ ላይ ታላቅ ኀዘን፥ ልቅሶና ዋይታም ሆነ፤ ብዙዎችም ማቅና ዐመድ ለራሳቸው አነጠፉ።
72993a3a-239b-5b62-af5c-c08c52f070ff,1114968f-f838-55d9-aace-956f8d0a55d2,3e206d28-4bac-50bf-a3b9-ec46e494f519,4,4,የአስቴርም ደንገጥሮችዋና ጃንደረቦችዋ መጥተው ነገሩአት፤ ንግሥቲቱም እጅግ አዘነች፤ ማቁንም ይለውጥ ዘንድ የሚለብሰውን ልብስ ለመርዶክዮስ ላከችለት፤ እርሱ ግን ማቁን አልተውም አለ።
8ec501c3-385a-5e12-ad15-08e29ce5b845,1114968f-f838-55d9-aace-956f8d0a55d2,3e206d28-4bac-50bf-a3b9-ec46e494f519,5,5,አስቴርም ያገለግላት ዘንድ ንጉሡ ያቆመውን አክራትዮስን ጠራች፤ እርሱም ከጃንደረቦቹ አንዱ ነበረ፤ እርስዋም ይህ ነገር ምንና ምን እንደ ሆነ ያስታውቃት ዘንድ ወደ መርዶክዮስ እንዲሄድ ላከችው።
55d47089-f453-55e2-a4ed-0d7f3508a75a,1114968f-f838-55d9-aace-956f8d0a55d2,3e206d28-4bac-50bf-a3b9-ec46e494f519,6,6,አክራትዮስም በንጉሡ በር ፊት ወደ ነበረችው ወደ ከተማዪቱ አደባባይ ወደ መርዶክዮስ ወጣ።
e0c96458-a251-5c92-a452-05fb5633b72d,1114968f-f838-55d9-aace-956f8d0a55d2,3e206d28-4bac-50bf-a3b9-ec46e494f519,7,7,መርዶክዮስም የተደረገውን ሁሉ፥ አይሁድንም ለማጥፋት ሐማ በንጉሡ ግምጃ ቤት ይመዝን ዘንድ የተናገረውን የብሩን ቍጥር ነገረው።
1569e20e-631e-5ace-a5ba-5061cd1c3a05,1114968f-f838-55d9-aace-956f8d0a55d2,3e206d28-4bac-50bf-a3b9-ec46e494f519,8,8,ለአስቴርም እንዲያሳያት ለመጥፋታቸው በሱሳ የተነገረውን የዐዋጁን ጽሕፈት ቅጅ ሰጠው፤ ወደ ንጉሡም ገብታ ስለ ሕዝብዋ ትለምነውና ትማልደው ዘንድ እንዲነግራት፥ “በእጄ እንዳደግሽ የችግርሽን ጊዜ አስቢ፤ ከንጉሡ በታች የተሾመው ሐማ ይገድሉን ዘንድ አዝዞአልና ወደ ጌታ ወደ እግዚአብሔር ለምኝ፤ ለንጉሡም ነግረሽ ከሞት አድኝን በላት” አለው።
626b1c1e-8c74-570a-aaef-3b09cd85c121,1114968f-f838-55d9-aace-956f8d0a55d2,3e206d28-4bac-50bf-a3b9-ec46e494f519,9,9,አክራትዮስም ገብቶ የመርዶክዮስን ቃል ለአስቴር ነገራት።
343129a7-e128-5d9f-ab7b-de9bc6dd9d4a,1114968f-f838-55d9-aace-956f8d0a55d2,3e206d28-4bac-50bf-a3b9-ec46e494f519,10,10,አስቴርም አክራትዮስን ተናገረችው፤ ለመርዶክዮስም እንዲህ የሚል መልእክት ሰጠችው።
047fc7ba-6046-52e2-ab34-079c49a13374,1114968f-f838-55d9-aace-956f8d0a55d2,3e206d28-4bac-50bf-a3b9-ec46e494f519,11,11,“የንጉሡ አገልጋዮችና በሀገሮችም የሚኖሩ ሕዝብ ሁሉ ወንድ ወይም ሴት ቢሆን ሳይጠራ ወደ ንጉሡ ወደ ውስጠኛው ወለል የሚገባ ሁሉ በሕይወት ይኖር ዘንድ ንጉሡ የወርቁን ዘንግ ካልዘረጋለት በቀር እርሱ ይሞት ዘንድ ሕግ እንዳለ ያውቃሉ፤ እኔ ግን ወደ ንጉሡ ለመግባት ይህን ሠላሳውን ቀን አልተጠራሁም።”
4b440959-cfc8-5475-ab21-6419f1112e55,1114968f-f838-55d9-aace-956f8d0a55d2,3e206d28-4bac-50bf-a3b9-ec46e494f519,12,12,አክራትዮስም የአስቴርን ቃል ለመርዶክዮስ ነገረው።
efe60129-6d32-5666-a96e-fa56675509f6,1114968f-f838-55d9-aace-956f8d0a55d2,3e206d28-4bac-50bf-a3b9-ec46e494f519,13,13,መርዶክዮስም አክራትዮስን አለው፥ “ሂድና ለአስቴር እንዲህ በላት፦ አንቺ በንጉሥ ቤት ስለ ሆንሁ ከአይሁድ ሁሉ ተለይች ብቻዬን እድናለሁ ብለሽ በልብሽ አታስቢ።
931b397f-b657-55f6-a7d2-071ffa0f94d0,1114968f-f838-55d9-aace-956f8d0a55d2,3e206d28-4bac-50bf-a3b9-ec46e494f519,14,14,በዚህ ጊዜ ቸል ብትዪ ረድኤትና መዳን ለአይሁድ ከሌላ ስፍራ ይሆንላቸዋል፤ አንቺና የአባትሽ ቤት ግን ትጠፋላችሁ፤ ደግሞስ ወደ መንግሥት የመጣሽው እንደዚህ ላለው ጊዜ እንደ ሆነ ማን ያውቃል?”
defe73b8-b102-591e-a141-433e6272ceb2,1114968f-f838-55d9-aace-956f8d0a55d2,3e206d28-4bac-50bf-a3b9-ec46e494f519,15,15,አስቴርም እንዲህ ብሎ ለመርዶክዮስ እንዲመልስ አዘዘችው፦
0933515d-3227-57f6-a1b4-5f09bf939980,1114968f-f838-55d9-aace-956f8d0a55d2,3e206d28-4bac-50bf-a3b9-ec46e494f519,16,16,“ሂደህ በሱሳ ያሉትን አይሁድ ሁሉ ሰብስብ፤ ለእኔም ጹሙ፤ ሦስት ቀን ሌሊቱንና ቀኑን አትብሉ፤ አትጠጡም፤ እኔና ደንገጥሮች ደግሞ እንዲሁ እንጾማለን፤ ምንም እንኳ ያለ ሕግ ቢሆን ወደ ንጉሡ እገባለሁ፤ ብጠፋም እጠፋለሁ።”
3f1652b8-6f32-5b34-a8ac-e960a374a344,1114968f-f838-55d9-aace-956f8d0a55d2,3e206d28-4bac-50bf-a3b9-ec46e494f519,17,17,መርዶክዮስም ሄዶ አስቴር እንዳዘዘችው ሁሉ አደረገ።
a11a0efe-3fdd-587e-ae7e-0a5eb3ed9e7b,1114968f-f838-55d9-aace-956f8d0a55d2,a5a5dd06-0e9d-5167-a369-9dc49c8f2779,1,18,እግዚአብሔር ያደረገውን ሁሉ እያሰበ ወደ እግዚአብሔር ለመነ።
e7ea3abc-3a80-5037-ae0d-37209e3482b2,1114968f-f838-55d9-aace-956f8d0a55d2,a5a5dd06-0e9d-5167-a369-9dc49c8f2779,2,19,እንዲህም አለ፥ “አቤቱ! አቤቱ! ሁሉን የምትገዛ፥ በሥልጣንህ ሁሉን የፈጠርህ ንጉሥ! እስራኤልን ታድናቸው ዘንድ ብትወድ የሚከራከርህ የለም፤
78c2f123-3003-59ed-acf2-19c4b6f0376b,1114968f-f838-55d9-aace-956f8d0a55d2,a5a5dd06-0e9d-5167-a369-9dc49c8f2779,3,20,ሰማይንና ምድርን፥ ከሰማይ በታች ያለ ድንቅ ፍጥረትንም ሁሉ አንተ ፈጥረሃልና፥
e2183df8-c58e-5f20-a17f-9c8329d4c64e,1114968f-f838-55d9-aace-956f8d0a55d2,a5a5dd06-0e9d-5167-a369-9dc49c8f2779,4,21,አንተ ሁሉን ታውቃለህ፤ አቤቱ ለዚህ ትዕቢተኛ ሐማ ያልሰገድሁ በመናቅ እንዳይደለ፥ በትዕቢትም እንዳይደለ፥ ራሴንም ከፍ ከፍ በማድረግ እንዳይደለ አንተ ታውቃለህ።
55ed8917-2251-550d-a699-c57cc3d1564b,1114968f-f838-55d9-aace-956f8d0a55d2,a5a5dd06-0e9d-5167-a369-9dc49c8f2779,5,23,የእግዚአብሔርን ክብር የሰው ክብር እንዳላደርግ፥ ከአንተም ከጌታዬ በቀር ለማንም እንዳልሰግድ፥ ይህን ነገር አደረግሁት እንጂ፥ እስራኤልስ የሚድኑ ከሆነ እግሩን እስም ዘንድ በወደድሁ ነበር፤ ይህንም ሥራ በትዕቢት አላደረግሁትም።
094ccf03-c124-5085-a368-f5b17a2bff9b,1114968f-f838-55d9-aace-956f8d0a55d2,a5a5dd06-0e9d-5167-a369-9dc49c8f2779,6,25,ያጠፉን ዘንድ በጠላትነት ተነሥተውብናልና፥ መጀመሪያ ርስትህንም ያጠፉ ዘንድ ወድደዋልና አሁንም አቤቱ የአብርሃም አምላክ ንጉሥ እግዚአብሔር ሆይ! ወገኖችህን አድን።
dbb2edc6-ed70-53e4-a9fb-1c11cfcc7fd0,1114968f-f838-55d9-aace-956f8d0a55d2,a5a5dd06-0e9d-5167-a369-9dc49c8f2779,7,26,ከግብፅ ሀገር ያዳንኻቸው ርስትህን ቸል አትበል።
a7ac053d-5dc5-5fa4-a427-17de89136bd6,1114968f-f838-55d9-aace-956f8d0a55d2,a5a5dd06-0e9d-5167-a369-9dc49c8f2779,8,27,ልመናችንንም ሰምተህ ወገኖችህን ይቅር በል፤ አቤቱ በሕይወት ሳለን ስምህን እናመሰግን ዘንድ ኀዘናችንን ወደ ደስታ መልሰው፤ ተስፋ የሚያደርጉህንም ሰዎች አለኝታቸውን አታጥፋ።”
acb3edde-b80b-55c1-a9e6-2d396f3f21e2,1114968f-f838-55d9-aace-956f8d0a55d2,a5a5dd06-0e9d-5167-a369-9dc49c8f2779,9,28,በፊታቸው ሞት ደርሶባቸዋልና እስራኤል ሁሉ ጮኹ፤ ቃላቸውንም አሰምተው በኀይላቸው ተናገሩ።
51e9242a-e318-5bf4-a567-53504bde41a8,1114968f-f838-55d9-aace-956f8d0a55d2,a5a5dd06-0e9d-5167-a369-9dc49c8f2779,10,29,አስቴርም ሞትን ወደ መፍራት ደርሳለችና ሰውነትዋን ለእግዚአብሔር አደራ ሰጠች።
a68c641a-0ad4-505d-ab12-1b7cffcb2163,1114968f-f838-55d9-aace-956f8d0a55d2,a5a5dd06-0e9d-5167-a369-9dc49c8f2779,11,30,የደስታ ልብስዋን አውልቃ የኀዘን ልብስዋን ለበሰች፤ በደስታ ሽቱም ፋንታ በራስዋ ላይ ዐመድና ትቢያን ነሰነሰች። ሰውነትዋንም ፈጽማ አሳዘነች። በፀጕርዋ ሰርሜዶ ፋንታም ትቢያ ጨመረች።
31de195d-e3f1-54b3-a41a-99c40ed80f70,1114968f-f838-55d9-aace-956f8d0a55d2,1a52d923-99fb-5834-a818-f1940f6654e3,1,31,ወደ እስራኤል አምላክ ወደ እግዚአብሔር እንዲህ ብላ ለመነች፥ “አቤቱ! ረዳት አንተ ብቻ ነህ፤ ሞት ወደ እኔ ቀርቦአል፤ ረዳት የሌለኝ ብቸኛ የሆንሁ እኔን ርዳኝ።
2a858552-5420-5526-a454-887c9facde2a,1114968f-f838-55d9-aace-956f8d0a55d2,1a52d923-99fb-5834-a818-f1940f6654e3,2,33,አቤቱ! እኔም ከልጅነቴ ጀምሬ ከአባቶች ወገኖች ዘንድ አንተ ከአሕዛብ ሁሉ ለይተህ እስራኤልን ገንዘብ እንዳደረግሃቸው፥ ለዘለዓለሙም ርስት ይሆኑህ ዘንድ አባቶቻችንን ከዘመዶቻቸው ለይተህ እንደተቀበልሃቸው ሰማሁ፤ አሁንም እንደ ተናገርህ ሁሉን አደረግህላቸው።
ebbedd27-4536-5c6a-abc4-ef30761d5e74,1114968f-f838-55d9-aace-956f8d0a55d2,1a52d923-99fb-5834-a818-f1940f6654e3,3,34,በፊትህ በደልን፤ በጠላቶቻችንም እጅ ጣልኸን። የአሕዛብን ጣዖቶች አመስግነናልና። አቤቱ አንተ ጻድቅ ነህ።
64ddb772-b088-5f6e-a4a8-2889d816eb76,1114968f-f838-55d9-aace-956f8d0a55d2,1a52d923-99fb-5834-a818-f1940f6654e3,4,36,አሁንም እጃቸውን ወደ ጣዖቶቻቸው ያነሡ አሕዛብ በጽኑ አገዛዝ ገዙን እንጂ አልተዉንም።
4305b192-9437-53ff-a936-ac742d57f128,1114968f-f838-55d9-aace-956f8d0a55d2,1a52d923-99fb-5834-a818-f1940f6654e3,5,37,በቃልህ የሠራኸውን ሥርዐት ያስወግዱ ዘንድ፥ ርስትህንም ያጠፉ ዘንድ፥ የሚያመሰግኑህንም ሰዎች አፍ ይዘጉ ዘንድ፥ የቤተ መቅደስንም ሥርዐትና መሠዊያህን ያጠፉ ዘንድ፥
41f0c3fc-a0aa-511f-a428-f4f8aeb13b2f,1114968f-f838-55d9-aace-956f8d0a55d2,1a52d923-99fb-5834-a818-f1940f6654e3,6,38,ለከንቱ ጣዖት ለማድላት የአሕዛብንም አፍ ይከፍቱ ዘንድ፥ ሥጋዊ ንጉሥንም ለዘለዓለሙ ያመሰግኑ ዘንድ በጽኑ አገዛዝ ገዙን።
978c4f0d-c7ff-587c-a312-85cd7d3220cb,1114968f-f838-55d9-aace-956f8d0a55d2,1a52d923-99fb-5834-a818-f1940f6654e3,7,39,ባጸናኸው ሕግ ያሉትን አሳልፈህ አትስጣቸው፤ በመከራችንም አይሳቁብን። ነገር ግን ምክራቸውን በራሳቸው መልስ፤ በእኛም ላይ በጠላትነት የተነሣውን አዋርደው።
b061d9b7-9835-5a67-abeb-d084c74bb58e,1114968f-f838-55d9-aace-956f8d0a55d2,1a52d923-99fb-5834-a818-f1940f6654e3,8,40,አቤቱ አስበን፤ በመከራችንም ጊዜ ተገለጥልን፤ አለቆችን ሁሉ ያጸናህ የአማልክት ንጉሥ ሆይ! እኔንም አጽናኝ።
bf8806f3-4028-5212-a02e-9876a9259b06,1114968f-f838-55d9-aace-956f8d0a55d2,1a52d923-99fb-5834-a818-f1940f6654e3,9,41,በአንበሳው ፊት በአንደበቴ በጎ ነገርን አድርግ፤ የሚዋጋንንም ይጣላው ዘንድ፥ የእርሱንና ከእርሱ ጋር የሚተባበሩትንም ጥፋት ይናገር ዘንድ ልቡናውን መልሰ።
f747d5a7-4962-50f9-ad34-5d55a79d969f,1114968f-f838-55d9-aace-956f8d0a55d2,1a52d923-99fb-5834-a818-f1940f6654e3,10,42,እኛን ግን በእጅህ አድነን፤ አቤቱ ከአንተ በቀር ማንም ሌላ ረዳት የሌለኝ ብቸኛ የሆንሁ እኔንም ርዳኝ። አቤቱ አንተ ሁሉን ታውቃለህ፤ የኀጢአተኞችን ክብራቸውን እንድጠላ፥ ያልተገረዙትንና የሌሎችን ሁሉ ምንጣፍ እንደምጠላ አንተ መርምረህ ታውቃለህ።
8f5fcc7d-9bdf-5902-a250-0b8d41dfa36d,1114968f-f838-55d9-aace-956f8d0a55d2,1a52d923-99fb-5834-a818-f1940f6654e3,11,44,አንተ መከራዬን ታውቃለህ፤ በከበርሁበትም ወራት የምታይበት በራሴ ላይ ያለ ጌጥ ደስ እንደማያሰኘኝ፥ እንደ ደም ጨርቅም እንደምጸየፈው፥ በምከብርበትና በማርፍበትም ወራት እንደማላጌጥበት አንተ ታውቀዋለህ።
39e27e09-19f4-5db6-a854-baf5a4f8dbac,1114968f-f838-55d9-aace-956f8d0a55d2,1a52d923-99fb-5834-a818-f1940f6654e3,12,45,እኔ ባሪያህ የሐማን ማዕድ አልበላሁም፤ የንጉሡም መጠጥ ደስ አያሰኘኝም፤ ከወይናቸውም አልጠጣሁም።
e95e50ef-8a86-5783-ab92-6f992a00a107,1114968f-f838-55d9-aace-956f8d0a55d2,1a52d923-99fb-5834-a818-f1940f6654e3,13,46,አቤቱ! የአብርሃም አምላክ! ከገባሁ ጀምሮ እስከ ዛሬ ድረስ እኔ ባሪያህ በአንተ እንጂ በእነርሱ ደስ አልተሰኘሁም።
be8856a9-9b66-5ac3-a99a-41d58cedacce,1114968f-f838-55d9-aace-956f8d0a55d2,1a52d923-99fb-5834-a818-f1940f6654e3,14,47,አቤቱ ሁሉን የምትችል፥ ተስፋ የቈረጡትን ጸሎት ስማ፤ በእኛ ክፉ ነገር ከሚያደርጉ እጅም አድነን፤ እኔንም ከምፈራው አድነኝ።”
18e05237-b6a4-5581-a9b3-1a0823cb6010,07509f87-2add-5e4c-a2e1-36a62d343eaf,e23209e1-6839-55bf-a4bc-c56673723d10,1,1,ከዚህም በኋላ በሦስተኛው ቀን ጸሎቷን በጨረስች ጊዜ የኀዝን ልብስዋን አወለቀች፤ የክብር ልብስዋንም ለበሰች፤
46569f69-05d3-55fb-a5bf-c852d4cdd089,07509f87-2add-5e4c-a2e1-36a62d343eaf,e23209e1-6839-55bf-a4bc-c56673723d10,2,2,የም ታስፈራም ሆነች፤ ሁሉን የሚመለከት አዳኝ እግዚአብሔርንም ጠራችው።
55c9036a-2f6b-51ff-af6c-edea5dc968c7,07509f87-2add-5e4c-a2e1-36a62d343eaf,e23209e1-6839-55bf-a4bc-c56673723d10,3,3,ሁለቱን ደንገጥሮችዋንም አስከትላ ሄደች፤ ትወዳታለችና ላንዲቱ ትራራላት ነበር፤ ሁለተኛዪቱም ልብስዋን ተሸክማ ትከተላት ነበር። እርስዋ ግን በጌጡ ሁሉ ፈጽማ አጊጣ ነበር፤ ወደ ወዳጆችዋ እንደምትሄድም ፊቷ የሚያበራ ሆነ፤ ልብዋ ግን ሞትን ከመፍራት የተነሣ አዝኖ ነበር።
f244038e-a9de-59bb-af29-773c675f08b5,07509f87-2add-5e4c-a2e1-36a62d343eaf,e23209e1-6839-55bf-a4bc-c56673723d10,4,6,በሩን ሁሉ ገብታ ወደ ንጉሡ ደረሰች፤ እርሱ ግን በመንግሥቱ ዙፋን ላይ ተቀምጦ ነበር።
78c04540-0582-541d-a210-e5a01527e10f,07509f87-2add-5e4c-a2e1-36a62d343eaf,e23209e1-6839-55bf-a4bc-c56673723d10,5,7,ዋጋው ብዙ የሆነ፥ ሁለንተናውም በዕንቍና በወርቅ ያጌጠ የክብር ልብሱን ለብሶ ነበር፤ ፈጽሞም ያስፈራ ነበር። ፊቱም ከክብሩ ጋር ተመልሶ በቍጣ አያት፤ ንግሥቲቱም ፈራች፤ ጠወለገችም፤ ለመውደቅም ተፍገመገመች፤ በፊቷ የምትሄድ የብላቴናዋንም ራስ ተደገፈች።
9803e93c-f94d-515d-aff9-7a1de24bfaf7,07509f87-2add-5e4c-a2e1-36a62d343eaf,e23209e1-6839-55bf-a4bc-c56673723d10,6,8,እግዚአብሔርም የንጉሡን ልቡና ወደ የዋህነት መለሰው፤ ታገሣትም፤ ከዙፋኑም ተንሥቶ ስቦ በአጠገቡ አስቀመጣት፤ በበጎ ቃልም ያባብላት ጀመር፤ እንዲህም አላት፥ “አስቴር ሆይ! ምን ሆንሽ? እኔ ወንድምሽ ነኝ፤ እንደማትሞች እመኚ፤ የአገራችን ሕግ ልዩ ነውና፤”
87c28a6a-8e1e-5572-ad0f-72351619706c,07509f87-2add-5e4c-a2e1-36a62d343eaf,e23209e1-6839-55bf-a4bc-c56673723d10,7,11,የወርቁንም ዘንግ አንሥቶ በአንገቷ ላይ አኖረው፤ እቅፍ አድርጎ ይዞም “ንገሪኝ” አላት።
eaa0dfb9-7870-510e-ae72-975c22888eeb,07509f87-2add-5e4c-a2e1-36a62d343eaf,e23209e1-6839-55bf-a4bc-c56673723d10,8,13,እርስዋም አለች፥ “አንተ ድንቅ ነህና፥ ፊትህም ሞገስን የተመላ ነውና ክብርህን ከመፍራት የተነሣ ጌታዬ እንደ መልአከ እግዚአብሔር ሆነህ ባየሁህ ጊዜ ልቡናዬ ደንገጠብኝ።”
0a19b717-f309-5ee4-a9b7-6babd696e182,07509f87-2add-5e4c-a2e1-36a62d343eaf,e23209e1-6839-55bf-a4bc-c56673723d10,9,15,ስትናገርም ተዝለፍልፋ ወደቀች። ንጉሡም ደነገጠ፤ ሰዎቹም ሁሉ ደነገጡ፤ ያጽናኗትም ጀመር።
9946e31c-bac4-5d71-a94c-e06e4727f10a,07509f87-2add-5e4c-a2e1-36a62d343eaf,e23209e1-6839-55bf-a4bc-c56673723d10,10,17,ንጉሡም፥ “አስቴር ሆይ! ምን ትፈልጊያለሽ? ምንስ ትለምኛለሽ? እስከ መንግሥቴ እኩሌታ እንኳ ቢሆን ጠይቂ፤ ሁሉም ይሰጥሻል” አላት።
3c7b65da-307f-5091-afe6-38751d910ad5,07509f87-2add-5e4c-a2e1-36a62d343eaf,e23209e1-6839-55bf-a4bc-c56673723d10,11,18,አስቴርም፥ “የግብዣ ቀን አለኝ፤ ንጉሡ ቢፈቅድ ወደ አዘጋጀሁለት ግብዣ ከሐማ ጋር ዛሬ ይምጣ” አለች።
b2384430-e505-580c-af30-2357cd10f1ab,07509f87-2add-5e4c-a2e1-36a62d343eaf,e23209e1-6839-55bf-a4bc-c56673723d10,12,19,ንጉሡም፥ “አስቴር እንዳለች ይደረግ ዘንድ ሐማን በፍጥነት ጥሩት” አለ። ንጉሡና ሐማ አስቴር ወዳዘጋጀችው ግብዣ መጡ።
b25930fa-33e1-5d3c-abbb-60558c1435a3,07509f87-2add-5e4c-a2e1-36a62d343eaf,e23209e1-6839-55bf-a4bc-c56673723d10,13,20,ንጉሡም በግብዣ ሳለ አስቴርን፥ “አስቴር ሆይ! የምትሺው ምንድን ነው? ጠይቂ፤ የምትጠይቂው ሁሉ ይደረግልሻል” አላት።
04571796-4472-548e-a5b6-5ac8c12d2e20,07509f87-2add-5e4c-a2e1-36a62d343eaf,e23209e1-6839-55bf-a4bc-c56673723d10,14,21,አስቴርም መልሳ፥ “ልመናዬና የምሻው ነገር ይህ ነው፤
14c5be21-bccd-5a77-ae30-ac4a7e715fc1,07509f87-2add-5e4c-a2e1-36a62d343eaf,e23209e1-6839-55bf-a4bc-c56673723d10,15,22,በንጉሡ ዘንድ ሞገስን አግኝቼ እንደ ሆነ ንጉሡና ሐማ ወደማዘጋጅላቸው ግብዣ ነገ ይምጡ፤ ያንም ነገ አደርገዋለሁ” አለች።
a4d56323-0d05-57ed-a002-c3d66dcf108d,07509f87-2add-5e4c-a2e1-36a62d343eaf,a7e7bca9-dd60-5c1d-a951-75e60ce5bcff,1,23,ሐማም እጅግ ደስ ብሎት ከንጉሡ ዘንድ ወጣ፤ ነገር ግን አይሁዳዊው መርዶክዮስን በአደባባዩ ባየው ጊዜ እጅግ ተቈጣ።
3fdf566b-41c3-5d3e-a53c-c5cc04f99f7e,07509f87-2add-5e4c-a2e1-36a62d343eaf,a7e7bca9-dd60-5c1d-a951-75e60ce5bcff,2,24,ሐማ ግን ወደ ቤቱ ሄደ፤ ወዳጆቹንና ሚስቱን ዞሳራን ጠራ።
d21c427c-ea79-55d3-af4f-1c17077235f1,07509f87-2add-5e4c-a2e1-36a62d343eaf,a7e7bca9-dd60-5c1d-a951-75e60ce5bcff,3,25,ንጉሡም ያደረገለትን ሀብቱንና ክብሩን ሁሉ፥ በግዛቱም ላይ ከፍ ከፍ እንዳደረገው አጫወታቸው።
85f4c822-178f-5c54-ad46-ff58c6d6767c,07509f87-2add-5e4c-a2e1-36a62d343eaf,a7e7bca9-dd60-5c1d-a951-75e60ce5bcff,4,26,ሐማም፥ “ንግሥቲቱ አስቴር ወዳዘጋጀችው ግብዣ ከእኔ በቀር ከንጉሡ ጋር ማንንም አልጠራችም፤ ደግሞ ነገ ከንጉሡ ጋር ወደ እርስዋ ተጠርቻለሁ።
47e2dc36-6d43-5b26-a360-758dc6129f13,07509f87-2add-5e4c-a2e1-36a62d343eaf,a7e7bca9-dd60-5c1d-a951-75e60ce5bcff,5,27,ነገር ግን አይሁዳዊው መርዶክዮስ በንጉሡ በር ተቀምጦ ከአየሁ ይህ ሁሉ ለእኔ ምንም ደስ አያሰኘኝም” አለ።
6e5ac309-dfc6-5766-ade4-160e969b1769,07509f87-2add-5e4c-a2e1-36a62d343eaf,a7e7bca9-dd60-5c1d-a951-75e60ce5bcff,6,28,ሚስቱም ዞሳራና ወዳጆቹም ሁሉ፥ “ቁመቱ አምሳ ክንድ የሆነ ግንድ ይቈረጥ፤ ነገም መርዶክዮስ ይሰቀልበት ዘንድ ለንጉሡ ተናገር፤ ደስ ብሎህም ከንጉሡ ጋር ወደ ግብዣው ግባ” አሉት። ይህም ነገር ሐማን ደስ አሰኘው፤ ግንዱንም አዘጋጀ።
b93b6bb2-66a8-5866-a93f-ffd8ff265fef,48fef922-3a14-5069-afb0-df995481c837,2d1edd0a-31da-5b4c-aae5-adce721145d3,1,1,በዚያም ሌሊት እግዚአብሔር እንቅልፍን ከንጉሡ አጠፋ፤ የዘመኑንም ታሪክ መጽሐፍ ያመጣና ያነብለት ዘንድ ጸሓፊውን አዘዘ።
406157b5-4a07-5663-a9d0-5bcc73d0bebd,48fef922-3a14-5069-afb0-df995481c837,2d1edd0a-31da-5b4c-aae5-adce721145d3,2,2,ደጁንም ከሚጠብቁት ከንጉሡ ጃንደረቦች ሁለቱ ንጉሥ አርጤክስስን ይገድሉ ዘንድ እንደ ፈለጉና መርዶክዮስም ሰምቶ እንደ ነገረው ተጽፎ ተገኘ።
a548a586-29c9-54f5-a0df-53a24dbdc8d3,48fef922-3a14-5069-afb0-df995481c837,2d1edd0a-31da-5b4c-aae5-adce721145d3,3,3,ንጉሡም “ስለዚህ ነገር ለመርዶክዮስ ምን ክብርና ደግነት አደረግንለት?” አለ። ንጉሡንም የሚያገለግሉ ብላቴኖች “ለመርዶክዮስ ምንም አላደረግህለትም” አሉት።
25130ce8-f24c-530d-a1ba-171968f19fc7,48fef922-3a14-5069-afb0-df995481c837,2d1edd0a-31da-5b4c-aae5-adce721145d3,4,4,ንጉሡም የመርዶክዮስን ደግነት ሲናገር እነሆ ሐማ ወደ አደባባይ ደረሰ። ንጉሡም፥ “በአደባባይ ማን አለ?” አለ። ሐማም ባዘጋጀው ግንድ ላይ መርዶክዮስን ለማሰቀል ለንጉሡ ይናገር ዘንድ ወደ ውስጥ ገባ።
a248905f-437e-556b-a4e2-170f5ebd6e48,48fef922-3a14-5069-afb0-df995481c837,2d1edd0a-31da-5b4c-aae5-adce721145d3,5,5,የንጉሡም ብላቴኖች፥ “እነሆ ሐማ በአደባባይ ቆሞአል” አሉት። ንጉሡም “ጥሩት” አለ።
6b15a4fd-3041-53ef-ad3f-3827bc1b6f8f,48fef922-3a14-5069-afb0-df995481c837,2d1edd0a-31da-5b4c-aae5-adce721145d3,6,6,ንጉሡም ለሐማ አለው፥ “እኔ ላከብረው ለምወድደው ሰው ምን ላድርግለት?” ሐማም በልቡ፥ “ንጉሡ ከእኔ ይልቅ ማንን ያከብር ዘንድ ይወድዳል?” አለ።
b293fdca-582c-52af-ace9-bceaaa63e643,48fef922-3a14-5069-afb0-df995481c837,2d1edd0a-31da-5b4c-aae5-adce721145d3,7,7,ንጉሡንም እንዲህ አለው፥ “ንጉሡ ያከብረው ዘንድ ለሚወድደው ሰው እንዲህ ይደረግ።
96dbb452-67b2-52ce-ac37-54abff4513e3,48fef922-3a14-5069-afb0-df995481c837,2d1edd0a-31da-5b4c-aae5-adce721145d3,8,8,የንጉሡ ብላቴኖች ንጉሡ የሚለብሰውን የክብር ልብስ፥ ንጉሡም የሚቀመጥበትን ፈረስ ያምጡለት።
e6b48dc7-5b20-5713-a063-be05894436aa,48fef922-3a14-5069-afb0-df995481c837,2d1edd0a-31da-5b4c-aae5-adce721145d3,9,9,ልብሱንና ፈረሱንም ከንጉሡ አዛውንት በዋነኛው እጅ ያስረክቡት፤ ንጉሡም ያከብረው ዘንድ የሚወድደውን ሰው ያልብሱት፤ በፈረሱም ላይ አስቀምጠው በከተማዪቱ አደባባይ ያሳልፉት፤ በፊቱም ንጉሡ ያከብረው ዘንድ ለሚወድደው ሰው እንዲህ ይደረግለታል ተብሎ ዐዋጅ ይነገር።”
e2f02d94-f22c-5c71-a9b2-f7fe5b0690c5,48fef922-3a14-5069-afb0-df995481c837,2d1edd0a-31da-5b4c-aae5-adce721145d3,10,10,ንጉሡም ሐማን፥ “መልካም ብለሃል፤ እንደ ተናገርኸውም ልብሱንና ፈረሱን ውሰድ፤ በንጉሡም በር ለሚቀመጠው ለአይሁዳዊው ለመርዶክዮስ እንዲሁ አድርግለት፤ ከተናገርኸው ሁሉ ምንም አታስቀር” አለው።
dd873f9c-1752-59a3-a944-df3345378bee,48fef922-3a14-5069-afb0-df995481c837,2d1edd0a-31da-5b4c-aae5-adce721145d3,11,11,ሐማም ልብሱንና ፈረሱን ወሰደ፤ መርዶክዮስንም አለበሰው፤ በፈረሱም ላይ አስቀመጠው፤ በከተማዪቱም አደባባይ በፊቱ አሳለፈው። በፊቱም “ንጉሡ ያከብረው ዘንድ ለሚወድደው ሰው እንዲህ ይደረግለታል” ብሎ ዐዋጅ ነገረ።
7d5cf100-a1aa-5717-a5f6-630eb1f6f26b,48fef922-3a14-5069-afb0-df995481c837,2d1edd0a-31da-5b4c-aae5-adce721145d3,12,12,ከዚህም በኋላ መርዶክዮስ ወደ ንጉሡ ዐደባባይ ተመለሰ። ሐማ ግን አዝኖና ራሱንም ተከናንቦ ወደ ቤቱ ሄደ።
3b109b60-d117-5e82-a8a0-d627bd04808b,48fef922-3a14-5069-afb0-df995481c837,2d1edd0a-31da-5b4c-aae5-adce721145d3,13,13,ሐማም ለሚስቱ ለዞሳራና ለወዳጆቹ ሁሉ ያገኘውን ሁሉ አጫወታቸው። ወዳጆቹና ሚስቱM “በፊቱ መውደቅ የጀመርህለት መርዶክዮስ ከአይሁድ ወገን የሆነ እንደ ሆነ በፊቱ ፈጽመህ ትወድቃለህ እንጂ አታሸንፈውም፤ ሕያው እግዚአብሔር ከእርሱ ጋር ነውና” አሉት።
0e48bba1-d700-5c60-a624-b0f15895140a,48fef922-3a14-5069-afb0-df995481c837,2d1edd0a-31da-5b4c-aae5-adce721145d3,14,14,እነርሱም ሲናገሩት ሳሉ እነሆ የንጉሡ ጃንደረቦች መጡ፤ አስቴርም ወዳዘጋጀችው ግብዣ ይመጣ ዘንድ ሐማን አስቸኰሉት።
9750657b-a4c4-57a1-af8d-95541f292ce4,274ab8d9-97fe-56e8-acd3-626fd6d1f117,3d8b4f7a-1e35-566c-af54-cc8a59c7d223,1,1,ንጉሡና ሐማም ከንግሥቲቱ ከአስቴር ጋር ይጋበዙ ዘንድ ገቡ።
5d087c8f-4c4a-58c2-a84d-83a4ff3b85e5,274ab8d9-97fe-56e8-acd3-626fd6d1f117,3d8b4f7a-1e35-566c-af54-cc8a59c7d223,2,2,በሁለተኛውም ቀን ንጉሡ በወይኑ ጠጅ ግብዣ ሳለ አስቴርን፥ “ንግሥት አስቴር ሆይ! ምን ሁነሻል? የምትለምኚኝ ምንድን ነው? የምትሺውስ ምንድን ነው? እስከ መንግሥቴ እኩሌታ እንኳ ቢሆን ይደረግልሻል” አላት።
823bce56-d6e4-5aeb-a774-9f3b7207d853,274ab8d9-97fe-56e8-acd3-626fd6d1f117,3d8b4f7a-1e35-566c-af54-cc8a59c7d223,3,3,ንግሥቲቱም አስቴር መልሳ አለች፥ “ንጉሥ ሆይ! በአንተ ዘንድ ሞገስን አግኝቼ እንደ ሆነ ሕይወቴ በልመናዬ፥ ሕዝቤም በመሻቴ ይሰጠኝ።
461b4620-79e2-5511-a71e-b7feb49c70aa,274ab8d9-97fe-56e8-acd3-626fd6d1f117,3d8b4f7a-1e35-566c-af54-cc8a59c7d223,4,4,እኔና ሕዝቤ ለመጥፋት፥ ለመገደልና ለመደምሰስም ተሸጠናልና። እኛና ልጆቻችን ባሪያዎችህ ልንሆን ተሸጠን ቢሆን ኑሮ ዝም ባልሁ ነበር፤ ጠላት ወደ ንጉሡ አደባባይ መግባት አይገባውም ነበርና።”
759dfc93-cad4-5bbd-abb0-38e4c5cc466b,274ab8d9-97fe-56e8-acd3-626fd6d1f117,3d8b4f7a-1e35-566c-af54-cc8a59c7d223,5,5,ንጉሡም፥ “ይህን ያደርግ ዘንድ የደፈረ ማን ነው?” ብሎ ተናገራት።
1fbd90fb-6491-5fdd-a2cb-40293e5d348c,274ab8d9-97fe-56e8-acd3-626fd6d1f117,3d8b4f7a-1e35-566c-af54-cc8a59c7d223,6,6,አስቴርም፥ “ያ ጠላትና ባላጋራ ሰው ይህ ክፉው ሐማ ነው” አለች። ሐማም በሰማ ጊዜ በንጉሡና በንግሥቲቱ ፊት ደነገጠ።
bf10ebaa-23e4-5282-aa85-018d1c69b018,274ab8d9-97fe-56e8-acd3-626fd6d1f117,3d8b4f7a-1e35-566c-af54-cc8a59c7d223,7,7,ንጉሡም የወይን ጠጅ ከመጠጣቱ ተነሣ፤ ወደ አታክልት ቦታ ውስጥም ሄደ። ሐማም ክፉ ነገር እንደ ደረሰበት አይቶአልና ንግሥቲቱን ይለማመጥ ጀመር።
f09afeee-de84-59fb-afe2-9836b4c5902d,274ab8d9-97fe-56e8-acd3-626fd6d1f117,3d8b4f7a-1e35-566c-af54-cc8a59c7d223,8,8,ንጉሡም ከአታክልቱ ቦታ ተመለሰ፤ ሐማም ንግሥቲቱን እየተለማመጠ በአልጋው ላይ ወድቆ ነበር። ንጉሡም ደግሞ፥ “በቤቴ ሚስቴን ይጋፋታልን?” አለ። ሐማም ይህን ቃል በሰማ ጊዜ ፊቱ ጠቈረ።
eff5e5a6-cf9b-5138-a90f-71aa4b3d995c,274ab8d9-97fe-56e8-acd3-626fd6d1f117,3d8b4f7a-1e35-566c-af54-cc8a59c7d223,9,9,በንጉሡም ፊት ካሉት ጃንደረቦች አንዱ ቡጋታን፦ “እነሆ ሐማ ለንጉሡ በጎ ለተናገረው ለመርዶክዮስ ያዘጋጀው ርዝመቱ አምሳ ክንድ የሆነ ግንድ በሐማ ቤት ተተክሎአል” አለ። ንጉሡም በእርሱ ላይ ስቀሉት አለ።
c8dacd53-2bff-548e-a66c-4b362e3f233f,274ab8d9-97fe-56e8-acd3-626fd6d1f117,3d8b4f7a-1e35-566c-af54-cc8a59c7d223,10,10,ሐማንም ለመርዶክዮስ ባዘጋጀው ግንድ ላይ ሰቀሉት፤ በዚያም ጊዜ የንጉሡ ቍጣ በረደ።
380c0630-4e3e-5bcf-a039-fed956f78f05,82987cab-b06d-5279-aa53-5a87fcf013e5,5933a5ef-8c7a-50ff-a5ce-8b743e49a03d,1,1,በዚያም ቀን ንጉሡ አርጤክስስ የጠላት የሐማን ንብረት ሁሉ ለንግሥቲቱ ለአስቴር ሰጠ። ንጉሡም መርዶክዮስን ጠራው፤ አስቴር በቤቱ እንዳደገች ነግራው ነበርና።
d6e2a097-fcd2-534a-a45d-f4363cc4381b,82987cab-b06d-5279-aa53-5a87fcf013e5,5933a5ef-8c7a-50ff-a5ce-8b743e49a03d,2,2,ንጉሡም ከሐማ ያወለቀውን ቀለበቱን አወጣ፤ ለመርዶክዮስም ሰጠው። አስቴርም በሐማ ንብረት ሁሉ ላይ መርዶክዮስን ሾመችው።
2f27868e-c314-5038-a03f-47c9c79577c4,82987cab-b06d-5279-aa53-5a87fcf013e5,5933a5ef-8c7a-50ff-a5ce-8b743e49a03d,3,3,አስቴርም እንደ ገና ለንጉሡ ነገረችው፤ በእግሩም ላይ ወድቃ የሐማን ክፋትና በአይሁድ ላይ የተተነኰለውን ተንኰል ይሽር ዘንድ ለመነችው።
61a9aa7a-875b-5853-a45f-89c2ae0fd358,82987cab-b06d-5279-aa53-5a87fcf013e5,5933a5ef-8c7a-50ff-a5ce-8b743e49a03d,4,4,ንጉሡም የወርቁን ዘንግ ለአስቴር ዘረጋላት፤ አስቴርም ተነሥታ በንጉሡ ፊት ቆመች።
2531185c-b43a-52cf-a874-483fc1733946,82987cab-b06d-5279-aa53-5a87fcf013e5,5933a5ef-8c7a-50ff-a5ce-8b743e49a03d,5,5,እንዲህም አለች፥ “ንጉሥ ሆይ፥ ደስ ቢያሰኝህ በፊትህም ሞገስ አግኝቼ እንደ ሆነ በመንግሥትህ ሁሉ ያሉትን አይሁድ ለማጥፋት ሐማ የጻፋቸው ደብዳቤዎች ሁሉ ይገለበጡ ዘንድ ላክ።
3c8405d8-817f-592c-ac5c-677fd0dfdf38,82987cab-b06d-5279-aa53-5a87fcf013e5,5933a5ef-8c7a-50ff-a5ce-8b743e49a03d,6,6,እኔ በሕዝቤ ላይ የሚወርደውን ክፉ ነገር አይ ዘንድ እንዴት እችላለሁ? ወይስ ከዘመዶች ጥፋት በኋላ እኖር ዘንድ እንዴት እችላለሁ?”
77d6472a-b7d8-577d-a8b1-098f95a7107b,82987cab-b06d-5279-aa53-5a87fcf013e5,5933a5ef-8c7a-50ff-a5ce-8b743e49a03d,7,7,ንጉሡም ንግሥቲቱን አስቴርን አላት፥ “እነሆ የሐማን ገንዘብ ሁሉ ፈጽሜ ሰጠሁሽ፤ እርሱንም እጆቹን በአይሁድ ላይ ስለዘረጋ በግንድ ላይ ሰቀልሁት፤ እንግዲህ ምን ትፈልጊያለሽ?
f26b7bcf-3ac8-5dc6-a5bd-1019a83f583c,82987cab-b06d-5279-aa53-5a87fcf013e5,5933a5ef-8c7a-50ff-a5ce-8b743e49a03d,8,8,በንጉሡም ስም የተጻፈውንና በንጉሡ ቀለበት የታተመውን እንቢ የሚል የለምና እናንተ ደግሞ ደስ የሚያሰኛችሁን በእኔ ስም ጻፉ፤ በቀለበቴም አትሙ።”
f20d34ac-a067-5fae-a100-785577e34deb,82987cab-b06d-5279-aa53-5a87fcf013e5,5933a5ef-8c7a-50ff-a5ce-8b743e49a03d,9,9,በዚያም ዓመት ኔሳን በተባለው በመጀመሪያው ወር ከወሩም በሃያ ሦስተኛው ቀን የንጉሡ ጸሓፊዎች ተጠሩ፤ ንጉሡም እንዳዘዘው ሁሉ ከሕንድ ጀምሮ እስከ ኢትዮጵያ ድረስ በመቶ ሃያ ሰባቱ ሀገሮች ላሉ ሹሞችና አለቆች፥ አዛውንትም፥ ለእያንዳንዱም ሀገር እንደ ጽሕፈቱ፥ ለእያንዳንዱም ሕዝብ እንደ ቋንቋው፥ ለአይሁድም እንደ ጽሕፈታቸውና እንደ ቋንቋቸው ተጻፈ።
6755865a-6de7-58e3-a756-2867461781a2,82987cab-b06d-5279-aa53-5a87fcf013e5,5933a5ef-8c7a-50ff-a5ce-8b743e49a03d,10,10,በንጉሡም በአርጤክስስ ስም ጻፉ፤ በንጉሡም ቀለበት አትመው ደብዳቤውን በመልእክተኞች ላኩ።
ad2de3cf-1c96-5e21-a5c8-b8b021d878bd,82987cab-b06d-5279-aa53-5a87fcf013e5,5933a5ef-8c7a-50ff-a5ce-8b743e49a03d,11,11,በከተሞች ሁሉ እንደ ሕጋቸው ያደርጉ ዘንድ፥ እርስ በርሳቸውም ይረዳዱ ዘንድ ጠላቶቻቸውንና የሚነሡባቸውን ሁሉ እንደ ወደዱ ይቋቋሙ ዘንድ አዘዛቸው።
8c584952-418b-50ef-aa0a-488caa08c7e2,82987cab-b06d-5279-aa53-5a87fcf013e5,5933a5ef-8c7a-50ff-a5ce-8b743e49a03d,12,12,ይህም አዳር በሚባለው በዐሥራ ሁለተኛው ወር በዐሥራ ሦስተኛው ቀን በንጉሡ በአርጤክስስ ሀገሮች ሁሉ በአንድ ቀን እንዲሆን ነው።
1c419142-ba91-5e7d-ac6c-b82dbc8f408b,82987cab-b06d-5279-aa53-5a87fcf013e5,a34ee731-b9da-5604-a82d-9051c81087aa,1,13,የዐዋጁም ደብዳቤ ግልባጭ የሚከተለው ነው።
fe92109b-5260-55a7-a17b-8b5ff8ca30ee,82987cab-b06d-5279-aa53-5a87fcf013e5,a34ee731-b9da-5604-a82d-9051c81087aa,2,14,በቸርነትና ሹመትን ፈጥኖ በመስጠት ከሚጠቅሙአቸው ክብርን ያገኙ ብዙዎች ትዕቢትን አበዙ።
f237ad64-7c55-5427-a274-43c6a58b01eb,82987cab-b06d-5279-aa53-5a87fcf013e5,a34ee731-b9da-5604-a82d-9051c81087aa,3,15,ክፉ የሚያደርጉትም ለእኛ በሚገዙት ላይ ብቻ አይደለም፤ ነገር ግን ጥጋባቸውን መታገሥ ባለመቻላቸው የሚጠቅሙአቸውን ይተናኰሉ ዘንድ ያስባሉ።
73be39ff-64dd-56b6-a9c5-e3dd18ea73ba,82987cab-b06d-5279-aa53-5a87fcf013e5,a34ee731-b9da-5604-a82d-9051c81087aa,4,16,የሰውን ምስጋና የሚክዱ ብቻ አይደሉም፤ ዳግመኛም አዲሶች ባለጸጎች እንደ መሆናቸው በመታበይ ራሳቸውን ከፍ ያደርጋሉ። ሁልጊዜም ሁሉን ከሚመለከት፥ ኀጢአትንም ከሚጠላ ከእግዚአብሔር ፍርድ የሚያመልጡ ይመስላቸዋል።
97e387e9-2cb7-58c7-a370-6f43832e4939,82987cab-b06d-5279-aa53-5a87fcf013e5,a34ee731-b9da-5604-a82d-9051c81087aa,5,17,ነገር ግን ብዙ ጊዜ የሚገዙልን በመስማማት ይገዙልንና ያገለግሉን ዘንድ የታመናቸው የተዘጋጁ እነዚያ ሰዎች ንጹሕ ደምን በማፍሰስ አንድ ሆኑ፤
275338e0-e6b3-501b-a4fb-b8dc9e946d11,82987cab-b06d-5279-aa53-5a87fcf013e5,a34ee731-b9da-5604-a82d-9051c81087aa,6,18,ሐሰትንም በመምከር በየውሀትና በፀጥታ የምትኖር መንግሥትን አታለው የሚያስጨንቅ መከራን መከሩባቸው።
ff036398-6b10-5a0f-a14d-0fd35be9405d,82987cab-b06d-5279-aa53-5a87fcf013e5,a34ee731-b9da-5604-a82d-9051c81087aa,7,19,ነገር ግን በማሰብ ይቀራል፤ ይኸውም ከእኛ አስቀድሞ ከነበሩ ሰዎች ይልቅ እንድናበልጥ አይደለም፤ ሕጉን እንደ ተቀበልነው እንዲሁ ጸንተን እንኖራለን፤።
edbe1d71-51c6-5e77-a801-b4024e3f3b7b,82987cab-b06d-5279-aa53-5a87fcf013e5,a34ee731-b9da-5604-a82d-9051c81087aa,8,20,ነገር ግን ከዚህ በኋላ ያለ ሕግ የተደረገውን ነገር እንመረምራለን፤ በሚገባ መፍረድ የማይችሉ፥ የማይገባቸውን ክብር አግኝተዋልና።
db87904e-65ea-5153-a3bc-2047f5be95f0,82987cab-b06d-5279-aa53-5a87fcf013e5,a34ee731-b9da-5604-a82d-9051c81087aa,9,21,ከዚህም በኋላ መንግሥታችን ያለ ሁከት ጸንታ የምትኖርበትን፥ የሕዝቡም ኑሮ የሚቃናበትን አስበን፥ የተገለጠውንም ሁልጊዜ በየዋህነት እንፈርዳለን።
67444e8a-3e02-5609-a5da-5e032642710e,82987cab-b06d-5279-aa53-5a87fcf013e5,a34ee731-b9da-5604-a82d-9051c81087aa,10,22,መቄዶናዊ የሐመዳቱ ልጅ ሐማ ግን ከእውነት ነገር የወጣና የፋርስ ደም የሌለው እንደ መሆኑ ከእኛ ቸርነት ርቆአል፤ በእኛ ዘንድም ሲኖር ባዕድ ሁኖአል።
3e2b40bd-1746-588c-ad54-755640a63bb2,82987cab-b06d-5279-aa53-5a87fcf013e5,a34ee731-b9da-5604-a82d-9051c81087aa,11,23,እርሱም በሕዝቡ ላይ ሁሉ ሹመትንና ባለሟልነትን አገኘ። አባታችን እስክንለውና የመንግሥታችንም ዙፋን ሁለተኛ እስክንለው የወደደውን ሹመት አገኘ።
2076f870-5548-5449-ae77-95ce6bf3176c,82987cab-b06d-5279-aa53-5a87fcf013e5,a34ee731-b9da-5604-a82d-9051c81087aa,12,24,ዳግመኛም ይህ አልበቃውም፤ ነገር ግን ታብዮ ከመንግሥታችን ያወጣን ዘንድ፥ ሰውነታችንንም ወደ ጥፋት ይወስድ ዘንድ አሰበ።
86d860a4-5402-52ea-a17e-e4a5403c7d8b,82987cab-b06d-5279-aa53-5a87fcf013e5,a34ee731-b9da-5604-a82d-9051c81087aa,13,25,በሁሉ የሚጠቅመንንና የሚያድነንን፥ የሚያገለግለንንም መርዶክዮስን፥ ያለ ነቀፋ የመንግሥታችን ተባባሪ የምትሆን አስቴርንም በብዙ ተንኰል፥ ነገርንም በማሳመር ከወገኖቻቸው ሁሉ ጋር ያጠፋቸው ዘንድ ለመነ።
7e6745fd-3219-5819-a977-dbb2245d28ec,82987cab-b06d-5279-aa53-5a87fcf013e5,a34ee731-b9da-5604-a82d-9051c81087aa,14,26,ስለዚህም ነገር በየዋህነት እንኖራለንና የፋርስን መንግሥት አገኘን፤ እሱ ግን ወደ መቄዶን ያዛውረው ዘንድ አሰበ።
c7c7ab02-f5d2-5ca9-ab3e-62e6b3aac89e,82987cab-b06d-5279-aa53-5a87fcf013e5,a34ee731-b9da-5604-a82d-9051c81087aa,15,27,“እኛ ግን ያጠፋቸው ዘንድ የፈለጋቸውን አይሁድን በክፋት እንዳይደሉ፥ ነገር ግን በእውነተኛ ሕጋቸው እንደሚኖሩ አገኘናቸው።
9cdfcbc8-5048-5ac8-a890-c76601ae1d60,82987cab-b06d-5279-aa53-5a87fcf013e5,a34ee731-b9da-5604-a82d-9051c81087aa,16,28,በእውነት ለእኛና ከእኛ በፊት ለነበሩ እንደ ልባችን ቅንነት መንግሥትን ያዘጋጀልን የልዑሉና የታላቁ የሕያው እግዚአብሔር ልጆች ናቸው።
a4977e4f-c20d-5abe-ae00-0a5b5c0d7eda,82987cab-b06d-5279-aa53-5a87fcf013e5,a34ee731-b9da-5604-a82d-9051c81087aa,17,29,ነገር ግን የሐመዳቱ ልጅ የሆነ የሐማን ትእዛዝ፥ የላከውንም ደብዳቤ ቃል ባትሰሙ መልካም ነገር ታደርጋላችሁ።
f9ddddd1-ac05-5f05-aba7-c5004eca8ee2,82987cab-b06d-5279-aa53-5a87fcf013e5,a34ee731-b9da-5604-a82d-9051c81087aa,18,30,እርሱ ራሱ ይህን ነገር አስቦበታልና፥ ሁሉን የሚገዛ እግዚአብሔር ፈጥኖ ፍዳውን ስለ ከፈለው ከወገኖቹ ሁሉ ጋር በሱሳ ከተማ አደባባይ ተሰቀለ።
bb7c0981-cee6-5c80-afe3-f99449c83564,82987cab-b06d-5279-aa53-5a87fcf013e5,a34ee731-b9da-5604-a82d-9051c81087aa,19,31,ይህችንም ደብዳቤ በግልጥ ዘርግታችሁ በቦታው ሁሉ አሳዩአት፤ አይሁድንም በሕጋቸው ጸንተው ይኖሩ ዘንድ ተዉአቸው።
122bd955-60be-5e10-a9cb-3022e1f96bed,82987cab-b06d-5279-aa53-5a87fcf013e5,a34ee731-b9da-5604-a82d-9051c81087aa,20,32,ዐሥራ ሁለተኛው ወር አዳር በባተ በዐሥራ ሦስተኛው ቀን ከዚያች ጀምሮ እስከዚች ሰዓት ድረስ ቀድሞ በመከራቸው ወራት ከአስጨነቋቸው ራሳቸውን ይከላከሉ ዘንድ ርዱአቸው።
3c0232b1-31f4-5db9-af89-fe7ce7c0df48,82987cab-b06d-5279-aa53-5a87fcf013e5,a34ee731-b9da-5604-a82d-9051c81087aa,21,33,ሁሉን የሚችል እግዚአብሔርም በጥፋታቸው ፋንታ ለእነዚህ ለተመረጡ ሕዝብ ደስታን አደረገላቸው።
c3063723-8d41-5d9c-a65f-6e94a2e2f4fd,82987cab-b06d-5279-aa53-5a87fcf013e5,a34ee731-b9da-5604-a82d-9051c81087aa,22,34,እናንተም በተጠሩት በበዓሎቻችሁ በታወቀ ቀን እንደዚሁ አድርጉ።
f386cdf2-84ef-5081-a248-6cf9e14d404b,82987cab-b06d-5279-aa53-5a87fcf013e5,a34ee731-b9da-5604-a82d-9051c81087aa,23,35,እነሆ፥ ከዚህ በኋላም ለእኛና ለፋርስ ሰዎች፥ በጎ ነገርን ለሚያደርጉ ሕይወት ይሆንላቸዋል፤ እኛን ይወነጅሉ ዘንድ ለሚወድዱ ግን የጥፋታቸው መታሰቢያ ይሆናል።
0a6b4194-ea28-5b7a-aeda-edaa079637be,82987cab-b06d-5279-aa53-5a87fcf013e5,a34ee731-b9da-5604-a82d-9051c81087aa,24,36,ሀገሩ ሁሉ፥ ወይም ከተማው በሁሉም ቦታ እንዲህ ያላደረገ በጦርና በእሳት በመዓት ይጠፋል፤ ጥፋትም የሚሆነው በሰዎች ብቻ አይደለም፤ ነገር ግን በአውሬዎችና በዎፎችም ላይ ይሆናል።”
70a9cfd6-16b6-5ec9-ab6b-515254aa4243,82987cab-b06d-5279-aa53-5a87fcf013e5,a34ee731-b9da-5604-a82d-9051c81087aa,25,37,አይሁድም ጠላቶቻቸውን እንዲበቀሉ በዚያ ቀን ይዘጋጁ ዘንድ የደብዳቤው ቅጂ በግዛቱ ሁሉ በግልጥ ቦታ ተዘርግቶ እንዲታይ ተደረገ።
b0058107-58d1-57d6-ab1a-ee95a3356762,82987cab-b06d-5279-aa53-5a87fcf013e5,a34ee731-b9da-5604-a82d-9051c81087aa,26,38,ፈረሰኞችም የንጉሡን ትእዛዝ ይፈጽሙ ዘንድ ቸኩለው ወጡ። ዐዋጁም በሱሳ ከተማ ተነገረ።
3579a841-974c-52a3-aff2-53348e8f7256,82987cab-b06d-5279-aa53-5a87fcf013e5,a34ee731-b9da-5604-a82d-9051c81087aa,27,39,መርዶክዮስም ልብሰ መንግሥት ለብሶ፥ የወርቅ አክሊልም ደፍቶ፥ ከሐምራዊ ግምጃ የተሠራ መጐናጸፊያም ተጐናጽፎ ወጣ፤ በሱሳ ከተማ የነበሩትም አይተው ደስ አላቸው።
ee54f1b1-8714-549b-a8e6-65c4f11de238,82987cab-b06d-5279-aa53-5a87fcf013e5,a34ee731-b9da-5604-a82d-9051c81087aa,28,40,ለአይሁድም ብርሃንና ደስታ ሆነ።
e51e7d9c-a08e-50d5-af8b-1b48945fd596,82987cab-b06d-5279-aa53-5a87fcf013e5,a34ee731-b9da-5604-a82d-9051c81087aa,29,41,ትእዛዙም በታወጀበት፥ ደብዳቤውም በተገኘበት አውራጃና ከተማ ሁሉ ለአይሁድ ደስታና ተድላ፥ የግብዣም ቀን፥ መልካምም ቀን ሆነ። ከአሕዛብም ብዙዎች አይሁድን ስለ ፈሩ ተገዝረው አይሁድ ሆኑ።
b47f0071-832f-5eab-a72f-7e9033af4e7f,e68390cb-ef69-5047-a190-b795fd3f3fbc,a85ff606-7d27-552e-adbe-79a3fac57bc4,1,1,አዳር በሚባለውም በዐሥራ ሁለተኛው ወር ከወሩም በዐሥራ ሦስተኛው ቀን ንጉሡ የጻፈው ደብዳቤ ደረሰ።
57d80fc1-e955-54ae-aa46-e716db0fc24f,e68390cb-ef69-5047-a190-b795fd3f3fbc,a85ff606-7d27-552e-adbe-79a3fac57bc4,2,2,በዚያችም ቀን የአይሁድ ጠላቶች ጠፉ። ስለፈሩአቸውም አይሁድን የሚቃወም ሰው አልነበረም።
6bd6c3c4-072b-5cda-a528-b1045f740267,e68390cb-ef69-5047-a190-b795fd3f3fbc,a85ff606-7d27-552e-adbe-79a3fac57bc4,3,3,መርዶክዮስን መፍራትም በላያቸው ስለ ወደቀ በየሀገሩ የነበሩ አዛውንትና ሹሞች፥ አለቆችም፥ የንጉሡም ጸሓፊዎች ሁሉ አይሁድን አከበሩ።
d675ced2-b853-5008-ac58-f9e1165b93d9,e68390cb-ef69-5047-a190-b795fd3f3fbc,a85ff606-7d27-552e-adbe-79a3fac57bc4,4,4,መርዶክዮስ በመንግሥቱ ሁሉ ይከበር ዘንድ የንጉሡ ደብዳቤ ያስገድድ ነበርና፤
23210b1c-179b-578b-acb1-f41da6097d32,e68390cb-ef69-5047-a190-b795fd3f3fbc,a85ff606-7d27-552e-adbe-79a3fac57bc4,5,5,አይሁድም ጠላቶቻቸውን ሁሉ በሰይፍ እየመቱ ገደሉአቸው፤ አጠፉአቸውም፤ በሚጠሉአቸውም ላይ እንደ ወደዱ አደረጉባቸው።
3d0076bc-d723-5cc8-a891-74592a20bd47,e68390cb-ef69-5047-a190-b795fd3f3fbc,a85ff606-7d27-552e-adbe-79a3fac57bc4,6,6,አይሁድም በሱሳ ከተማ አምስት መቶ ያህል ሰዎችን ገደሉ፤ አጠፉም።
0577e49d-7f81-5653-a85a-1c7bc7eeaae2,e68390cb-ef69-5047-a190-b795fd3f3fbc,a85ff606-7d27-552e-adbe-79a3fac57bc4,7,7,ፈርሰኔስ፥ ደልፎን፥ ፋስጋ፤
daeffecf-acfb-53d8-ac4a-f581f9a0482f,e68390cb-ef69-5047-a190-b795fd3f3fbc,a85ff606-7d27-552e-adbe-79a3fac57bc4,8,8,ፋርዳታ፥ በርያ፥ ሰርበካ፤
49881c5f-d99e-5764-a3c1-2ff3550adeaa,e68390cb-ef69-5047-a190-b795fd3f3fbc,a85ff606-7d27-552e-adbe-79a3fac57bc4,9,9,መርመሲማ፥ ሩፋዮስ፥ አርሳዮስ፥ ዛቡታዮስ የሚባሉትን፥
1ebd3a1c-bad8-5ae9-a883-e7140db17a6b,e68390cb-ef69-5047-a190-b795fd3f3fbc,a85ff606-7d27-552e-adbe-79a3fac57bc4,10,10,የቡጊያዊው የሐመዳቱን ልጅ የአይሁድን ጠላት የሐማን ዐሥሩን ልጆች ገደሉ፤ በዚያም ቀን ገንዘባቸውን ሁሉ ዘረፉ።
6dec7bb2-6050-5b15-af42-06bed888dcbe,e68390cb-ef69-5047-a190-b795fd3f3fbc,a85ff606-7d27-552e-adbe-79a3fac57bc4,11,11,በሱሳ ከተማ የተገደሉት ሰዎች ቍጥርም ወደ ንጉሡ ተላለፈ።
e3809cb8-5855-5317-a2bb-f3da3e0ffa10,e68390cb-ef69-5047-a190-b795fd3f3fbc,a85ff606-7d27-552e-adbe-79a3fac57bc4,12,12,ንጉሡም ንግሥቲቱን አስቴርን፥ “አይሁድ በሱሳ ከተማ አምስት መቶ ሰዎችን ገደሉ፤ አጠፉአቸውም፤ በቀሩትስ በንጉሡ ሀገሮች እንዴት አድርገው ይሆን? እንግዲህስ ይደረግልሽ ዘንድ የምትፈልጊው ምንድን ነው?” አላት።
1a04eab9-c403-5376-a025-47a8f5b05434,e68390cb-ef69-5047-a190-b795fd3f3fbc,a85ff606-7d27-552e-adbe-79a3fac57bc4,13,13,አስቴርም፥ “አይሁድ ነገ ደግሞ እንዲሁ እንዲያደርጉ፥ ዐሥሩንም የሐማ ልጆች በግንድ ላይ እንዲሰቅሉ ይፈቀድላቸው፤” አለች።
704ae8cb-fcf9-5a6d-a99a-23123e53c3a5,e68390cb-ef69-5047-a190-b795fd3f3fbc,a85ff606-7d27-552e-adbe-79a3fac57bc4,14,14,ንጉሡም ይህ ይደረግ ዘንድ ፈቀደ፤ በከተማ ለሚኖሩ አይሁድም የሐማን ልጆች አስከሬን ይሰቅሉ ዘንድ አዘዘ።
a5e06f82-738e-5786-aa41-f283c1746d2d,e68390cb-ef69-5047-a190-b795fd3f3fbc,a85ff606-7d27-552e-adbe-79a3fac57bc4,15,15,አይሁድም አዳር በሚባለው ወር በዐሥራ አራተኛው ቀን በሱሳ ተሰብስበው ሦስት መቶ ያህል ሰዎችን ገደሉ፤ ነገር ግን ንብረታቸውን አልዘረፉም።
1c224f55-5c3c-5785-a35b-cbd4a728ff1e,e68390cb-ef69-5047-a190-b795fd3f3fbc,a85ff606-7d27-552e-adbe-79a3fac57bc4,16,16,የቀሩትም በንጉሡ ሀገር ያሉ አይሁድ ተሰብስበው እርስ በርሳቸው ተረዳዱ፤ ከጠላቶቻቸውም ዐረፉ፤ ከሚጠሉአቸውም አዳር በሚባለው ወር በዐሥራ ሦስተኛው ቀን ዐሥራ አምስት ሺህ ገደሉ፤ ነገር ግን የዘረፉት የለም።
4a6e1bb5-39d6-5060-a353-5edb562726e8,e68390cb-ef69-5047-a190-b795fd3f3fbc,a85ff606-7d27-552e-adbe-79a3fac57bc4,17,17,በዚያም ወር በዐሥራ አራተኛው ቀን ዐረፉ፤ ያችንም ቀን ከግብዣና ከደስታም ጋር የዕረፍት ቀን አደረጓት።
2250ae0d-8106-5ee8-a720-f20ba6e2f263,e68390cb-ef69-5047-a190-b795fd3f3fbc,a85ff606-7d27-552e-adbe-79a3fac57bc4,18,18,በሱሳ ከተማ የነበሩት አይሁድ ግን በዐሥራ አራተኛው ቀን ተሰብስበው ዐረፉ፤ በዐሥራ አምስተኛውም ቀን በዓልና ደስታ አደረጉ።
1d059efc-9146-5891-aa1f-194815f0f122,e68390cb-ef69-5047-a190-b795fd3f3fbc,a85ff606-7d27-552e-adbe-79a3fac57bc4,19,19,ስለዚህ በገጠር መንደሮች ተበታትነው የሚኖሩ አይሁድ አዳር በሚባለው ወር ዐሥራ አራተኛውን ቀን የደስታና የመጠጥ፥ የመልካምም ቀን፥ እርስ በርሳቸውም ስጦታ የሚሰጣጡበት ቀን ያደርጉታል።
5747fc20-1cc3-54e2-a068-ef014a9c17a3,e68390cb-ef69-5047-a190-b795fd3f3fbc,1d9b36cb-a22b-5689-ad16-6d6b5e8d8b1e,1,20,መርዶክዮስም ይህን ነገር በመጽሐፍ ጻፈው፤ በንጉሡም በአርጤክስስ ሀገሮች ሁሉ፥ በሩቅም በቅርብም ላሉት ሁሉ ላከው።
d91bd0e2-a3d1-5d99-a449-5473a9ac19fd,e68390cb-ef69-5047-a190-b795fd3f3fbc,1d9b36cb-a22b-5689-ad16-6d6b5e8d8b1e,2,21,በየዓመቱም አዳር በሚባለው ወር ዐሥራ አራተኛውንና ዐሥራ አምስተኛውን ቀን የደስታ ቀኖች አድርገው ይጠብቋቸው ዘንድ፥
a8aac9af-de76-52f2-a196-b1b611cc4d74,e68390cb-ef69-5047-a190-b795fd3f3fbc,1d9b36cb-a22b-5689-ad16-6d6b5e8d8b1e,3,22,በእነዚያ ወራት አይሁድ ከጠላቶቻቸው ዕረፍትን አግኝተዋልና፥ አዳር የተባለውም ወር ከኀዘን ወደ ደስታ፥ ከልቅሶም ወደ መልካም ቀን የተለወጠበት የግብዣና የደስታም ቀን፥ ለወዳጆቻቸውና ለድኆችም ስጦታ የሚልኩበት ቀን ነውና።
61b59d96-8ca0-523e-a09b-651bd4e04312,e68390cb-ef69-5047-a190-b795fd3f3fbc,1d9b36cb-a22b-5689-ad16-6d6b5e8d8b1e,4,23,አይሁድም መርዶክዮስ እንደ ጻፈላቸው ተቀበሉት፤
93e26510-7e28-5a99-a8eb-3f9b101677ff,e68390cb-ef69-5047-a190-b795fd3f3fbc,1d9b36cb-a22b-5689-ad16-6d6b5e8d8b1e,5,24,መቄዶንያዊው የሐመዳቱ ልጅ ሐማም አይሁድን በተንኰል ያጠፋ ዘንድ ተዋግቶአቸው ነበር፤ ዐዋጅም ዐውጆ ነበር፤ ዕጣም ጥሎ ነበር።
58ee86bc-aaf8-588a-a9dd-c651b8503618,e68390cb-ef69-5047-a190-b795fd3f3fbc,1d9b36cb-a22b-5689-ad16-6d6b5e8d8b1e,6,25,እንዲሁም ወደ ንጉሡ ገብቶ መርዶክዮስን ይሰቅለው ዘንድ ጠይቆ ነበር፤ ነገር ግን በአይሁድ ላይ የተተነኰለው ክፉ ተንኰል በራሱ ላይ ተመለሰ። እርሱም ልጆቹም ተሰቀሉ።
e38bf399-aa8c-5bb8-a36e-6e8e50cc0174,e68390cb-ef69-5047-a190-b795fd3f3fbc,1d9b36cb-a22b-5689-ad16-6d6b5e8d8b1e,7,26,ስለዚህም እነዚህ ቀኖች ዕጣ ስለ ተጣለባቸው ፉሪም ተባሉ። በዚችም ደብዳቤ ስለ ተጻፈው ቃል ሁሉ፥ በውስጥዋም ስለ ተገኘውና ስላገኙአቸውም ነገሮች ሁሉ በቋንቋቸው ፉሪም ይሏቸዋል።
2b1a446a-fe99-54a1-a397-5897eaf72863,e68390cb-ef69-5047-a190-b795fd3f3fbc,1d9b36cb-a22b-5689-ad16-6d6b5e8d8b1e,8,27,አይሁድም ለራሳቸው፥ ለዘራቸውና ከእነርሱ ጋር አንድ ለሚሆኑ ሁሉ ከዚህ ሥርዐት እንዳይወጡ የተጻፈውን ተቀበሉ። እነዚህም ቀኖች በየትውልዳቸውና በየወገናቸው፥ በየሀገራቸውም፥ በየከተማቸውም ለዘለዓለም የታሰቡና የተከበሩ ይሆናሉ።
62ffe084-c936-5638-a4cf-78afd699c2ec,e68390cb-ef69-5047-a190-b795fd3f3fbc,1d9b36cb-a22b-5689-ad16-6d6b5e8d8b1e,9,28,እነዚህም የፉሪም ቀኖች ሁልጊዜ ይከበራሉ፤ መታሰቢያቸውም በትውልድ ሁሉ አይደመሰስም።
5104b5ab-e689-5fc3-a202-4664af5dd499,e68390cb-ef69-5047-a190-b795fd3f3fbc,1d9b36cb-a22b-5689-ad16-6d6b5e8d8b1e,10,29,የአሚናዳብም ልጅ ንግሥቲቱ አስቴርና አይሁዳዊው መርዶክዮስ ያደረጉትን ሁሉ ጻፉ። የፉሪምንም ደብዳቤ አጸኑ።
7dd32c74-2fdf-5e14-add5-fefc4942bd87,e68390cb-ef69-5047-a190-b795fd3f3fbc,1d9b36cb-a22b-5689-ad16-6d6b5e8d8b1e,11,30,ደብዳቤዎቹንም በአርጤክስስ መንግሥት በመቶ ሃያ ሰባቱ ሀገሮች ወዳሉ አይሁድ ሁሉ በሰላምና በእውነት ቃል ላኩ።
a3d3d5a8-c17c-565c-a640-3856bb9eae35,e68390cb-ef69-5047-a190-b795fd3f3fbc,1d9b36cb-a22b-5689-ad16-6d6b5e8d8b1e,12,31,እነዚህንም የፉሪም ቀኖች መርዶክዮስና ንግሥቲቱ አስቴር ለራሳቸው የጾም ቀን አደረጓቸው፤ በሕይወታቸውና በምክራቸውም ማሉ።
1719edb1-ec84-541e-ada5-313f600c646e,e68390cb-ef69-5047-a190-b795fd3f3fbc,1d9b36cb-a22b-5689-ad16-6d6b5e8d8b1e,13,32,አስቴርም ይህን ነገር በትእዛዝ አጸናችው፤ ለመታሰቢያም ተጻፈ።
77e4b2b1-747d-5b99-ac0c-d53e3efff611,e41aad70-5eb3-5adc-a78d-0740d4f2c660,8c506563-5c04-5d1d-ad0e-7da18eb3c4f0,1,1,ንጉሡም አርጤክስስ በመንግሥቱ በምድርና በባሕር ላይ ግብር ጣለ።
8dd2a051-76ae-5880-ab22-1da7977d4d01,e41aad70-5eb3-5adc-a78d-0740d4f2c660,8c506563-5c04-5d1d-ad0e-7da18eb3c4f0,2,2,የኀይሉና የብርታቱ፥ የሀብቱና የመንግሥቱ ክብር እነሆ በፋርስና በሜዶን ነገሥታት ታሪክ መጽሐፍ ለመታሰቢያ ተጻፈ።
da48082d-aab2-52ef-a739-13f89af9c85e,e41aad70-5eb3-5adc-a78d-0740d4f2c660,8c506563-5c04-5d1d-ad0e-7da18eb3c4f0,3,3,አይሁዳዊውም መርዶክዮስ ለንጉሡ ለአርጤክስስ በማዕረግ ሁለተኛ ነበረ፤ በመንግሥቱም ታላቅ ሰው ነበረ፤ በአይሁድም የከበረ ነበረ፤ በወንድሞችም ዘንድ የተወደደ፥ ለሕዝቡም ሁሉ መልካምን የሚያደርግ ነበረ።
a406be20-dba1-5189-a470-2447dd1e2081,e41aad70-5eb3-5adc-a78d-0740d4f2c660,8c506563-5c04-5d1d-ad0e-7da18eb3c4f0,4,4,መርዶክዮስም፥ “ይህ ነገር በእግዚአብሔር ፈቃድ ተደረገ።
d47d1d58-3a74-5a3a-aaa7-f454440762ea,e41aad70-5eb3-5adc-a78d-0740d4f2c660,8c506563-5c04-5d1d-ad0e-7da18eb3c4f0,5,5,የዚያ ሕልም ጊዜው አላለፈምና ስለዚህ ነገር ያየሁት የሕልሜን ነገር አሰብሁ” አለ።
3c6a87f6-4332-5c3b-ad56-1b9d5263e510,e41aad70-5eb3-5adc-a78d-0740d4f2c660,8c506563-5c04-5d1d-ad0e-7da18eb3c4f0,6,6,ፀሐይና ብርሃን የወጣባት፥ ብዙው ውኃም የተገኘባት ወንዝ የሆነች ያች ትንሿ የውኃ ምንጭ ንጉሥ ያገባት፥ ንግሥትም ያደረጋት አስቴር ናት።
5e1d18bd-c7fa-538a-abe5-daa7c59f5d5d,e41aad70-5eb3-5adc-a78d-0740d4f2c660,8c506563-5c04-5d1d-ad0e-7da18eb3c4f0,7,7,እነዚያ ሁለቱ ዘንዶዎችም ሐማና እኔ ነን።
628f71a4-68c2-5272-ad81-e35f24e30a2e,e41aad70-5eb3-5adc-a78d-0740d4f2c660,8c506563-5c04-5d1d-ad0e-7da18eb3c4f0,8,8,የአይሁድንም ስም ያጠፉ ዘንድ የተሰበሰቡት አሕዛብ ናቸው።
26fa576d-4cc4-5b6a-ae79-7b19f7746204,e41aad70-5eb3-5adc-a78d-0740d4f2c660,8c506563-5c04-5d1d-ad0e-7da18eb3c4f0,9,9,ወደ እግዚአብሔርም የጮኹ፥ ከመከራውም የዳኑ ወገኖች እስራኤል ናቸው።” እግዚአብሔርም ወገኖቹን ከመከራው አዳናቸው፤ እግዚአብሔርም ከመከራው ሁሉ አዳነን፤ እግዚአብሔርም በሕዝቡ ዘንድ እንደዚህ ያልተደረገ ታላቅ ድንቅና ብዙ ታምራትን አደረገ።
a6f9d173-16b1-58e7-a77c-b4a1ce3370e1,e41aad70-5eb3-5adc-a78d-0740d4f2c660,8c506563-5c04-5d1d-ad0e-7da18eb3c4f0,10,10,ስለዚህም ነገር ሁለት ዕጣ አደረገ፤ አንዱ ለእግዚአብሔር ወገኖች ነው፤ ሁለተኛውም ለአሕዛብ ነው፤
65cc0248-abfe-5c5a-a5b6-af74c21cc4ec,e41aad70-5eb3-5adc-a78d-0740d4f2c660,8c506563-5c04-5d1d-ad0e-7da18eb3c4f0,11,11,እነዚያም ሁለት ዕጣዎች በቍርጥ ፍርድ ቀንና ሰዓት በእግዚአብሔር ፈቃድ በአሕዛብ ሁሉ ላይ ደረሱ።
510f4fb1-6294-58bf-aa50-9478b828e690,e41aad70-5eb3-5adc-a78d-0740d4f2c660,8c506563-5c04-5d1d-ad0e-7da18eb3c4f0,12,12,እግዚአብሔርም ወገኖቹን አሰባቸው፤ ርስቱንም አነጻ።
06f918a2-6d3c-566e-a440-5b345ff70de4,e41aad70-5eb3-5adc-a78d-0740d4f2c660,8c506563-5c04-5d1d-ad0e-7da18eb3c4f0,13,13,እነዚያም ቀኖች አዳር የተባለው ወር በባተ በዐሥራ አራተኛውና በዐሥራ አምስተኛው ቀን በእግዚአብሔር ፊት በደስታ ተሰብስበው በትውልዳቸው በእስራኤል ዘንድ ለዘለዓለሙ የሚያከብሩአቸው ሆኑ።
6c6c65dc-f25d-5f2c-a76b-c902da07e06f,e0cc3720-8d1f-5310-a9f1-8fd9d298eb90,c5a232d3-0c0e-5d3f-aa74-e049bed09eb0,1,1,ጰጠሎሜዎስና ቀለዮጳጥራ በነገሡ በአራተኛው ዓመት፥ ካህንና ሌዊ ነኝ ያለው ዞሲጢዮስና ልጁ ጰጠሎሜዎስ በኢየሩሳሌም ከሚኖሩት አንዱ የጰጠሎሜዎስ ልጅ ሊሲማኮስ ተረጐማት ያሏትን የፉሪምን መልእክት አመጡ።
f6464350-8844-5887-aac2-3bdf8efe5429,2461ce7a-f55b-56fa-a459-d8f92c0ec138,c50bb513-feea-5174-a970-8a7987f55a85,1,1,ስሙ ጺሩጻይዳን የሚባል፥ ክፋትንም የሚወዳት አንድ ሰው ነበር፤ በፈረሶቹ ብዛትና ከሥልጣኑ በታች ባሉ በጭፍራዎቹ ጽናት ይመካ ነበር።
d89b0129-fe43-568b-a064-0a254ee6fe20,2461ce7a-f55b-56fa-a459-d8f92c0ec138,c50bb513-feea-5174-a970-8a7987f55a85,2,2,የሚያመልካቸውና የሚሰግድላቸው፥ በመዓልትና በሌሊት መሥዋዕት የሚሠዋላቸው ብዙ ጣዖታት ነበሩት።
b9addf49-bde6-5726-aaa6-016e3267baf3,2461ce7a-f55b-56fa-a459-d8f92c0ec138,c50bb513-feea-5174-a970-8a7987f55a85,3,3,እርሱ ግን በልቡናው ድንቍርና እነርሱ ኀይልንና ብርታትን የሚሰጡት ይመስለው ነበር።
3d68a825-7792-505a-a6d6-7ec750c2d4e3,2461ce7a-f55b-56fa-a459-d8f92c0ec138,c50bb513-feea-5174-a970-8a7987f55a85,4,4,በልቡም በግዛቱ ሁሉ እነርሱ ሥልጣንን የሚሰጡት ይመስለው ነበር።
6c8c3919-2e3b-537e-a1ed-7e44ad6c3350,2461ce7a-f55b-56fa-a459-d8f92c0ec138,c50bb513-feea-5174-a970-8a7987f55a85,5,5,ዳግመኛም በሰልፍ ጊዜ እነርሱ ሥልጣንንና የተመኘውንም ሁሉ የሚሰጡት ይመስለው ነበር።
c6b1297a-e294-5981-a7a1-4b52c5ac82f2,2461ce7a-f55b-56fa-a459-d8f92c0ec138,c50bb513-feea-5174-a970-8a7987f55a85,6,6,እርሱም ቀንና ሌሊት ይሠዋላቸው ነበር።
32b15ab4-59bb-5cd2-afaf-df87f616a876,2461ce7a-f55b-56fa-a459-d8f92c0ec138,c50bb513-feea-5174-a970-8a7987f55a85,7,7,ጣዖታቱን የሚያገለግሉ ካህናትን ሾመ።
805c0035-db07-5bc5-a23a-e5c84232a040,2461ce7a-f55b-56fa-a459-d8f92c0ec138,c50bb513-feea-5174-a970-8a7987f55a85,8,8,ከዚያች ከረከሰች መሥዋዕት እነርሱ እየበሉ ቀንና ሌሊት ጣዖቶቹ የሚበሉ አስመስለው ይነግሩት ነበር።
6acc2d7a-b81a-55d1-ae3d-fbc5417b2180,2461ce7a-f55b-56fa-a459-d8f92c0ec138,c50bb513-feea-5174-a970-8a7987f55a85,9,9,ዳግመኛ መሥዋዕት ሠውተው ይበሉ ዘንድ ሌሎች ሰዎችን እንደ እነርሱ ያተጉ ነበረ። ዳግመኛም እነርሱ መሥዋዕት ሠውተው እንደ እነርሱ መሥዋዕት ይሠዉ ዘንድ ሌሎች ሰዎችን ያተጉ ነበር።
935467f7-0de5-5ec9-a107-a816dbd4a513,2461ce7a-f55b-56fa-a459-d8f92c0ec138,c50bb513-feea-5174-a970-8a7987f55a85,10,10,እርሱ ግን ጥቅም በሌለው ጣዖቱ ይታመን ነበር።
5ff7673e-bfea-5acf-aa25-e67114c0d6cc,2461ce7a-f55b-56fa-a459-d8f92c0ec138,c50bb513-feea-5174-a970-8a7987f55a85,11,11,በልቡ ድንቍርናና በዕውቀቱ ማነስ እነርሱ የፈጠሩት፥ እነርሱም የሚመግቡትና የሚያነግሡት ይመስለው ነበር፤ አማልክት ሳይሆኑ አማልክት ካላቸው ከእርሱ ጋራ ተፈርዶባቸው ለዘለዓለም ወደ ገሃነመ እሳት ይሄዱ ዘንድ ካለ መኖር ወደ መኖር አምጥቶ የፈጠረውን ፈጣሪውን እርሱ ከወገኖቹ ጋር እንዳያውቅ ሰይጣን ልቡናውን አደንቁሮታልና የፈጠሩት ይመስለው ነበር።
89cca10c-e553-5cac-a81f-7dd77076766c,2461ce7a-f55b-56fa-a459-d8f92c0ec138,c50bb513-feea-5174-a970-8a7987f55a85,12,12,መቼም መች ሕያዋን አይደሉምና ሙታን ይሏቸው ዘንድ ይገባል።
51c03392-1356-5f94-a9b2-7356329a37fc,2461ce7a-f55b-56fa-a459-d8f92c0ec138,c50bb513-feea-5174-a970-8a7987f55a85,13,13,የሚያስታቸው የሰይጣን መንፈስ በዚያ በጣዖቱ ምስል ያድራልና፥ የልቡናቸውንም ፈቃድ ይነግራቸዋልና፥ እንደ ወደዱም ይገለጥላቸዋልና ባመኑባቸው፥ ልቡናቸውም እንደ ዐመድ የሆነ የአዳም ልጆች በሚታመኑባቸው በጣዖቶቹ ይፈረድባቸዋል።
86cc82b4-dc3d-5fb1-a8ae-cc6f3a37a597,2461ce7a-f55b-56fa-a459-d8f92c0ec138,c50bb513-feea-5174-a970-8a7987f55a85,14,14,ያሰቡትንም እንደ ፈጸመላቸው በአዩ ጊዜ ያደንቃሉ፤ እነርሱም ከባሕርያቸው የተወለዱ ወንዶች ልጆቻቸውንና ሴቶች ልጆቻቸውን እስኪሠዉ፥ የወንዶች ልጆቻቸውንና የሴቶች ልጆቻቸውን ንጹሕ ደም እስኪያፈስሱ ድረስ ፈቃዱን ያደርጋሉ።
936b07ed-1ce4-509c-adbe-c4a4d5e1207a,2461ce7a-f55b-56fa-a459-d8f92c0ec138,c50bb513-feea-5174-a970-8a7987f55a85,15,15,እስከ ዘለዓለም ድረስ መውጫ ወደሌለባት፥ እርሱ መከራ ወደሚቀበልባት እንደ እርሱ ወደ ገሃነም ያወርዳቸው ዘንድ ሰይጣን ክፉ ፈቃዳቸውን ለመፈጸም መሥዋዕቱን አጣጥሞላቸዋልና አላሳዘኗቸውም።
87c347b9-9e61-5afc-a8dd-b215267bfc3e,2461ce7a-f55b-56fa-a459-d8f92c0ec138,c50bb513-feea-5174-a970-8a7987f55a85,16,16,ያ ጺሩጻይዳን ግን ትዕቢተኛ ነበር፤ በወንዶች አምሳል የተሠሩ ሃምሳ፥ በሴቶች አምሳል የተሠሩም ሃያ ጣዖቶች ነበሩት።
53b9a7a7-3306-5a72-a59f-3d284418453b,2461ce7a-f55b-56fa-a459-d8f92c0ec138,c50bb513-feea-5174-a970-8a7987f55a85,17,17,ጥቅም በሌላቸው በእነዚያ በጣዖታቱም ይመካ ነበር፤ እጅግም ያከብራቸው ነበር፤ ጧትና ማታም ይሠዋላቸው ነበር።
485be3e4-2e6e-56bf-a115-52cd3d9c7473,2461ce7a-f55b-56fa-a459-d8f92c0ec138,c50bb513-feea-5174-a970-8a7987f55a85,18,18,ሰዎችንም ለጣዖቱ መሥዋዕት ይሠዉ ዘንድ ያዛቸው ነበር፤ እርሱም ከዚያች የረከሰች መሥዋዕት ይበላ ነበር፤ ሌሎችንም ከመሥዋዕቱ ይበሉ ዘንድ ያዝዛቸው ነበር፤ ይልቁንም ለክፋት ይተናኰል ነበር።
d5cdf493-9f82-5d1d-a7e9-85457cf76dc0,2461ce7a-f55b-56fa-a459-d8f92c0ec138,c50bb513-feea-5174-a970-8a7987f55a85,19,19,የብረትና የናስ፥ የእርሳስም ለሆኑ፥ ተመትተውም ለተሠሩ ጣዖታቱ አምስት ቤት ሠራላቸው።
755f0fed-a01f-5b13-a488-1d1d2592112a,2461ce7a-f55b-56fa-a459-d8f92c0ec138,c50bb513-feea-5174-a970-8a7987f55a85,20,20,በወርቅና በብርም አስጌጣቸው፤ በቤቱም ዙሪያ መጋረጃ አስጋረደላቸው፤ ድንኳንም አስተከለላቸው።
6ea132af-2bd3-50dd-ae6f-0f1b8c861044,2461ce7a-f55b-56fa-a459-d8f92c0ec138,c50bb513-feea-5174-a970-8a7987f55a85,21,21,በዚያም ጠባቂዎችን ሾመላቸው፤ የሰቡ ዐሥር በሬዎችን፥ ዐሥር መሲናዎች ላሞችን፥ የሰቡ ዐሥር የበግ ሙክቶችን፥ የመሰኑ ዐሥር ፍየሎችንም ክንፍ ከአላቸው ከወፎች ጋራ ለጣዖታቱ ዘወትር አርባ ይሠዋላቸው ነበር።
e2a01c44-9137-55ce-ab6a-755a518d4812,2461ce7a-f55b-56fa-a459-d8f92c0ec138,c50bb513-feea-5174-a970-8a7987f55a85,22,22,ለእርሱ ግን ጣዖታቱ የሚበሉ ይመስለው ነበር፤ ሃምሳ ፊቀን ወይን፥ በዘይት የታሸ ሃምሳ ወጪት ስንዴንም ያቀርብላቸው ነበር።
55f52134-93b9-520e-a98e-7eceb6f990da,2461ce7a-f55b-56fa-a459-d8f92c0ec138,c50bb513-feea-5174-a970-8a7987f55a85,23,23,ካህናቱንም “ወስዳችሁ ስጧቸው፤ ፈጣሪዎች ያረድሁላቸውን ሥጋ ይብሉ፤ ያቀረብሁላቸውንም ወይን ይጠጡ፤ ባይበቃቸውም እኔ እጨምርላቸዋለሁ” አላቸው።
f6f2e63a-7665-57c7-a1c1-a9b0511dd228,2461ce7a-f55b-56fa-a459-d8f92c0ec138,c50bb513-feea-5174-a970-8a7987f55a85,24,24,ከዚያች ከረከሰች መሥዋዕትም ይበሉና ይጠጡ ዘንድ ሁሉን ያስገድድ ነበር።
186bc501-fd16-50cc-a680-b4acb3442be8,2461ce7a-f55b-56fa-a459-d8f92c0ec138,c50bb513-feea-5174-a970-8a7987f55a85,25,25,እርሱ ግን በክፉ ተንኰሉ የማይሠዋም፥ የማይሰግድም እንዳለ ለይተው ዐውቀው ያመጡት ዘንድ፥ በፊቱም በእሳትና በሰይፍ ይቀጡት ዘንድ ገንዘቡንም ይበረብሩት ዘንድ፥ ቤቱንም በእሳት ያቃጥሉት ዘንድ፥ ያለውንም ገንዘቡን ሁሉ ይወስዱበት ዘንድ በግዛቱ ሁሉ የሚሰልሉ ጭፍራዎቹን ላከ።
97c7ed5e-0578-56c5-aa7b-4f08239a2537,2461ce7a-f55b-56fa-a459-d8f92c0ec138,c50bb513-feea-5174-a970-8a7987f55a85,26,26,ለአማልክቶችም መሠዋትንና ማምለክን እንቢ ካለ ለእርሱ እኔ መከራንና ቅጣትን አሳየዋለሁ። እነርሱ ደጋጎችና ታላላቆች ናቸውና፥ በቸርነታቸውም እኛን ፈጥረዋልና፤
dc742e2a-472a-532e-af33-5e8a122d5f2b,2461ce7a-f55b-56fa-a459-d8f92c0ec138,c50bb513-feea-5174-a970-8a7987f55a85,27,27,ሰማይንና ምድርን፥ ታላቅ ባሕርንም፥ ፀሐይንና ጨረቃን፥ ከዋክብትንም፥ ነፋሳትንና ዝናማትንም፥ ለእኛም ምግብና ጥጋብ ሊሆነን የሚንቀሳቀሰውን ሁሉ ፈጥረዋልና።
7986575c-b434-5471-a7cf-44cf2987e5c2,2461ce7a-f55b-56fa-a459-d8f92c0ec138,c50bb513-feea-5174-a970-8a7987f55a85,28,28,የማያመልኳቸው ግን በፍጹም መከራ ይቀጣሉ፤ አይራሩላቸውምም።
a7ff7383-2039-5bcf-a2a5-b8ca688b68f4,aa37706c-8af7-5e53-af9a-86f5e5aefc93,a1c816b4-cfe6-5562-a2bb-34dc0ec9ab03,1,1,ከነገደ ብንያም ስሙ መቃቢስ የሚባል አንድ ሰው ነበረ።
43b16254-11e5-5961-ad8f-768eba4cd0f7,aa37706c-8af7-5e53-af9a-86f5e5aefc93,a1c816b4-cfe6-5562-a2bb-34dc0ec9ab03,2,2,መልከ መልካሞችና እጅግ ብርቱዎች የሆኑ ሦስት ልጆች ነበሩት፥ በሰው ሁሉ ዘንድ በዚያች የጺሩጻይዳን ግዛት በምትሆን በከለዳውያን ምድር በምድያምና በሜዶን ሀገር መወደድ ነበራቸው።
fe72efff-c83d-5532-ac82-1cf5663867b5,aa37706c-8af7-5e53-af9a-86f5e5aefc93,a1c816b4-cfe6-5562-a2bb-34dc0ec9ab03,3,3,በአገኙአቸውም ጊዜ እንዲህ አሏቸው፥ “ንጉሡ እንዳዘዘ ለጺሩጻይዳን አማልክት አትሰግዱምን? መሥዋዕትስ አትሠዉምን?
48d7919d-e898-52eb-ac90-3ed20e89e634,aa37706c-8af7-5e53-af9a-86f5e5aefc93,a1c816b4-cfe6-5562-a2bb-34dc0ec9ab03,4,4,እንቢ ብትሉ ግን ይዘን ወደ ንጉሡ እንወስዳችኋለን፤ ንጉሡም እንዳዘዘ ገንዘባችሁን ሁሉ እናጠፋለን።”
9cf8c99b-acc8-558a-afea-a7077321c044,aa37706c-8af7-5e53-af9a-86f5e5aefc93,a1c816b4-cfe6-5562-a2bb-34dc0ec9ab03,5,5,እነዚያ መልከ መልካሞች ጐልማሶችም፥ “እኛስ የምንሰግድለት ሰማይንና ምድርን፥ ባሕርን፥ በውስጧም ያለውን፥ ፀሐይንና ጨረቃን፥ ከዋክብትንና ደመናትን የፈጠረ የአባቶቻችን አምላክ አለ፤ እኛ የምናመልከው፥ የምናምንበትም እውነተኛ አምላክ እርሱ ነው” ብለው መለሱላቸው።
3c57d5ef-6ad5-5e06-ad61-3b2d604d59fd,aa37706c-8af7-5e53-af9a-86f5e5aefc93,a1c816b4-cfe6-5562-a2bb-34dc0ec9ab03,6,6,እነዚያም የንጉሡ ብላቴኖች አራት መሳፍንት ነበሩ፤ የጦር መሣሪያቸውን የሚሸከሙ አሽከሮቻቸውም ሃምሳ፥ ሃምሳ ነበሩ።
554aace4-5aba-5c3d-ac91-142fb0b24d0b,aa37706c-8af7-5e53-af9a-86f5e5aefc93,a1c816b4-cfe6-5562-a2bb-34dc0ec9ab03,7,7,እነዚህንም ቅዱሳን ይይዟቸው ዘንድ በወደዱ ጊዜ ከእጃቸው አመለጡ፤ የነካቸውም የለም፤ እነዚያ ጐልማሶች በኀይል ፈጽሞ አርበኞች ናቸውና ጋሻ ጦራቸውን ይዘው ሄዱ።
56650bad-a224-525c-abae-5a68e6a20ca6,aa37706c-8af7-5e53-af9a-86f5e5aefc93,a1c816b4-cfe6-5562-a2bb-34dc0ec9ab03,8,8,ከእነርሱም ድብን አንቆ የሚገድል ነበር፤ ወዲያውኑም እንደ ዶሮ ያንቀው ነበር።
aa2277c5-f17a-55c4-a0ef-99b6d22ff1dd,aa37706c-8af7-5e53-af9a-86f5e5aefc93,a1c816b4-cfe6-5562-a2bb-34dc0ec9ab03,9,9,ከእነርሱም በአንዲት ድንጋይ ወይም በአንድ ጊዜ በበትር መትቶ አንበሳ የሚገድል ነበር።
5ec3c508-1b82-5298-a4fe-a4fd68673b94,aa37706c-8af7-5e53-af9a-86f5e5aefc93,a1c816b4-cfe6-5562-a2bb-34dc0ec9ab03,10,10,ከእነርሱም በሰልፍ ጊዜ በአንድ ሰይፍ በአንድ ጊዜ መትቶ ሰው የሚገድል ነበር፤ እንዲሁም ስማቸውና አደናቸው በሞዓብና በከለዳውያን ምድር ሁሉ የተጠራ ነበር።
d9a0e04f-c3a5-5c40-a1f0-0c6decd167e9,aa37706c-8af7-5e53-af9a-86f5e5aefc93,a1c816b4-cfe6-5562-a2bb-34dc0ec9ab03,11,11,በኀይልም አርበኞች ነበሩ፤ ደም ግባትም፥ የነገርም መወደድ ነበራቸው።
2ebb355f-11fa-5932-ad42-481d1f5a3405,aa37706c-8af7-5e53-af9a-86f5e5aefc93,a1c816b4-cfe6-5562-a2bb-34dc0ec9ab03,12,12,ዳግመኛም የመልካቸው ደም ግባት ድንቅ ነበር፤ ነገር ግን እግዚአብሔርን ስላመለኩት፥ ሞትንም ስላልፈሩት ከሁሉ የምትበልጥ የልቡናቸው ደም ግባት ናት።
2dcef61e-1d5b-5ad0-aac1-f55a293fdd7d,aa37706c-8af7-5e53-af9a-86f5e5aefc93,a1c816b4-cfe6-5562-a2bb-34dc0ec9ab03,13,13,ጭፍራዎችንም ባስፈሩአቸው ጊዜ ይይዛቸው ዘንድ የቻለ የለም፤ ብርቱዎች የሆኑ እነርሱ ግን ከፍ ወደ አለ ተራራ ወጥተው አመለጡ።
38fe8ef4-2f6f-552f-a659-fa941345551a,aa37706c-8af7-5e53-af9a-86f5e5aefc93,a1c816b4-cfe6-5562-a2bb-34dc0ec9ab03,14,14,እነዚያ ጭፍሮችም ወደ ከተማ ተመልሰው ያንባውን በር ዘጉ፤ እነዚያን አርበኞች መቃብያንን ካላመጣችኋቸው ከተማችሁን በእሳት እናቃጥላታለን፤ ወደ ንጉሡም ልከን ሀገራችሁን እናጠፋለን ብለው ሕዝቡን አስፈራሯቸው።
e3e0d8c7-32f3-579f-a3fd-3c67c350787d,aa37706c-8af7-5e53-af9a-86f5e5aefc93,a1c816b4-cfe6-5562-a2bb-34dc0ec9ab03,15,15,የዚያን ጊዜም የሀገሩ ሰዎች ድሆችና ባለጸጎች፥ ወንዶችና ሴቶች፥ አባቱና እናቱ የሞቱበት ልጅና ባልቴቶችም፥ ሁሉም ወጥተው በአንድነት ጮሁ፤ ዐይኖቻቸውንም ወደ ተራራ አቀኑ፤ “እኛንና ሀገራችንን አታጥፉ” ብለው ወደ እነርሱ ጮሁ።
de1c5718-90dd-5b38-a8f9-01797f1c25c7,aa37706c-8af7-5e53-af9a-86f5e5aefc93,a1c816b4-cfe6-5562-a2bb-34dc0ec9ab03,16,16,የዚያን ጊዜም በአንድነት አለቀሱ፤ ከእግዚአብሔርም የተነሣ ፈሩ።
2eeba6b8-5e7f-5d2b-a7c2-d5902aefd18d,aa37706c-8af7-5e53-af9a-86f5e5aefc93,a1c816b4-cfe6-5562-a2bb-34dc0ec9ab03,17,17,ፊታቸውን ወደ ምሥራቅ መልሰው፥ እጃቸውንም ዘርግተው በአንድነት ወደ እግዚአብሔር ለመኑ፤ እንዲህም አሉ፥ “አቤቱ ትእዛዝህንና ሕግህን ያፈረሱ እነዚህን ሰዎች እንቢ እንበላቸውን?
99ca3155-e27c-580a-a870-dcc18ba3ebe6,aa37706c-8af7-5e53-af9a-86f5e5aefc93,a1c816b4-cfe6-5562-a2bb-34dc0ec9ab03,18,18,እኛ ግን በወርቅና በብር፥ የሰው እጅም በሠራው በደንጊያና በእንጨት ይታመናል እንጂ ሕግህን የማያምን የዚያን ወንጀለኛ ቃል እንሰማ ዘንድ አንወድም።
2087b93b-6483-5980-ac5c-0282437b7651,aa37706c-8af7-5e53-af9a-86f5e5aefc93,a1c816b4-cfe6-5562-a2bb-34dc0ec9ab03,19,19,የምታድንና የምትገድል አንተ ፈጣሪው ሳለህም ራሱን እነርሱ እንደ ፈጠሩት ያደርጋል፤ እርሱስ የሰውን ደም የሚያፈስ፥ የሰውንም ሥጋ የሚበላ ነው።
6b05dc9b-e633-5a23-aa90-90ecf5ca2b0b,aa37706c-8af7-5e53-af9a-86f5e5aefc93,a1c816b4-cfe6-5562-a2bb-34dc0ec9ab03,20,20,እኛ ግን የዚያን የወንጀለኛ ፊት እናይ ዘንድ፥ ቃሉንም እንሰማ ዘንድ አንወድም።
2ffae362-f965-5cd1-a3e2-588ed38f2e55,aa37706c-8af7-5e53-af9a-86f5e5aefc93,a1c816b4-cfe6-5562-a2bb-34dc0ec9ab03,21,21,ነገር ግን አንተ ካዘዝኸን ወደ እርሱ እንሄዳለን፤ በአንተ ስላመንን ሰውነታችንን ለሞት አሳልፈን እንሰጣለን፤ ለአማልክቶች መሥዋዕት ሠዉ ባለ ጊዜም የዚያን የወንጀለኛ ቃል አንሰማም።
d993d3b4-bf5d-51d5-a414-fdd5460fa433,aa37706c-8af7-5e53-af9a-86f5e5aefc93,a1c816b4-cfe6-5562-a2bb-34dc0ec9ab03,22,22,ፈቃድህን ያደረጉ፥ በሕግህም ጸንተው የኖሩ የአባቶቻችን አምላክ አቤቱ፥ ኵላሊትንና ልቡናን የምትመረምር የአብርሃም፥ የይስሐቅ፥ የያዕቆብም አምላክ ሆይ! እኛ ግን በፍጹም ልባችን አንተን አመንን።
85a73497-2422-5d45-a3ae-c3d1c5859461,aa37706c-8af7-5e53-af9a-86f5e5aefc93,a1c816b4-cfe6-5562-a2bb-34dc0ec9ab03,23,23,የሰውን ልቡና መርምረህ ኃጥኡንና ጻድቁን ትረዳዋለህ፤ የሚሰወርህም የለም፤ የተሸሸገውም ባንተ ዘንድ የተገለጠ ነው።
f912e79c-d151-5adf-abd6-b75d315ee2d2,aa37706c-8af7-5e53-af9a-86f5e5aefc93,a1c816b4-cfe6-5562-a2bb-34dc0ec9ab03,24,24,እኛ ግን ከአንተ በቀር ሌላ አምላክ የለንም።
a1585eee-3e10-575a-a2c9-ed577509d498,aa37706c-8af7-5e53-af9a-86f5e5aefc93,a1c816b4-cfe6-5562-a2bb-34dc0ec9ab03,25,25,ነገር ግን ስለ ቅዱስ ስምህ ሰውነታችንን ለሞት እንሰጥ ዘንድ በዚህ በምንገዛልህ ሥራ ኀይል፥ ብርታትና መጠጊያም ሁነን።
91efef52-d596-58c9-a009-689c90158368,aa37706c-8af7-5e53-af9a-86f5e5aefc93,a1c816b4-cfe6-5562-a2bb-34dc0ec9ab03,26,26,እስራኤልም ወደ ግብፅ ሀገር በገቡ ጊዜ የያዕቆብን ጸሎት ሰማህ፤ አሁንም ቅዱስ አምላክ ሆይ እንለምንሃለን።”
42adc31d-cc68-593e-a27f-3083f82b6893,aa37706c-8af7-5e53-af9a-86f5e5aefc93,a1c816b4-cfe6-5562-a2bb-34dc0ec9ab03,27,27,መልካቸው ፈጽሞ ያማረ፥ ሁለቱም ሰዎች በፊታቸው ቆመው በታዩአቸው ጊዜ እንደ መብረቅ የሚያስፈሩ የእሳት ሰይፎች ወርደው ያንጊዜ አንገታቸውን ቈርጠው ገደሏቸው፤ ያንጊዜም እንደ ቀደመው ሕያዋን ሁነው ተነሡ።
1440e15c-8113-5844-a89d-41ad3e590793,aa37706c-8af7-5e53-af9a-86f5e5aefc93,a1c816b4-cfe6-5562-a2bb-34dc0ec9ab03,28,28,የመልካቸው ደም ግባት ፈጽሞ ያማረ ሆነ፤ ከፀሐይም ይልቅ አበሩ፤ ከቀደመውም ይልቅ ያማሩ ሆኑ።
0e2b9004-a449-592a-a227-c14e348d01c9,c73d6539-94a6-5c5d-a3fb-3ec4ee1a7c58,4657ad45-3d1c-5c72-a45a-515613a06511,1,1,ከሰማይም እንዲህ የሚል ቃል መጣ፤ “የልዑል እግዚአብሔር ባሮች አብያ፥ ሲላ፥ ፈንቶስ፥ ሞተው የተነሡ እነዚህን በፊታችሁ እንዳያችሁ ከሞታችሁ በኋላ እንደዚሁ ትነሡ ዘንድ አላችሁ፤ ፊታችሁም በመንግሥተ ሰማይ ይበራል።
797f4cfb-7bf5-540d-a8e5-5c6fb328a338,c73d6539-94a6-5c5d-a3fb-3ec4ee1a7c58,4657ad45-3d1c-5c72-a45a-515613a06511,2,2,ከእነዚያ ሰዎችም ጋራ ሂዱ፤ በዚያም ሰማዕትነትን ተቀበሉ።”
b92cae33-4c07-51ad-a500-c9995bea9c76,c73d6539-94a6-5c5d-a3fb-3ec4ee1a7c58,4657ad45-3d1c-5c72-a45a-515613a06511,3,3,ያንጊዜም ጸለዩና አመሰገኑ፤ ለእግዚአብሔርም ሰገዱ፤ ሞትና የንጉሡ ቅጣትም አላስፈራቸውም።
0b544281-ad88-50b3-ab61-3e9ab6ada363,c73d6539-94a6-5c5d-a3fb-3ec4ee1a7c58,4657ad45-3d1c-5c72-a45a-515613a06511,4,4,ወደ እነዚያ ብላቴኖችም ሄዱ፤ ክፋት እንደሌለው በግ ሆኑ እንጂ አላስፈሩአቸውም፤ ወደ እነርሱም በደረሱ ጊዜ ይዘው መትዋቸው፤ አስረውም ገረፏቸው፤ ወደ ንጉሡም አድርሰው በፊቱ አቆሟቸው።
0a7ee1ed-3355-5a7d-ac82-8d3be53f93ed,c73d6539-94a6-5c5d-a3fb-3ec4ee1a7c58,4657ad45-3d1c-5c72-a45a-515613a06511,5,5,ንጉሡም፥ “እናንተ እንቢተኞች ለአማልክቶች እንዴት አትሠዉም? እንዴትስ አትሰግዱም?” ብሎ መለሰላቸው።
48fb3442-9c0a-522d-ac00-332cba7b908b,c73d6539-94a6-5c5d-a3fb-3ec4ee1a7c58,4657ad45-3d1c-5c72-a45a-515613a06511,6,6,እነዚያ ቅዱሳንና ቡሩካን፥ የተመረጡና ደስ ያላቸው፥ ዋጋው ድንቅ እንደ ሆነ ዕንቍም የሚያበሩ ወንድማማቾች አብያ፥ ሲላና ፈንቶስም ባንድ ቃል መለሱለት።
4db80077-549c-5bf0-ad62-6b77954a0f23,c73d6539-94a6-5c5d-a3fb-3ec4ee1a7c58,4657ad45-3d1c-5c72-a45a-515613a06511,7,7,ቸነፈር የሆነ ያን ንጉሥም እንዲህ አሉት፥ “እኛስ ዕውቀትና ልቡና ለሌላቸው ለረከሱ ጣዖቶች አንሠዋም፤ አንሰግድምም።
921da697-3cba-51f8-adfd-fc4fad29f713,c73d6539-94a6-5c5d-a3fb-3ec4ee1a7c58,4657ad45-3d1c-5c72-a45a-515613a06511,8,8,ዳግመኛም፦ የሰው እጅ ለሠራቸው ወርቅና ብር፥ ድንጋይና እንጨት ለሆኑ፥ ነፍስና ልቡና፥ ዕውቀትም ለሌላቸው፥ መልካም ለሚያደርግላቸው መልካምን ለማያደርጉ፥ ክፉ ለሚያደርግባቸውም ክፉን ለማያደርጉ ጣዖታት አንሰግድም።”
d70b045e-274f-5b92-a1d3-1d4487a529f8,c73d6539-94a6-5c5d-a3fb-3ec4ee1a7c58,4657ad45-3d1c-5c72-a45a-515613a06511,9,9,ንጉሡም እንዲህ ብሎ መለሰላቸው፥ “ለምን እንዲህ ታደርጋላችሁ? እነርሱ የሚሰድባቸውንና የሚበድላቸውን ያውቃሉና የከበሩ አማልክቶችን ለምን ትሰድባላችሁ”።
459a3b36-da97-5e63-a901-9722077fc08b,c73d6539-94a6-5c5d-a3fb-3ec4ee1a7c58,4657ad45-3d1c-5c72-a45a-515613a06511,10,10,“እነርሱም በእኛ ዘንድ እንደ ኢምንት ናቸውና እኛ እንሰድባቸዋለን፤ አናከብራቸውምም” ብለው መለሱለት።
db9c2b48-7098-530a-ae89-18142487fa59,c73d6539-94a6-5c5d-a3fb-3ec4ee1a7c58,4657ad45-3d1c-5c72-a45a-515613a06511,11,11,ንጉሡም፥ “እንደ ሥራችሁ ክፋት መጠን እቀጣችኋለሁ፤ በጽኑ መከራና በግርፋት፥ በእሳትም የመልካችሁን ደም ግባት አጠፋለሁ።
aaedd7f6-047e-58d9-ae82-9bc91993f120,c73d6539-94a6-5c5d-a3fb-3ec4ee1a7c58,4657ad45-3d1c-5c72-a45a-515613a06511,12,12,አሁንም ለአማልክቶች ትሠዉ እንደ ሆነ ወይም አትሠዉ እንደ ሆነ ንገሩኝ፤ ይህ ካልሆነ ግርፋትንና ሰይፍን በእናንተ ላይ አነሣለሁ” ብሎ መለሰላቸው።
75493917-a5f3-562b-aef0-249c7109f1d7,c73d6539-94a6-5c5d-a3fb-3ec4ee1a7c58,4657ad45-3d1c-5c72-a45a-515613a06511,13,13,እነርሱም፥ “እኛስ ለረከሱ ጣዖታት አንሠዋም፤ አንሰግድምም” ብለው መለሱለት፤ ንጉሡም በወፍራም በትር ይመትዋቸው ዘንድ፥ ዳግመኛም በጅራፍ ይገርፏቸው ዘንድ፥ ከእዚያም በኋላ የውስጥ አካላቸው እስኪታይ ድረስ ይሰነጥቋቸው ዘንድ አዘዘ።
6610fd07-255e-53d4-a414-0f049d7ff20f,c73d6539-94a6-5c5d-a3fb-3ec4ee1a7c58,4657ad45-3d1c-5c72-a45a-515613a06511,14,14,ከዚህም በኋላ ይቀጣቸውና ይገድላቸው ዘንድ እስኪመክር ድረስ አስረው በግዞት ቤት አዋሏቸው።
47d27a86-6a99-5a7f-a3b3-ada6a9d9fd1d,c73d6539-94a6-5c5d-a3fb-3ec4ee1a7c58,4657ad45-3d1c-5c72-a45a-515613a06511,15,15,ወስደውም ያለ ርኅራኄ በእስር ቤት ጽኑዕ እስራት አሰሩአቸው፤ እነርሱም በእስር ቤት ሦስት መዓልትና ሦስት ሌሊት ተቀመጡ።
e70a3221-bb88-5672-a060-1265988dedcc,c73d6539-94a6-5c5d-a3fb-3ec4ee1a7c58,4657ad45-3d1c-5c72-a45a-515613a06511,16,16,ከሦስት ቀንም በኋላ ንጉሡ፥ መኳንንቱና አማካሪዎቹ፥ ሹሞቹና የሀገር ሽማግሌዎች እንዲሰበሰቡ ዐዋጅ ነጋሪ ይዞር ዘንድ አዘዘ፤
bd13645b-f250-50a6-a71c-b552f609a77e,c73d6539-94a6-5c5d-a3fb-3ec4ee1a7c58,4657ad45-3d1c-5c72-a45a-515613a06511,17,17,ንጉሡ ጺሩጻይዳንም በአደባባይ በተቀመጠ ጊዜ እነዚያን የከበሩ አብያን፥ ሲላንና ፈንቶስን ያመጧቸው ዘንድ አዘዘ፤ የታሰሩና የቈሰሉ ሆነውም በፊቱ ቆሙ።
b7c57885-1caf-5b0b-ac4e-0dadb596d23c,c73d6539-94a6-5c5d-a3fb-3ec4ee1a7c58,4657ad45-3d1c-5c72-a45a-515613a06511,18,18,ንጉሡም፥ “ይህን ሦስቱን ቀን ስትቀመጡ በውኑ የተመለሳችሁት መመለስ አለን? ወይስ እናንተ በቀደመው ክፋታችሁ አላችሁ?” አላቸው።
1b63417b-dbc0-5533-a2de-782d216a5fb9,c73d6539-94a6-5c5d-a3fb-3ec4ee1a7c58,4657ad45-3d1c-5c72-a45a-515613a06511,19,19,የከበሩ የእግዚአብሔር ጭፍራዎችም፥ “እኛስ የጨከን ነን፤ ኀጢአትና ክፋትን የተመላ፥ አንተ የምታመልከውን ጣዖትን እናመልክ ዘንድ እሺ አንልም” ብለው መለሱለት።
02821425-a039-59da-ad76-5dee087db971,c73d6539-94a6-5c5d-a3fb-3ec4ee1a7c58,4657ad45-3d1c-5c72-a45a-515613a06511,20,20,ያም ወንጀለኛ ተቈጥቶ ይሰቅሉአቸውና ቍስላቸውንም ያድሱት ዘንድ አዘዘ፤ ደማቸውም በምድር ላይ ፈሰሰ።
b2b6bfe6-1af2-5eb1-a951-a1c095b6fa6b,c73d6539-94a6-5c5d-a3fb-3ec4ee1a7c58,4657ad45-3d1c-5c72-a45a-515613a06511,21,21,ዳግመኛም በጭራሮ መብራት ያቃጥሏቸው ዘንድ፥ ሥጋቸውም ያር ዘንድ አዘዘ፤ እንዲሁም አደረጉ፤ እነዚያም የከበሩ ሰዎች “አንተ ዝንጉዕ፥ ተናገር፤ ቅጣታችንን በምታበዛብን መጠን ዋጋችን ይበዛል” አሉት።
aca37ec4-7ec8-5438-a5c5-5e9d35a7b9f9,c73d6539-94a6-5c5d-a3fb-3ec4ee1a7c58,4657ad45-3d1c-5c72-a45a-515613a06511,22,22,ዳግመኛም ሥጋቸውን ከአጥንታቸው ጋራ ፈጽመው ይበሏቸው ዘንድ ምግባቸውን ሳይበሉ ክፉ አውሬዎችን ነብርንና ድብን፥ አንበሳንም አምጥተው ይሰዱባቸው ዘንድ አዘዘ።
53d7aa3b-9053-5bfc-a6b9-50dab7752e60,c73d6539-94a6-5c5d-a3fb-3ec4ee1a7c58,4657ad45-3d1c-5c72-a45a-515613a06511,23,23,አውሬዎችን የሚጠብቁ ሰዎችንም አውሬዎቹን ይሰዱባቸው ዘንድ አዘዘ፤ እነርሱም እንዳዘዛቸው አደረጉ፤ የከበሩ እነዚያን ቅዱሳን ሰማዕታትንም የፊጥኝ አሰሩአቸው፤ ዳግመኛም ተተንኵለው፥ ካስማ መትተው አሰሩዋቸው።
bd8768cd-e7ee-5170-a025-0201c591c172,c73d6539-94a6-5c5d-a3fb-3ec4ee1a7c58,4657ad45-3d1c-5c72-a45a-515613a06511,24,24,እነዚያም አውሬዎች እያገሡ በላያቸው ተወረወሩ፤ ወደ ሰማዕታቱም በደረሱ ጊዜ ሰገዱላቸው፤ እጅም ነሡአቸው።
0b4d445e-3bb6-53ba-adfc-5cb67b46da86,c73d6539-94a6-5c5d-a3fb-3ec4ee1a7c58,4657ad45-3d1c-5c72-a45a-515613a06511,25,25,እያገሡም ወደ ጠባቂዎቻቸው ተመለሱ፤ ጠባቂዎቻቸውንም አስፈሯቸው፤ ወደ ንጉሡም ፊት እስኪያደርሷቸው ድረስ አባረሯቸው።
00b028e2-4f5a-5b60-a8d3-603effc76fc1,c73d6539-94a6-5c5d-a3fb-3ec4ee1a7c58,4657ad45-3d1c-5c72-a45a-515613a06511,26,26,በዚያም ከወንጀለኞች ሠራዊት ሰባ አምስት ሰዎችን ገደሉ።
b630b00d-aa7a-533a-a444-077acafb7b9c,c73d6539-94a6-5c5d-a3fb-3ec4ee1a7c58,4657ad45-3d1c-5c72-a45a-515613a06511,27,27,ንጉሡ ዙፋኑን ትቶ እስኪሸሽ ድረስ በፍርሀት አንዱ ባንዱ ላይ ተጨናንቀው ብዙ ሰዎች ተሰበሩ፤ አውሬዎቹንም በጭንቅ ይዘው ወደ ማደሪያቸው ወሰዱዋቸው።
51f0d03d-473f-5ba7-a240-ff6de785a785,c73d6539-94a6-5c5d-a3fb-3ec4ee1a7c58,4657ad45-3d1c-5c72-a45a-515613a06511,28,28,የአብያና የሲላ የፈንቶስም ሁለቱ ወንድሞቻቸው መጥተው፥ ካሰሩአቸው እስራት ፈትተው “እነዚህ ወንጀለኞችና ተጠራጣሪዎች እንዳያገኙን ኑ እንሽሽ” አሏቸው።
e261f7f5-3505-5f3f-a0b6-007369a545bd,c73d6539-94a6-5c5d-a3fb-3ec4ee1a7c58,4657ad45-3d1c-5c72-a45a-515613a06511,29,29,እነዚያም ሰማዕታት ወንድሞቻቸውን፥ “ለሰማዕትነት ከቆምን በኋላ እንሸሽ ዘንድ አግባብ አይደለም፤ እናንተ ፈርታችሁ እንደ ሆነ ሸሽታችሁ ሂዱ” ብለው መለሱላቸው።
d897dac0-fd7d-5155-aba0-15e12db976b0,c73d6539-94a6-5c5d-a3fb-3ec4ee1a7c58,4657ad45-3d1c-5c72-a45a-515613a06511,30,30,እነዚያም ታናናሽ ወንድሞቻቸው፥ “እኛም በንጉሡ ፊት ከእናንተ ጋር እንቆማለን፤ ብትሞቱም እኛ አብረን እንሞታለን” አሉ።
50af947c-27ac-550c-a11d-d1afc75c714b,c73d6539-94a6-5c5d-a3fb-3ec4ee1a7c58,4657ad45-3d1c-5c72-a45a-515613a06511,31,31,ከዚህም በኋላ ንጉሡ በመንግሥቱ አዳራሽ ሰገነት ላይ ሆኖ እነዚህ የተባረኩ ሰዎች እንደ ተፈቱና አምስቱ ወንድማማቾች ሁሉ በአንድነት እንደ ቆሙ አየ፤ ጭፍራዎችን የሚሠራሩና፥ የሚቀጡ እነዚያ አለቆችም ወንድሞቻቸው እንደ ሆኑ ጠይቀው ለንጉሡ ነገሩት፤ ንጉሡም ተቈጥቶ እንደ ምድረ በዳ እሪያ ጮኸ።
0834d6fc-c1dc-5469-a28b-87d81f501718,c73d6539-94a6-5c5d-a3fb-3ec4ee1a7c58,4657ad45-3d1c-5c72-a45a-515613a06511,32,32,ንጉሡም አምስቱን ወንድማማቾች ሁሉ ይቀጣቸው ዘንድ እስኪመክር ድረስ ይዘው በእስር ቤት እንዲጨምሩአቸው አዘዘ፤ በተፈለፈለም ግንድ ያለ ርኅራኄ ጽኑ እስራትን አስረው በእስር ቤት አኖሯቸው።
a5a37b68-9c07-524f-a726-c5f062fdde57,c73d6539-94a6-5c5d-a3fb-3ec4ee1a7c58,4657ad45-3d1c-5c72-a45a-515613a06511,33,33,ንጉሡ ጺሩጻይዳንም፥ “እነዚህ የሳቱ ጐልማሶች አደከሙኝ፤ የእነዚህ ሰዎች ልቡናቸው ምን ይጸና! የሥራቸውም ክፋት እንደ ኀይላቸው ጽናት ነው፤ ይመለሳሉ ብል ልቡናቸውን ያከፋሉ።
4aa870fb-a429-5bae-a1f5-d26038de7eeb,c73d6539-94a6-5c5d-a3fb-3ec4ee1a7c58,4657ad45-3d1c-5c72-a45a-515613a06511,34,34,እኔም እንደ ሥራቸው ክፋት መጠን እከፍላቸዋለሁ፤ አርሮም አመድ ይሆን ዘንድ ሥጋቸውን በእሳት አቃጥላለሁ፤ ነፋስም ይወስዳቸው ዘንድ በዚያ የሥጋቸውን ዐመድ እንደ ትቢያ በተራራ ላይ እበትናለሁ” አለ።
44315509-60df-5abf-a33d-73ca321dfaa1,c73d6539-94a6-5c5d-a3fb-3ec4ee1a7c58,4657ad45-3d1c-5c72-a45a-515613a06511,35,35,ይኽንም ከተናገረ በኋላ ሦስት ቀን ቈይቶ እነዚያን ቅዱሳን ያመጧቸው ዘንድ አዘዘ፤ እነዚያም ቅዱሳን በቀረቡ ጊዜ በታላቁ ጕድጓድ ምድጃ ውስጥ እሳት ያነዱ ዘንድ እሳቱን የሚያናድድና ድስት የሚያፈሉበት የተንኰል ሥራን ስብንና እንዶድን፥ የባሕር አረፋና ሙጫን፥ ድኝንም በውስጡ ይጨምሩ ዘንድ አዘዘ።
ad00f35a-2e22-5f28-a30a-676e6fc5cd29,c73d6539-94a6-5c5d-a3fb-3ec4ee1a7c58,4657ad45-3d1c-5c72-a45a-515613a06511,36,36,በጕድጓዱም ያለው እሳት በነደደ ጊዜ መልእክተኞቹ “ያዘዝኸንን አደረግን፤ የሚጨመረውን ሰው ስደድ” ሲሉ ወደ ንጉሡ ሄዱ።
070abfac-d740-5c6e-a393-8f445581e14d,c73d6539-94a6-5c5d-a3fb-3ec4ee1a7c58,4657ad45-3d1c-5c72-a45a-515613a06511,37,37,ተቀብለውም በእሳቱ ጕድጓድ ይጥሏቸው ዘንድ አዘዘ፤ ብላቴኖቹም ንጉሡ እንዳዘዛቸው አደረጉ፤ እነዚያም ቅዱሳን ወደ እሳቱ በገቡ ጊዜ፥ ነፍሳቸውን ለእግዚአብሔር ሰጡ።
0dd5d19c-57a2-5656-a3f6-466fb9178f79,c73d6539-94a6-5c5d-a3fb-3ec4ee1a7c58,4657ad45-3d1c-5c72-a45a-515613a06511,38,38,መላእክትም የጣሉአቸው ሰዎች እያዩ ተቀበሉአቸው፤ ነፍሳቸውንም አብርሃምና ይስሐቅ ያዕቆብም ወደ አሉበት፥ ደስታ ወደሚገኝበት ወደ ገነት ወሰዷቸው።
2ed76a73-7d23-599a-a42b-40829b201cd0,d15eac4a-e8ed-5d29-a3cf-550d82cd5e47,a2dafa2e-36fe-51a8-af3b-74b8368cda23,1,1,ያም ወንጀለኛ እንደ ሞቱ በአየ ጊዜ ዐመድ እስኪሆን ድረስ ሥጋቸውን በእሳት ያቃጥሉ ዘንድ፥ በነፋስም ይበትኗቸው ዘንድ አዘዘ፤ እሳቱ ግን ከሬሳቸው ወገን የራሳቸውን ጠጕር ያቃጥል ዘንድ አልተቻለውም፤ ከጕድጓዱም አወጧቸው።
39cc5d23-ff79-525e-aac4-e34ca95e76c6,d15eac4a-e8ed-5d29-a3cf-550d82cd5e47,a2dafa2e-36fe-51a8-af3b-74b8368cda23,2,2,ዳግመኛም ከጧት ጀምረው እስከ ማታ ድረስ በላያቸው እሳትን አነደዱ፤ አልነካቸውምም፤ “አሁንም ኑ፤ ሬሳቸውን ወደ ባሕር እንጣለው” አሉ።
57e9f8ec-5fb1-5bf3-a86e-b6962ff8b653,d15eac4a-e8ed-5d29-a3cf-550d82cd5e47,a2dafa2e-36fe-51a8-af3b-74b8368cda23,3,3,ንጉሡም እንዳዘዛቸው አደረጉ፤ ወደ ባሕርም ጣሏቸው፤ ምንም ከባድ ከባድ ብረቶችንና ታላላቅ ድንጋዮችን፥ አህያ በመዘውር የሚፈጭበትንም ወፍጮ ጨምረው ወደ ባሕር ቢጥሏቸው ባሕሩ ያሰጠማቸው ማስጠም የለም፤ የእግዚአብሔር መንፈስ አድሮባቸዋልና በባሕሩ ላይ ተንሳፈፉ እንጂ በጥልቁ ባሕር አልሰጠሙም፤ በተተነኰለባቸውም ተንኰል ሁሉ እነርሱን ማጥፋት ተሳነው።
67248428-4454-597e-ab6f-84f058c12205,d15eac4a-e8ed-5d29-a3cf-550d82cd5e47,a2dafa2e-36fe-51a8-af3b-74b8368cda23,4,4,“ከሕይወታቸውም ይህ ሞታቸው አድክሞኛልና ይበሏቸው ዘንድ ሬሳቸውን ለአውሬዎች ልጣል እንጂ ምን አደርጋለሁ?” አለ።
e477a296-b5fc-5b52-a78c-7e5de32ab4c5,d15eac4a-e8ed-5d29-a3cf-550d82cd5e47,a2dafa2e-36fe-51a8-af3b-74b8368cda23,5,5,እንዲሁም አደረጉ፤ አውሬዎችና አሞሮችም ሬሳቸውን አልነኩትም፤ አሞሮችና ወፎች በፀሐይ ከመቃጠል በክንፋቸው ጋርደዋቸው የአምስቱ ሰማዕታት ሬሳቸው ዐሥራ አራት ቀን ተቀመጠ።
aad2d9e6-8e52-5364-ab74-722eb24ece62,d15eac4a-e8ed-5d29-a3cf-550d82cd5e47,a2dafa2e-36fe-51a8-af3b-74b8368cda23,6,6,በአዩአቸውም ጊዜ ሰውነታቸው እንደ ፀሐይ ጨረር አበራ፤ ብርሃንም ድንኳኑን እንዲከብ፥ መላእክት ሬሳቸውን ከበቡት።
db470630-ae95-58f0-a268-a93f764f019e,d15eac4a-e8ed-5d29-a3cf-550d82cd5e47,a2dafa2e-36fe-51a8-af3b-74b8368cda23,7,7,ምክርን መከረ፤ የሚያደርገውንም አጣ፤ ከዚህም በኋላ ምድርን ቈፍሮ የአምስቱን ሰማዕታት ሬሳቸውን ቀበረ።
f1a0d8c1-269f-5c23-a1f7-5a17a4920c26,d15eac4a-e8ed-5d29-a3cf-550d82cd5e47,a2dafa2e-36fe-51a8-af3b-74b8368cda23,8,8,ለዚያም ዝንጉ ንጉሥ ሌሊት በአልጋ ተኝቶ ሳለ አምስቱ ሰማዕታት ተቈጥተው ሰይፋቸውን ይዘው ሌሊት በፊቱ ቁመው ታዩት።
d836b4b8-560a-560f-a8bf-70d71cef9791,d15eac4a-e8ed-5d29-a3cf-550d82cd5e47,a2dafa2e-36fe-51a8-af3b-74b8368cda23,9,9,ሌሊት በወንጀል ወደ ቤቱ የገቡ መስሎታልና ከእንቅልፉ በነቃ ጊዜ ፈርቶ ከቤት ማዕዘን ወደ ማዕዘን ይሸሽ ዘንድ ወደደ፤ የወነጀሉትም መሰለው፤ የሚገድሉትም መስሎታልና ፈርቶ ጕልበቱ ተንቀጠቀጠ።
74491e5b-a757-5aa1-ac11-bf9d462b6700,d15eac4a-e8ed-5d29-a3cf-550d82cd5e47,a2dafa2e-36fe-51a8-af3b-74b8368cda23,10,10,ስለዚህም “ጌቶች፥ ምን ትፈልጋላችሁ? እኔስ ምን ላድርግላችሁ?” አለ።
5994629c-b8e1-598e-a5ab-0f230c4ca4f3,d15eac4a-e8ed-5d29-a3cf-550d82cd5e47,a2dafa2e-36fe-51a8-af3b-74b8368cda23,11,11,“በእሳት አቃጥለህ የገደልኸንና እኛን በባሕር ላይ ይጥሉን ዘንድ ያዘዝህ አይደለምን፤ ስለአመንበት እግዚአብሔር ሰውነታችንን ጠብቆአልና እኛን ማጥፋት ተሳነህ፤ በእርሱ ያመነ ሰው አይጠፋምና ለእግዚአብሔር ክብር ምስጋና ይግባው፤ ያመንበት እኛም በመከራው አላፈርንም” ብለው መለሱለት።
8b9e0796-4c43-5235-a21e-3d7ad0d4cf8c,d15eac4a-e8ed-5d29-a3cf-550d82cd5e47,a2dafa2e-36fe-51a8-af3b-74b8368cda23,12,12,“እንደዚህ ያለ ቅጣት እንዲያገኘኝ አላወቅሁምና ክፉ ነገርን ስላደረግሁባችሁ ፋንታ ምን ዋጋ ልስጣችሁ?
58a56b52-6ede-586a-a25c-71f9e946a3bd,d15eac4a-e8ed-5d29-a3cf-550d82cd5e47,a2dafa2e-36fe-51a8-af3b-74b8368cda23,13,13,አሁንም ሰውነቴን በሞት እንዳትወስዱ፥ በሕይወትም ሳለሁ ወደ ሲኦል እንዳታወርዱኝ የምሰጣችሁን ዋጋ ለዩልኝ።
86d33ea0-bfba-5c4e-a9db-9888bc9a9978,d15eac4a-e8ed-5d29-a3cf-550d82cd5e47,a2dafa2e-36fe-51a8-af3b-74b8368cda23,14,14,እኔ በድያችኋለሁና የአባታችሁ የእግዚአብሔር ሕግ ርኅራኄ ስለሆነ ኀጢአቴን ይቅር በሉኝ” አላቸው።
8a0fcd2c-4207-511f-a195-62340b494dff,d15eac4a-e8ed-5d29-a3cf-550d82cd5e47,a2dafa2e-36fe-51a8-af3b-74b8368cda23,15,15,እነዚያም ቡሩካን ሰማዕታት እንዲህ ብለው መለሱለት፥ “ክፉ ነገርን ስላደረግህብን ፋንታ እኛ ክፉ ነገርን አንከፍልህም፤ ፍዳን የሚከፍል እግዚአብሔር ነውና ፍዳንስ የሚከፍልህ ፈጣሪያችን እግዚአብሔር አለ።
87b5baff-5ed1-532c-aec3-810176e3ba00,d15eac4a-e8ed-5d29-a3cf-550d82cd5e47,a2dafa2e-36fe-51a8-af3b-74b8368cda23,16,16,ነገር ግን ስለዕውቀትህ ማነስና ስለ ልቡናህ ድንቍርና እኛ ሕያዋን እንደ ሆንን ተገልጠን ታየንህ፤ እኛንስ የገደልኸን መስሎህ ሕይወትን አዘጋጀህልን።
e09dde25-88d7-543e-a183-bf2c12d063bc,d15eac4a-e8ed-5d29-a3cf-550d82cd5e47,a2dafa2e-36fe-51a8-af3b-74b8368cda23,17,17,አንተና የጣዖቶችህ ካህናት ግን ለዘለዓለሙ መውጫ ወደሌለባት ወደ ገሃነም ትወርዳላችሁ።
f20cfd24-8743-520f-a164-bf25a0a173b1,d15eac4a-e8ed-5d29-a3cf-550d82cd5e47,a2dafa2e-36fe-51a8-af3b-74b8368cda23,18,18,እናንተ ምራቅ ስትሆኑ ለፈጠራችሁ ለእግዚአብሔር መስገድን ትታችሁ ለምታመልኩአቸውና ለምትሰግዱላቸው ጣዖቶችና ለአንተ ወዮላችሁ፤ ከወዴትም እንደ አመጣችሁ አታውቁም፤ ዛሬ ታይታችሁ ነገ የምትጠፉ ጢስ አይደላችሁምን?”
309cae22-d04e-5742-a7bf-6080a4001dff,d15eac4a-e8ed-5d29-a3cf-550d82cd5e47,a2dafa2e-36fe-51a8-af3b-74b8368cda23,19,19,ንጉሡም፥ “የወደዳችሁትን ሁሉ አደርግላችሁ ዘንድ ምን ታዝዙኛላችሁ?” ብሎ መለሰላቸው።
89e3c629-87f2-5d1b-abc5-ce1388a85c5a,d15eac4a-e8ed-5d29-a3cf-550d82cd5e47,a2dafa2e-36fe-51a8-af3b-74b8368cda23,20,20,“ወደ ገሃነመ እሳት እንዳትገባ ስለ ራስህ ነው እንጂ የምናስተምርህ ስለ ራሳችን አይደለም።
65dfeab5-cb28-584d-a2b6-6c811837f9cf,d15eac4a-e8ed-5d29-a3cf-550d82cd5e47,a2dafa2e-36fe-51a8-af3b-74b8368cda23,21,21,ጣዖቶቻችሁ ነፍስና ልቡና፥ ዕውቀትም የሌላቸው፥ የሰው እጅ የሠራቸው ወርቅና ብር፥ ድንጋይና እንጨት ናቸውና።
f4cd73f6-f894-5c00-acd6-42b14dbd9e76,d15eac4a-e8ed-5d29-a3cf-550d82cd5e47,a2dafa2e-36fe-51a8-af3b-74b8368cda23,22,22,እነርሱ ግን አይገድሉም፤ አያድኑምም፤ መልካም አያደርጉም፤ ክፉም አያደርጉም፤ አያዋርዱም፤ አያከብሩምም፤ አያደኸዩም፤ ባለጸጋም አያደርጉም፤ አይነቅሉም፤ አይተክሉምም።
4689bd88-3f5f-5384-a3e1-5603a8efa2a2,d15eac4a-e8ed-5d29-a3cf-550d82cd5e47,a2dafa2e-36fe-51a8-af3b-74b8368cda23,23,23,“ነገር ግን ከሰዎች ይልቁንም እንደ እናንተ ዕውራነ ልብ ከሆኑ አንዱስ እንኳ እንዳይድን በሚወድዱ አጋንንት መንፈስ እናንተን ያስታሉ። እናንተ የሠራችኋቸው ስትሆኑ እነርሱ የፈጠሯችሁ ይመስላችኋልና።
3857b079-0c7c-572d-a139-ea4d03cc8490,d15eac4a-e8ed-5d29-a3cf-550d82cd5e47,a2dafa2e-36fe-51a8-af3b-74b8368cda23,24,24,የአጋንንትና የሰይጣናት መናፍስት አድረውባቸዋልና በባሕረ ገሃነም ውስጥ ያሰጥሟችሁ ዘንድ እንደ ወደዳችሁ ይመልሱላችኋል።
78662bd8-d963-5cc4-a7c5-6412cb30851e,d15eac4a-e8ed-5d29-a3cf-550d82cd5e47,a2dafa2e-36fe-51a8-af3b-74b8368cda23,25,25,አንተ ግን ይህን ስሕተትህን ትተህ አምላካችን እግዚአብሔርን አምልከው፤ ይህም ነፍሳችንን እንጠቅማት ዘንድ ስለ ሞታችን ፋንታ ዋጋችን ይሁን” አሉት።
e69216cc-9057-5ea2-a1ba-6347d9d0e261,d15eac4a-e8ed-5d29-a3cf-550d82cd5e47,a2dafa2e-36fe-51a8-af3b-74b8368cda23,26,26,እርሱ ግን ደንግጦ ፈጽሞ ያደንቅ ነበር፤ አምስቱም ሁሉ ሰይፋቸውን መዝዘው ታይተውታልና ፈራ፤ ስለዚህም ሰገደላቸው።
38c64826-b96b-59b5-aa11-081b8c6762bd,d15eac4a-e8ed-5d29-a3cf-550d82cd5e47,a2dafa2e-36fe-51a8-af3b-74b8368cda23,27,27,“እንግዲህስ ትቢያ የሆኑ ሙታን ከሞቱ በኋላ በእውነት እንዲነሡ ዐወቅሁ፤ እኔስ ልሞት ጥቂት ብቻ ቀርቶኝ ነበር” አለ።
527ee5b0-ac64-546e-a95a-c68f631b59ca,d15eac4a-e8ed-5d29-a3cf-550d82cd5e47,a2dafa2e-36fe-51a8-af3b-74b8368cda23,28,28,ከዚህ በኋላ ከዚያ ንጉሥ ፊት ተሰወሩ፤ ከዚያችም ቀን ወዲያ ፈጽሞ ትዕቢተኛና ኵራተኛ የሚሆን ያ ጺሩጻይዳን ሬሳቸውን ማቃጠልን ተወ።
08f64a8f-3cde-5756-ae30-fbdaf8b24ef4,d15eac4a-e8ed-5d29-a3cf-550d82cd5e47,a2dafa2e-36fe-51a8-af3b-74b8368cda23,29,29,ብዙ ዘመን አስተውታልና በልቡናው ስሕተት በጣዖቶቹ ደስ ይለው ነበር፤ የፈጠራቸውንም መከተል እስኪተዉ ድረስ እንደ እርሱ ያሉ ብዙ ሰዎችን አሳተ እንጂ እርሱ ብቻ የሳተ አይደለም።
612e6f48-d760-534b-a1c7-5eb34feda6bf,d15eac4a-e8ed-5d29-a3cf-550d82cd5e47,a2dafa2e-36fe-51a8-af3b-74b8368cda23,30,30,ወንዶች ልጆቻቸውንና ሴቶች ልጆቻቸውንም ለአጋንንት ይሠዉ ነበር፤ እግዚአብሔር የማይወድደውን ሁከትንና መዳራትን ያደርግ ዘንድ አባታቸው ሰይጣን ያስተማራቸው የልቡናቸውን ፈቃድ ዝሙትንና መዳራትን ይሠሩ ነበር።
ad640cef-1883-5791-ab9b-3f98f11c65bd,d15eac4a-e8ed-5d29-a3cf-550d82cd5e47,a2dafa2e-36fe-51a8-af3b-74b8368cda23,31,31,እናታቸውን ያገቡ፥ እኅቶቻቸውንና አክስቶቻቸውንም ያረክሱ ነበር፤ ይህን የረከሰ ሥራና የሚመስለውንም ሁሉ ይሠሩ ነበር፤ ሰውነታቸውንም ያረክሱ ነበር፤ ሰይጣን የእነዚያን ጠማሞች ሰዎች ልቡናቸውን አጥንቶታልና አንመለስም አሉ።
91909f75-42cb-5973-ac9f-0b77a086512c,d15eac4a-e8ed-5d29-a3cf-550d82cd5e47,a2dafa2e-36fe-51a8-af3b-74b8368cda23,32,32,ፈጣሪውን የማያውቅ ያ ጺሩጻይዳን ግን ኵሩና ትዕቢተኛ ነበር፤ በጣዖቶቹም ይመካ ነበር።
466b732a-c844-52b9-a7ed-eeed72a42b7e,d15eac4a-e8ed-5d29-a3cf-550d82cd5e47,a2dafa2e-36fe-51a8-af3b-74b8368cda23,33,33,“እግዚአብሔር ለማያውቁት ሰዎች መንግሥትን እንዴት ይሰጣል? ፈጽመው ወደ እርሱ ይመለሱ እንደ ሆነ ስለሚፈትናቸው ነው” አለ።
9b25739b-ecfb-5e78-a0b0-f869c8915824,d15eac4a-e8ed-5d29-a3cf-550d82cd5e47,a2dafa2e-36fe-51a8-af3b-74b8368cda23,34,34,እነርሱ ግን ፈጽመው ቢመለሱ ይወድዳቸው ነበር፤ መንግሥታቸውንም ይጠብቅ ነበር፤ እንቢ ቢሉ ግን ለዘለዓለሙ በገሃነም እንቅጥቅጥ ይቀጣቸዋል።
6a6b6473-3a14-53e9-a254-6ced86bad6c4,d15eac4a-e8ed-5d29-a3cf-550d82cd5e47,a2dafa2e-36fe-51a8-af3b-74b8368cda23,35,35,ንጉሡ ግን እንደ መንግሥቱ ገናናነት እግዚአብሔር አምላክን ሊፈራው ይገባው ነበር፤ ፈራጅም እንደ ግዛቱ ገናንነት ለፈጣሪው በመልካም ሊገዛ ይገባ ነበር።
507f96a1-d64b-5282-afb0-98c53647de3e,d15eac4a-e8ed-5d29-a3cf-550d82cd5e47,a2dafa2e-36fe-51a8-af3b-74b8368cda23,36,36,ታላላቆች ሽማግሌዎች፥ አለቆችና ሹሞችም እንደ ክብራቸው ገናንነት ለፈጣሪያቸው ሊታዘዙ ይገባ ነበር።
e4bfefb6-c916-5fbc-af75-e2ef251be064,d15eac4a-e8ed-5d29-a3cf-550d82cd5e47,a2dafa2e-36fe-51a8-af3b-74b8368cda23,37,37,ፍጥረቱን ሁሉ የፈጠረ የሰማይና የምድር ጌታ እርሱ ነውና፤ የሚያደኸይ፥ ባለጸጋም የሚያደርግ፥ የሚያዋርድ፥ የሚያከብርም እርሱ ነው፤ በላይ በሰማይ፥ በታችም በምድር ከእርሱ በቀር ሌላ አምላክ የለምና።
e2409f46-e802-56de-a89c-a64ef872eaf5,5c6d58d3-3fff-5a31-a62e-a1fc0613f341,b0ad0ebb-52f0-5445-ad63-33fcd4e597aa,1,1,ረዓይታዊው ኮራ፤ እግዚአብሔርም፦ በአንዲት የወባ ትንኝ ከእግሩ ጀምሮ እስከ ራሱ ድረስ ሰውነቱ እንዲያብጥ አደረገው፤ በዚያችም ትንሽ የወባ ትንኝ ሞተ።
0c5d5ea7-f20e-5d44-acb1-987f98bbe9fb,5c6d58d3-3fff-5a31-a62e-a1fc0613f341,b0ad0ebb-52f0-5445-ad63-33fcd4e597aa,2,2,ዳግመኛም ከኀይለኝነቱ ብዛት የተነሣ የብረት አልጋ ያሠራው ናምሩድ ኰራ፤ እርሱንም እግዚአብሔር አጠፋው።
3106a9ef-8bf6-5511-ad18-af0b2442aa6a,5c6d58d3-3fff-5a31-a62e-a1fc0613f341,b0ad0ebb-52f0-5445-ad63-33fcd4e597aa,3,3,ዳግመኛም ናቡከደነጾር ኰራ፤ “ያለ እኔም ሌላ ንጉሥ የለም፤ በምድርም ላይ ፀሐይን የማወጣ እኔ ነኝ” አለ፤ ከትዕቢቱም ብዛት የተነሣ እንዲህ አለ።
60e90721-6c22-5ed1-a94a-42ede797e292,5c6d58d3-3fff-5a31-a62e-a1fc0613f341,b0ad0ebb-52f0-5445-ad63-33fcd4e597aa,4,4,እግዚአብሔር ከሰው ለይቶ ሰባት ዓመት ወደ ምድረ በዳ ሰደደው፤ የፈጠረውም እግዚአብሔር እንደ ሆነ እስኪያውቅ ድረስ ዕድሉን ከምድረ በዳ አራዊትና ከሰማይ ወፎች ጋር አደረገ።
6c683fed-2dd1-599b-a31a-c14e614570c2,5c6d58d3-3fff-5a31-a62e-a1fc0613f341,b0ad0ebb-52f0-5445-ad63-33fcd4e597aa,5,5,ባወቀውም ጊዜ ዳግመኛ ወደ መንግሥቱ መለሰው፤ በፈጠረው በእግዚአብሔር ላይ ተደፋፍሮ የኰራ፥ መሬትም ያልሆነ ማን ነው?
88b2013c-4402-5b03-a781-1f78c0d6ffb1,5c6d58d3-3fff-5a31-a62e-a1fc0613f341,b0ad0ebb-52f0-5445-ad63-33fcd4e597aa,6,6,ሕጉንና ሥርዐቱንስ አፍርሶ መሬት ያልዋጠችው ማን ነው?
750e9bda-57e4-51e6-a3d1-124d2ec9fad3,5c6d58d3-3fff-5a31-a62e-a1fc0613f341,b0ad0ebb-52f0-5445-ad63-33fcd4e597aa,7,7,“ጺሩጻይዳን አንተም በፈጣሪህ ላይ ትኰራ ዘንድ ትወድዳለህ፤ አንተንም ዳግመኛ ከትዕቢትህ የተነሣ እንደ እነርሱ ያጠፋህ ዘንድ፥ ወደ መቃብርም ያወርድህ ዘንድ አለህ።
2b8a3970-769d-59db-a809-b90ffa9cee42,5c6d58d3-3fff-5a31-a62e-a1fc0613f341,b0ad0ebb-52f0-5445-ad63-33fcd4e597aa,8,8,ዳግመኛም ጥርስ ማፋጨትና ልቅሶ ወዳለበት የጨለማ ፍጻሜ ወደ ሆነው ወደ ሲኦል፥ ከገቡም በኋላ ለዘለዓለም መውጫ ወደሌለበት ወደ ትልቁና ጥልቁ ጕድጓድ ያወርድህ ዘንድ አለህ።
108a07c2-0022-5748-aac4-a7ba53005de3,5c6d58d3-3fff-5a31-a62e-a1fc0613f341,b0ad0ebb-52f0-5445-ad63-33fcd4e597aa,9,9,አንተስ እንደ አንተ እንደ ነበሩና የዚህን ዓለም ኑሮ እንደ ተዉ እንደ ትዕቢተኞች ነገሥታት ነገ የምትሞትና የምትፈርስ ነህ።”
041d38df-102f-5bd8-a854-dfc6a2fed914,5c6d58d3-3fff-5a31-a62e-a1fc0613f341,b0ad0ebb-52f0-5445-ad63-33fcd4e597aa,10,10,እኛስ እንዲህ እንላለን፥ “አንተ ሰው ነህ፤ እግዚአብሔርም አይደለህም፤ እግዚአብሔር ምድርንና ሰማይን የፈጠረ፥ አንተንም የፈጠረ ነውና፤
da4a6be6-307a-5d52-a2fc-45ee57abd0cb,5c6d58d3-3fff-5a31-a62e-a1fc0613f341,b0ad0ebb-52f0-5445-ad63-33fcd4e597aa,11,11,እርሱም ትዕቢተኞችን ያወርዳቸዋል፤ የተዋረዱትንም ያከብራቸዋል፤ እርሱም ለደከሙት ብርታትን ይሰጣቸዋል፤ ለኀያላኑም ድካምን ይሰጣል።
36876d7c-29e3-5c5f-a9ed-9c4fcffbfbd6,5c6d58d3-3fff-5a31-a62e-a1fc0613f341,b0ad0ebb-52f0-5445-ad63-33fcd4e597aa,12,12,እርሱ ሕያዋንን ይገድላል፤ እርሱም በመቃብር ተቀብረው መሬት የሆኑትን ሙታን ያስነሣቸዋል።
4a72299c-0205-5063-a884-c1c74d7f4f5a,5c6d58d3-3fff-5a31-a62e-a1fc0613f341,b0ad0ebb-52f0-5445-ad63-33fcd4e597aa,13,13,ባሮችንም ከኀጢአት ባርነት ወደ ሕይወት ነጻ ያወጣቸዋል።
a3d4fec7-9ac3-5a91-ac17-f531a25a14dd,5c6d58d3-3fff-5a31-a62e-a1fc0613f341,b0ad0ebb-52f0-5445-ad63-33fcd4e597aa,14,14,“ንጉሥ ጺሩጻይዳን ሆይ! ጥቅም በሌላቸው በረከሱ ጣዖቶችህ ለምን ትመካለህ?
7184df62-1b12-5411-a1af-33908bf2e2bb,5c6d58d3-3fff-5a31-a62e-a1fc0613f341,b0ad0ebb-52f0-5445-ad63-33fcd4e597aa,15,15,እግዚአብሔር ግን ሰማያትን ፈጠረ፤ ምድርንም መሠረተ፤ ታላቁንም ባሕር ፈጠረ፤ ፀሐይንና ጨረቃን ፈጠረ፤ ዘመኖችንና ዓመታትን አዘጋጀ።
ebcb67a4-920e-55dc-ab75-fde5fc2c0be0,5c6d58d3-3fff-5a31-a62e-a1fc0613f341,b0ad0ebb-52f0-5445-ad63-33fcd4e597aa,16,16,ሰውም ወደ እርሻው ይሰማራል፤ እስኪመሽም ድረስ ሲያርስ ይውላል፤ የሰማይ ከዋክብትም በቃሉ ጸንተው ይኖራሉ።
ed8dc2b3-df5b-5def-ac68-2f1c4fa3554e,5c6d58d3-3fff-5a31-a62e-a1fc0613f341,b0ad0ebb-52f0-5445-ad63-33fcd4e597aa,17,17,ሁሉንም በየስማቸው ይጠራቸዋል፤ እግዚአብሔርም ሳያውቀው የሚደረግ ነገር የለም።
7dda1c66-064b-53f8-a0e8-fa37d6f9c8cb,5c6d58d3-3fff-5a31-a62e-a1fc0613f341,b0ad0ebb-52f0-5445-ad63-33fcd4e597aa,18,18,እርሱም ያገለግሉት ዘንድ፥ የከበረ ስሙንም ያመሰግኑ ዘንድ የሰማይ መላእክትን አዘዘ፤ መላእክትም ሕይወትን ወደሚወርሱ ሰዎች ሁሉ ይላካሉ።
6cbc56d6-3a49-5cec-acc9-491883f74d35,5c6d58d3-3fff-5a31-a62e-a1fc0613f341,b0ad0ebb-52f0-5445-ad63-33fcd4e597aa,19,19,መልአኩ ሩፋኤል ወደ ጦቢት ተላከ፤ ጦብያንም በራጉኤል ሀገር አዳነው።
97b55bc9-dc3a-50ac-ac50-2d22df00a4d1,5c6d58d3-3fff-5a31-a62e-a1fc0613f341,b0ad0ebb-52f0-5445-ad63-33fcd4e597aa,20,20,ኤሎፍላውያንንም እንዲያጠፋቸው ያሳውቀው ዘንድ መልአክ ወደ ጌዴዎን ተላከ፤ እስራኤልንም የኤርትራን ባሕር ባሻገራቸው ጊዜ መልአክ ወደ ነቢዩ ሙሴ ተላከ።
b0659616-a421-5848-a573-dd9b88af3f14,5c6d58d3-3fff-5a31-a62e-a1fc0613f341,b0ad0ebb-52f0-5445-ad63-33fcd4e597aa,21,21,እንዲህ ብሏልና፦ እግዚአብሔር ብቻውን መራቸው፥ ከእነርሱም ጋር ሌላ አምላክ አልነበረም።
66b9265b-40d2-533c-a52d-a450bdfefefd,5c6d58d3-3fff-5a31-a62e-a1fc0613f341,b0ad0ebb-52f0-5445-ad63-33fcd4e597aa,22,22,በምድር ላይ ወደአለ አዝመራም አወጣቸው።
5179a404-1868-5abb-aa62-dbde10cc6d54,5c6d58d3-3fff-5a31-a62e-a1fc0613f341,b0ad0ebb-52f0-5445-ad63-33fcd4e597aa,23,23,የሁዳዱንም እህል መገባቸው፤ ፈጽሞ ወዷቸዋልና፥ ከዐለት ማርን መገባቸው።
167a09b5-be2f-51ed-a573-d1b155a5ad0b,5c6d58d3-3fff-5a31-a62e-a1fc0613f341,b0ad0ebb-52f0-5445-ad63-33fcd4e597aa,24,24,“አንተንም በሕዝቡ ላይ አነገሠህ፤ ወገኖቹንም በሚገባ ፈጽመህ ትጠብቅ ዘንድ፥ የፈጠረህ የእግዚአብሔርንም ፈቃዱን ታደርግ ዘንድ በአራቱ መንግሥታት ላይ ሥልጣንን ሰጠህ።
c71956f0-4065-53c9-a045-62b74a1f3db8,5c6d58d3-3fff-5a31-a62e-a1fc0613f341,b0ad0ebb-52f0-5445-ad63-33fcd4e597aa,25,25,ከሁሉም ከፍ ከፍ አድርጎ አንግሦሃልና ፈጣሪህ እግዚአብሔርን ትወደው ዘንድ ፈጽሞ አነገሠህ።
8c043281-c2ec-5298-a53a-4aa6c4ed4f35,5c6d58d3-3fff-5a31-a62e-a1fc0613f341,b0ad0ebb-52f0-5445-ad63-33fcd4e597aa,26,26,አንተም እንደ ወደደህ፥ በሕዝቡም ሁሉ ላይ እንዳመነህ ፈጣሪህ እግዚአብሔርን ፈጽመህ ትወድደው ዘንድ ይገባሃል፤ አንተም የእግዚአብሔርን ፈቃድ አድርግ፥ በምድር ሁሉ ዘመንህ ይበዛ ዘንድ፥ ከአንተም ጋር ይኖር ዘንድ፥
ae4191c6-4018-50c6-aec8-b886d74b631d,5c6d58d3-3fff-5a31-a62e-a1fc0613f341,b0ad0ebb-52f0-5445-ad63-33fcd4e597aa,27,27,በጠላቶችህም ላይ ይቆምልህ ዘንድ፥ በዙፋንህም ሁሉ ያስቀምጥህ ዘንድ፥ ክንፉንም በራስህ ላይ ይጋርድ ዘንድ።
efd5cb61-cefb-5656-a886-1bb51bf48730,5c6d58d3-3fff-5a31-a62e-a1fc0613f341,b0ad0ebb-52f0-5445-ad63-33fcd4e597aa,28,28,ብታውቅስ እግዚአብሔር ሳኦልን የአባቱን አህዮች ሲጠብቅ ከእስራኤል ልጆች መርጦ በወገኖቹ በእስራኤል ላይ እንደ አነገሠው፥ ከነቢዩም ከሳሙኤል ጋር በዙፋን እንደ ተቀመጠ አንተን መረጠህ።
7bc43ddc-1adc-5a53-a76b-b72d3b69948a,5c6d58d3-3fff-5a31-a62e-a1fc0613f341,b0ad0ebb-52f0-5445-ad63-33fcd4e597aa,29,29,ከወንድሞቹም ለይቶ ከፍ ያለ ዕድልን ሰጠው፤ እንዲህም አለው፦ ከዛሬ ጀምሮ ወገኖቹን ትጠብቅ ዘንድ እግዚአብሔር በሕዝቡ ላይ አነገሠህ፤
4b3739a5-2f7a-5676-a0b9-e4f683336a7f,5c6d58d3-3fff-5a31-a62e-a1fc0613f341,b0ad0ebb-52f0-5445-ad63-33fcd4e597aa,30,30,ትገድልና ታድን ዘንድም እግዚአብሔር በላያቸው ሾሞሃልና በጎ የሚሠሩትን በበጎ፥ ክፉ የሚሠሩትንም በክፉ ጠብቃቸው።
ca44d33d-64c7-5629-ad46-1d1271c776f8,5c6d58d3-3fff-5a31-a62e-a1fc0613f341,b0ad0ebb-52f0-5445-ad63-33fcd4e597aa,31,31,እየገረፍህና እያዳንህም ቢሆን ፈቃዱን ታደርግ ዘንድ እግዚአብሔር አንተን በሁሉ ላይ ሾሞሃልና በጎ የሚሠሩትን በጎ ክፈላቸው፤ ክፉ የሚሠሩትንም ክፉ ክፈላቸው።
44ef31cc-64dc-531f-a56c-293c2d9fc0cb,5c6d58d3-3fff-5a31-a62e-a1fc0613f341,b0ad0ebb-52f0-5445-ad63-33fcd4e597aa,32,32,አንተ በሰማይ ያለ ሁሉን የሚገዛ የእግዚአብሔር ባሪያ ነህና፥ ባሰብኸው ሁሉ በፊቱ እየተገዛህ፥ በለመንኸውም ሁሉ ፈቃድህን ያደርግልህ ዘንድ አንተም በየጊዜውና በየሰዓቱ የእግዚአብሔርን ፈቃድ አድርግ።
8c9caa9f-afc2-53d1-a8da-18a1c3c15ebb,5c6d58d3-3fff-5a31-a62e-a1fc0613f341,b0ad0ebb-52f0-5445-ad63-33fcd4e597aa,33,33,“እርሱን የሚገዛው የለም፤ እርሱ ግን ሁሉን ይገዛል።
fb7c9499-e0e4-541c-ac18-4a09d97cfdb4,5c6d58d3-3fff-5a31-a62e-a1fc0613f341,b0ad0ebb-52f0-5445-ad63-33fcd4e597aa,34,34,እርሱን የሚሾመው የለም፤ እርሱ ግን ሁሉን ይሾማል።
158f78f2-f2f2-5d0d-aa6b-c159c34a80a7,5c6d58d3-3fff-5a31-a62e-a1fc0613f341,b0ad0ebb-52f0-5445-ad63-33fcd4e597aa,35,35,እርሱን የሚሽረው የለም፥ እርሱ ግን ሁሉን ይሽራል።
11f52577-79d2-553a-aa92-832786cf00e8,5c6d58d3-3fff-5a31-a62e-a1fc0613f341,b0ad0ebb-52f0-5445-ad63-33fcd4e597aa,36,36,እርሱን የሚነቅፈው የለም፤ እርሱ ግን ሁሉን ይነቅፋል።
393ce82a-8104-5bdc-a8b5-8ae9604b69ca,5c6d58d3-3fff-5a31-a62e-a1fc0613f341,b0ad0ebb-52f0-5445-ad63-33fcd4e597aa,37,37,እርሱን የሚያተጋው የለም፤ እርሱ ግን ሁሉን ያተጋል፤ የሰማይና የምድር ሥልጣን የእርሱ ነውና ከእጁ የሚያመልጥ የለም፤ በእርሱ ዘንድ ሁሉ የተገለጠ ነው እንጂ ከዐይኑ የተሰወረ የለም።
7563fe4b-900e-5403-a7bb-a7b82df4ad6c,5c6d58d3-3fff-5a31-a62e-a1fc0613f341,b0ad0ebb-52f0-5445-ad63-33fcd4e597aa,38,38,ሁሉንም ያያል፤ እርሱን ግን የሚያየው የለም፤ ወደ እርሱ የሚጸልየውን ጸሎቱን ይሰማዋል፤ ጸሎቱንም ይቀበለዋል፤ ሰውን በአምሳሉና በአርኣያው ፈጥሮታልና።
48b2cf11-d158-52dd-abc8-ddbf23b7d046,5c6d58d3-3fff-5a31-a62e-a1fc0613f341,b0ad0ebb-52f0-5445-ad63-33fcd4e597aa,39,39,ከማይጐድል መዝገቡም ሁሉን ይመግባል። ለዘለዓለም የሚኖር ንጉሥ ነውና።
7279cfab-f753-5c50-a6ac-d525bab9a404,cb434eb7-c4d9-5aea-ae31-36880505412f,6cbb4f0e-aaf5-5fa5-a94e-3af80ad32d7f,1,1,“ፈቃዱን የሚያደርጉ ነገሥታቱን በእውነት ያነግሣቸዋልና ነገሥታቱ ስለ እርሱ የቀና ነገርን ጻፉ።
8f6f8a16-5ea8-536b-a7cc-9761c6db5039,cb434eb7-c4d9-5aea-ae31-36880505412f,6cbb4f0e-aaf5-5fa5-a94e-3af80ad32d7f,2,2,አብርሃምና ይስሐቅ፥ ያዕቆብም፥ ዳዊትና ሰሎሞን፥ ሕዝቅያስም፥ ማደሪያቸው ብርሃን የሆነች ደጋጉ ነገሥታትም ሁሉ ባሉበት ማደሪያቸውን በማይመረመር ብርሃን ያበራል፤ የእግዚአብሔርን ፈቃድ አድርገዋልና።
df34af01-4f49-5f31-a046-cad229f7e3cb,cb434eb7-c4d9-5aea-ae31-36880505412f,6cbb4f0e-aaf5-5fa5-a94e-3af80ad32d7f,3,3,በምድር እንደ አለ አዳራሽም አይደለም፤ ነገር ግን ፈጽሞ ብሩህ የሆነ በሰማይ ያለ አዳራሽ ነው፤ የወርቅ፥ የብርና የዕንቍ የሆነ ወለሉም ንጹሕ ነው።
979838ba-a134-5aa4-a003-b7d4c6eb575a,cb434eb7-c4d9-5aea-ae31-36880505412f,6cbb4f0e-aaf5-5fa5-a94e-3af80ad32d7f,4,4,ፈጽሞ የሚያበራ መልኩም ከሰው ልቡና የራቀ ነው፤ የመንግሥተ ሰማያት አዳራሽ በጳዝዮንና በመረግድ፥ በጠልማና በወራውሬ የሚያበራ ነው።
d0af7265-902d-5c93-abd6-09548fb88c70,cb434eb7-c4d9-5aea-ae31-36880505412f,6cbb4f0e-aaf5-5fa5-a94e-3af80ad32d7f,5,5,ከሰው ሕሊና ባለፈ በከበረ ዕንቍ እጅግ የሚያበራ የመንግሥት አዳራሽ ነው። እርሱ ራሱ እግዚአብሔር እንደሚያውቅ የሠራው የመንግሥተ ሰማያት አዳራሽ ነው። የወርቅና የብር፥ የሰማያዊ ዕንቍና የአረንጓዴ ዕንቍ፥ የብጫ ዕንቍና የነጭ ሐር መልክ ያለው ወለሉም ንጹሕ ነው።
537d4310-61a1-5610-aff8-31bf1f1074c8,cb434eb7-c4d9-5aea-ae31-36880505412f,6cbb4f0e-aaf5-5fa5-a94e-3af80ad32d7f,6,6,እንደዚህ እጅግ ፈጽሞ ያማረ ነው፤ ንጹሕና ብሩህ ነው።
cfb7ce87-770e-5017-ac81-a55c5a11c678,cb434eb7-c4d9-5aea-ae31-36880505412f,6cbb4f0e-aaf5-5fa5-a94e-3af80ad32d7f,7,7,በጽድቅና በእውነት የተታታ ነው፤ በይቅርታና በምሕረትም የተሠራ ነው።
3c03546b-f0e5-5be8-a575-f05e71a80703,cb434eb7-c4d9-5aea-ae31-36880505412f,6cbb4f0e-aaf5-5fa5-a94e-3af80ad32d7f,8,8,ከእርሱም የሚፈስስ የሕይወት ውኃ አለ፤ እንደ ፀሐይም እጅግ የነጻ ነው፤ የብርሃን ድንኳንም አለ፤ በኤርሞን ሽቱም የተከበበ ነው።
63a602e7-75d9-51af-abd3-0d0495a372ff,cb434eb7-c4d9-5aea-ae31-36880505412f,6cbb4f0e-aaf5-5fa5-a94e-3af80ad32d7f,9,9,በቤቱም ዙሪያ መልኩና መዓዛው ልዩ የሆነ ጣፋጭ የገነት ፍሬ ተተክሏል። በዚያም የወይንና የዘይት ቦታ አለ፤ ፈጽሞም ያማረ ነው፤ የፍሬውም መዓዛ የጣፈጠ ነው።
e9d5bc2f-3a04-5b93-a337-a96f939fb420,cb434eb7-c4d9-5aea-ae31-36880505412f,6cbb4f0e-aaf5-5fa5-a94e-3af80ad32d7f,10,10,ሥጋዊ ሰው ወደ እርሱ ቢገባ፥ ከመዓዛውም ጣዕም የተነሣ ከደስታው ብዛት ነፍሱ ከሥጋው በተለየች ነበር።
ede92920-0c84-5e63-a684-207a9127b8f7,cb434eb7-c4d9-5aea-ae31-36880505412f,6cbb4f0e-aaf5-5fa5-a94e-3af80ad32d7f,11,11,“በዚያም የእግዚአብሔርን ፈቃድ ያደረጉ ደጋግ ነገሥታት ደስ ይላቸዋል፤ ሥራቸውም ቦታቸውም በመንግሥተ ሰማያት በዘለዓለም ሕይወት ቦታ የታወቀ ነው።
d43972b1-477d-5722-a576-50a61758683e,cb434eb7-c4d9-5aea-ae31-36880505412f,6cbb4f0e-aaf5-5fa5-a94e-3af80ad32d7f,12,12,በምድር እንደ አለ የመንግሥታቸው ክብር በሰማይ እንደ አለ እንዲሁ በምድር አሳየ፤ በምድርም እንደሚያከብሯቸውና እንደሚሰግዱላቸው በሰማይ ይከብራሉ፤ ከፍ ከፍም ይላሉ፤ በዚህ ዓለምም በጎ ሥራ ቢሠሩ ደስ ይላቸዋል።
9c5feeba-ef2f-5da3-a36d-f37a5e071445,cb434eb7-c4d9-5aea-ae31-36880505412f,6cbb4f0e-aaf5-5fa5-a94e-3af80ad32d7f,13,13,እግዚአብሔር በሰጣቸው መንግሥታቸውና ግዛታቸው ክፉ የሆኑ ነገሥታት ግን በእውነትና በሚገባ አይፈርዱም፤ የድሆችንና የጦም አዳሪዎችን ጩኸት ቸል ብለዋልና፥ የተገፋውንና መጻተኛውን፥ አባትና እናት የሞቱበትንም አያድኑም።
ee0179a5-738c-57e6-a055-47eba7954f35,cb434eb7-c4d9-5aea-ae31-36880505412f,6cbb4f0e-aaf5-5fa5-a94e-3af80ad32d7f,14,14,ድሆችንና ጦም አዳሪዎችን ከሚቀማቸው እጅ አያድኑአቸውም፤ ከምግባቸው የተራቡትን አያጠግቡም፤ ከመጠጣቸውም የተጠሙትን አያጠጡም፤ ጆሯቸውንም ወደ ድሃው ጩኸት አልመለሱም።
723b2d0d-3188-543c-a608-3f703e90d41e,cb434eb7-c4d9-5aea-ae31-36880505412f,6cbb4f0e-aaf5-5fa5-a94e-3af80ad32d7f,15,15,እነርሱንም የጨለማ መጨረሻ ወደ ሆነ ወደ ሲኦል ማደሪያ ይወስዷቸዋል፤ እግዚአብሔር የፈጠራት ታላቋ ዕለት፥ ቍጣውም በደረሰችባቸው ጊዜ ዳዊት በመዝሙሩ “አቤቱ በቍጣህ አትቅሠፈኝ፤ በመቅሠፍትህም አትገሥጸኝ” ብሎ እንደ ተናገረው እንደ ገናንነታቸው ብዛት መጠን ችግራቸውና ውርደታቸው ይበዛል።
48448d2f-8e18-5ec6-a630-80c16713d74d,cb434eb7-c4d9-5aea-ae31-36880505412f,6cbb4f0e-aaf5-5fa5-a94e-3af80ad32d7f,16,16,“ነገሥታትና መኳንንት በምድር ይህን ዓለም የሚገዙ ሲሆኑ ሕግህን ያልጠበቁ ሰዎችን ይወስዱአቸዋል።
13a2c664-9bb7-5da1-aff8-8b4b320182b6,cb434eb7-c4d9-5aea-ae31-36880505412f,6cbb4f0e-aaf5-5fa5-a94e-3af80ad32d7f,17,17,በሰማይ ግን ሁሉን የሚገዛ እግዚአብሔር አለ፤ የሁሉ ነፍስ በእጁ ነው፤ የሁሉም ሕይወት በአፉ ነው፤ ለሚያከብሩት ሰዎችም ክብርን የሚሰጣቸው እርሱ ነው፤ ሁሉን የሚችል ነውና፥ ሁሉንም ይገዛልና የሚወዱትንም ይወድዳቸዋል።
90595731-febf-57ab-a381-6b9ecb122ae9,cb434eb7-c4d9-5aea-ae31-36880505412f,6cbb4f0e-aaf5-5fa5-a94e-3af80ad32d7f,18,18,እርሱ የሰማይና የምድር ንጉሥ ልብንና ኵላሊትን ይመረምራል፤ ወደ እርሱም በንጹሕ ልቡ የጸለየውን የጸሎቱን ዋጋ ይሰጠዋል።
9df3e1fc-265a-5500-a0b6-316d66f5eee6,cb434eb7-c4d9-5aea-ae31-36880505412f,6cbb4f0e-aaf5-5fa5-a94e-3af80ad32d7f,19,19,በባልቴቶችና በሙት ልጅ ክፉ የሚሠሩ የኀይለኞች ትዕቢትን ያጠፋል።
c54dad27-b915-5cea-ae2a-f4a48520ddc0,cb434eb7-c4d9-5aea-ae31-36880505412f,6cbb4f0e-aaf5-5fa5-a94e-3af80ad32d7f,20,20,ይህን መንግሥት የያዝኸው በኀይልህ አይደለም፤ በዚህም ዙፋን ላይ የተቀመጥህ በችሎታህ አይደለም፤ ነገር ግን ሕዝቡን መግዛት ትችል እንደ ሆነ፥ በዚያ ወራት ወገኖቹን ሲገዛ የእግዚአብሔርን ቃልና የሳሙኤልን ቃል ቸል እንደ አለና የአማሌቅን ንጉሥና ሠራዊቱን እንደ አልገደለ እንደ ሳኦል ይፈትንህ ዘንድ ፈቅዶ በመንግሥት ዙፋን ላይ አስቀመጠህ።
8babc386-44ca-5644-a8aa-aa8dc707a20c,cb434eb7-c4d9-5aea-ae31-36880505412f,6cbb4f0e-aaf5-5fa5-a94e-3af80ad32d7f,21,21,እግዚአብሔርም ነቢዩ ሳሙኤልን ሔደህ ሕግ በማፍረስና ጣዖቶቹን በማምለክ፥ ለጣዖቱም በመስገጃዎቹ ውስጥ በመስገድ፥ ጥቅም በሌለው በረከሰ ሥራቸውም ሁሉ አሳዝነውኛልና ሳኦልን ወደ አማሌቅ ሀገር ሔደህ ከሰው ጀምሮ እስከ ከብት ድረስ ነገሥታቱንና ሠራዊቶቻቸውን ሁሉ አጥፋ በለው ብሎት ነበርና።
795019da-29a3-5e2e-a31f-d4818ebab1aa,cb434eb7-c4d9-5aea-ae31-36880505412f,6cbb4f0e-aaf5-5fa5-a94e-3af80ad32d7f,22,22,ስለዚህም እግዚአብሔርን ባሳዘኑት ጊዜ ያጠፋቸው ዘንድ ላከው።
d3f22aff-1a80-5192-a81a-f3e231097eda,cb434eb7-c4d9-5aea-ae31-36880505412f,6cbb4f0e-aaf5-5fa5-a94e-3af80ad32d7f,23,23,እርሱ ግን ንጉሣቸውን አዳነው፤ ብዙ ከብትንም፥ ሴቶችንና ደናግልን፥ ከጐልማሳዎችም መልካማዎችን አዳነ፤ ስለዚህ እግዚአብሔር ነቢዩ ሳሙኤልን እንዲህ አለው፦ ቃሌን አቃሎአልና፥ ትእዛዜንም አልሰማምና ሔደህ መንግሥቱን ክፈላት።
44fbeddc-156f-5233-a9eb-70870b4c782a,cb434eb7-c4d9-5aea-ae31-36880505412f,6cbb4f0e-aaf5-5fa5-a94e-3af80ad32d7f,24,24,በእርሱ ፋንታ በእስራኤል ላይ ይነግሥ ዘንድ የዕሤይን ልጅ ዳዊትን ቅባው።
a212c854-b6bd-587a-a9aa-92f3842b1caa,cb434eb7-c4d9-5aea-ae31-36880505412f,6cbb4f0e-aaf5-5fa5-a94e-3af80ad32d7f,25,25,በእርሱ ግን አንቆ የሚጥለው ጋኔንን አሠልጥንበት።
dcdabc93-9132-5a89-af31-b7a967c0f81b,cb434eb7-c4d9-5aea-ae31-36880505412f,6cbb4f0e-aaf5-5fa5-a94e-3af80ad32d7f,26,26,ፈቃዴን ያደርግ ዘንድ መንግሥትን ብሰጠው እንቢ ብሏልና ፈቃዴን ማድረግ እንቢ ባለም ጊዜ ከክብሩ ሻርሁት፤ አንተ ግን ሄደህ ንገረው፤ እንዲህም በለው፦ በወገኖቹ በእስራኤል ላይ ያነገሠህን፥ በመንግሥት ዙፋን ላይም ያስቀመጠህን እግዚአብሔርን እንዲህ ቸል ትለዋለህን?
eeedb24c-69df-5a16-a21b-577b45939cf5,cb434eb7-c4d9-5aea-ae31-36880505412f,6cbb4f0e-aaf5-5fa5-a94e-3af80ad32d7f,27,27,አንተ ግን ይህን ያህል ታላቅ ክብርንና ገናንነትን የሰጠህን እግዚአብሔርን አላወቅህም።
b9f82fd2-7d9b-50ad-a100-e7f1f9629a2f,cb434eb7-c4d9-5aea-ae31-36880505412f,6cbb4f0e-aaf5-5fa5-a94e-3af80ad32d7f,28,28,“ነቢዩ ሳሙኤልም ወደ ንጉሡ ወደ ሳኦል ሄደ። በማዕድ ተቀምጦ፥ የአማሌቅ ንጉሥ አጋግም በግራው ተቀምጦ ሳለ ወደ እርሱ ገባ።
8305530e-aba9-581a-ac9f-7d3cfa71d7dc,cb434eb7-c4d9-5aea-ae31-36880505412f,6cbb4f0e-aaf5-5fa5-a94e-3af80ad32d7f,29,29,ሰውንና እንስሳን ታጠፋ ዘንድ ያዘዘህን እግዚአብሔርን ፈጽመህ ለምን ቸል አልኸው? አለው።
fb603a40-750e-5006-af61-8b9b0bf61f52,cb434eb7-c4d9-5aea-ae31-36880505412f,6cbb4f0e-aaf5-5fa5-a94e-3af80ad32d7f,30,30,የዚያን ጊዜም ንጉሡ ፈርቶ ከዙፋኑ ተነሣ፤ የሳሙኤልንም ልብስ ያዘው፤ ሳሙኤልም መመለስን እንቢ አለ፤ የሳሙኤልም ልብስ ተቀደደ።
5f7dccfe-8504-5832-a310-a1009fc55608,cb434eb7-c4d9-5aea-ae31-36880505412f,6cbb4f0e-aaf5-5fa5-a94e-3af80ad32d7f,31,31,ሳሙኤልም ሳኦልን፦ እግዚአብሔር መንግሥትህን ከፈላት አለው።
05547793-f9d6-5573-a5a9-8ef584fe0551,cb434eb7-c4d9-5aea-ae31-36880505412f,6cbb4f0e-aaf5-5fa5-a94e-3af80ad32d7f,32,32,ዳግመኛም ሳኦል ሳሙኤልን፦ በሕዝቡ ፊት አክብረኝ፤ ይቅር ይለኝም ዘንድ በእግዚአብሔር ፊት ኀጢአቴን አስተስርይልኝ አለው፤ ሳሙኤልም ቃሉን ለመለወጥ እንቢ አለ። የፈጣሪውን እግዚአብሔርን ቃል ፈርትዋልና፥ የሚሞት ንጉሥን ግን አልፈራውምና።
7e2235e3-1f43-54a2-a6b9-50ebddc17038,cb434eb7-c4d9-5aea-ae31-36880505412f,6cbb4f0e-aaf5-5fa5-a94e-3af80ad32d7f,33,33,ስለዚህም ነገር ያላመጠውን ሳይውጠው የአማሌቅ ንጉሥ አጋግን ወጋው።
07a51cea-fb87-5d7a-a582-72a27f342019,cb434eb7-c4d9-5aea-ae31-36880505412f,6cbb4f0e-aaf5-5fa5-a94e-3af80ad32d7f,34,34,የእግዚአብሔርን ቃል ያፈረሰ ያንም ዝንጉ ርኩስ መንፈስ ያዘው፤ ራሱንም መታው፤ እርሱ ሁሉን የሚያዝዝ ንጉሠ ነገሥት ስለሆነ እግዚአብሔር ዐመፅን ያደረገ ንጉሥን አያፍረውምና።
08c24f97-5b9c-575b-a815-be2e63648ad4,cb434eb7-c4d9-5aea-ae31-36880505412f,6cbb4f0e-aaf5-5fa5-a94e-3af80ad32d7f,35,35,የማይፈሩት የነገሥታቱንና የመኳንንቱን ሥልጣን ሁሉ የሚሽር እርሱ የፍጥረቱ ሁሉ ጌታ ነውና እርሱን የሚያዝዘው የለም።
3a92898b-6ee4-5adb-a139-492fbda26690,cb434eb7-c4d9-5aea-ae31-36880505412f,6cbb4f0e-aaf5-5fa5-a94e-3af80ad32d7f,36,36,የዳዊት ወገን እየገነነ ይሄዳል፤ የሳኦል ወገን ግን እየተዋረደ ይሄዳል ብሎ እንደ ተናገረ ከሳኦልና ከልጁ መንግሥትን አጠፋ።
b7affb78-5966-5599-abf0-7543c0283a8d,cb434eb7-c4d9-5aea-ae31-36880505412f,6cbb4f0e-aaf5-5fa5-a94e-3af80ad32d7f,37,37,ስላሳዘነውና በክፉ ሥራቸው ያሳዘኑትን ወንጀለኞችን ስለ አላጠፋ እግዚአብሔር ተበቅሎ የሳኦልን ወገን አጠፋ። የእግዚአብሔርን ጠላት የማይበቀል ሰው እርሱ የእግዚአብሔር ጠላት ነውና።
1bd033c7-a1f8-55b1-adbc-1b05ed10fd39,cb434eb7-c4d9-5aea-ae31-36880505412f,6cbb4f0e-aaf5-5fa5-a94e-3af80ad32d7f,38,38,መበቀል ሲቻለው፥ ሥልጣንም ሳለው ኀጢአተኛውን የማይበቀል፥ የእግዚአብሔር ሕግ የሌለውንም የማይበቀል ሰው እርሱ በእውነት የእግዚአብሔር ጠላት ነው።
571fc8a9-5731-523c-adaa-508ab3f49e38,475d609a-e32e-5002-a274-a4eeb407d5b6,08be3b6b-76e1-55d8-a9d8-705375b4b1f0,1,1,“አንተ ንጉሥም ብትሆን፥ ገዥም ብትሆን አንተ ምንድን ነህ? የፈጠረህ እግዚአብሔር አይደለምን
3b3d88ff-4d55-588c-a26d-432fc8428506,475d609a-e32e-5002-a274-a4eeb407d5b6,08be3b6b-76e1-55d8-a9d8-705375b4b1f0,2,2,ፈቃዱን ታደርግ ዘንድ፥ በትእዛዙም ትሔድ ዘንድ፥ ፍርዱንም ትፈራ ዘንድ ካለመኖር ወደ መኖር አመጣህ፤ አንተ ባሮችህን እንደምትቈጣቸው፥ በላያቸውም እንደ ሠለጠንህ እንደዚሁም ሁሉ አንተንም የሚቈጣህ፥ በላይህም የሠለጠነ አለ።
94f5176b-2678-5bb7-ab3b-99eba465a527,475d609a-e32e-5002-a274-a4eeb407d5b6,08be3b6b-76e1-55d8-a9d8-705375b4b1f0,3,3,አንተ ኀጢአት የሠሩ ሰዎችን ያለ ርኅራኄ እንደምትመታ እንደዚሁም ሁሉ አንተንም የሚመታህ፥ እስከ ዘለዓለም ድረስ መውጫ ወደሌለበት ፍርድም የሚጨምርህ እግዚአብሔር አለ።
8a84ff3e-6dd1-5051-acec-1f27fa723d9f,475d609a-e32e-5002-a274-a4eeb407d5b6,08be3b6b-76e1-55d8-a9d8-705375b4b1f0,4,4,ያልተገዛልህን፥ እጅ መንሻም ያላመጣልህን አንተ እንደምትገርፈው አንተ ለእግዚአብሔር ለምን እጅ መንሻ አታገባም?
7ab195b0-1a3b-5320-a57e-1fcc38d86804,475d609a-e32e-5002-a274-a4eeb407d5b6,08be3b6b-76e1-55d8-a9d8-705375b4b1f0,5,5,አንተን ይፈሩህ ዘንድ እንደምትወድ አምላክህን እግዚአብሔርን ለምን አትፈራውም? ሕዝቡንና መንጋውን በእውነት ትጠብቅ ዘንድ የፈጠረህና በፍጥረቱ ሁሉ ላይ ያነገሠህ እርሱ ነውና።
d22bac49-4f7a-5318-a86f-ab9075783aa7,475d609a-e32e-5002-a274-a4eeb407d5b6,08be3b6b-76e1-55d8-a9d8-705375b4b1f0,6,6,“እግዚአብሔር እንደ ሾመህ በሚገባና በእውነት ፍረድ እንጂ ለታላቅና ለታናሽ ፊት አታድላ፤ ያለ እርሱ ማንን ትፈራለህ? መንገዱንና ትእዛዙን ጠብቅ።
3505ec73-a6f5-5543-a1fc-aae0be05833b,475d609a-e32e-5002-a274-a4eeb407d5b6,08be3b6b-76e1-55d8-a9d8-705375b4b1f0,7,7,እሳትንና ውኃን አቀረብኩልህ፤ እጅህን ወደ ወደድኸው ጨምር ብሎ ሙሴ የእስራኤልን ልጆች እንዳዘዛቸው ወደ ቀኝም ወደ ግራም ፈቀቅ አትበል።
881e6e86-83e6-5a0d-ad6d-f1f01fdf2a43,475d609a-e32e-5002-a274-a4eeb407d5b6,08be3b6b-76e1-55d8-a9d8-705375b4b1f0,8,8,ቃሉን ትሰማ ዘንድ፥ ትእዛዙንም ታደርግ ዘንድ የምነግርህን ቃሉን ስማ፤ በባሕር ማዶ፥ ወይም በጥልቁ ማዶ፥ ወይም በወንዙ ማዶ ቃሉ አለች፤ አያት ዘንድ፥ ቃሉንም እሰማ ዘንድ፥ የእግዚአብሔርንም ትእዛዙን አደርግ ዘንድ ማን ያመጣልኛል? እንዳትል፥
a3927f75-e7cb-5985-a01a-53f76679c209,475d609a-e32e-5002-a274-a4eeb407d5b6,08be3b6b-76e1-55d8-a9d8-705375b4b1f0,9,9,ዳግመኛም ሰምቼ አደርጋት ዘንድ ወደ ሰማይ ወጥቶ ያቺን የእግዚአብሔርን ቃል ማን ያወርድልኛል? እንዳትል እነሆ ቃሉ በአፍህ ቅርብ ነው። በእጅህም ውስጥ ነው።
d679bcfa-ec29-52e8-a715-d6e012730b4b,475d609a-e32e-5002-a274-a4eeb407d5b6,08be3b6b-76e1-55d8-a9d8-705375b4b1f0,10,10,መጽሐፉንም ካልሰማኸው አምላክህ እግዚአብሔርን አልሰማኸውም፤ ቃሉንም ካልጠበቅህ እርሱን አልወደድኸውም፤ ትእዛዙንም አላደረግህም።
da35d9f8-4db1-56ef-a08b-d133699837f7,475d609a-e32e-5002-a274-a4eeb407d5b6,08be3b6b-76e1-55d8-a9d8-705375b4b1f0,11,11,አንተም ትእዛዙን ካልወደድህ በእውነትም ትጠብቃቸው ዘንድ ከወገኖችህ ሁሉ ለይቶ ያከበረህንና ያገነነህን ፈቃድ ካላደረግህ ለዘለዓለም ወደ ፍርድ ትገባለህ።
f27f39da-f4ff-58d0-a335-ef062d112a8b,475d609a-e32e-5002-a274-a4eeb407d5b6,08be3b6b-76e1-55d8-a9d8-705375b4b1f0,12,12,የፈጠረህን የአምላክህን ስም እንድታስብ በሕዝቡ ሁሉ ላይ የበላይና አለቃ አደረገህ። በእውነትና በሚገባም ወገኖቹን ትገዛ ዘንድ ሰጠህ
39b3e8ce-61ad-5ba2-a47e-7ddbe05e50c3,475d609a-e32e-5002-a274-a4eeb407d5b6,08be3b6b-76e1-55d8-a9d8-705375b4b1f0,13,13,አንተን ከበደሉህ ሰዎችም የምትቀጣቸው አሉ፤ የእግዚአብሔርን መንገድ እያሰብህ፥ ልቡናህንም እያቀናህና በሚገባ እየፈረድህ የምትምረውም አለ።
57b41e85-d36d-5f5f-a214-eca4ebce989d,475d609a-e32e-5002-a274-a4eeb407d5b6,08be3b6b-76e1-55d8-a9d8-705375b4b1f0,14,14,በፊትህም በተከራከሩ ጊዜ ፊት አይተህ አታድላ፤ ምድር ሁለንተናዋ ያንተ ገንዘብ ናትና ኀጢአተኛውን ሰው ትምረው፥ ንጹሑንም ሰው ትበድለው ዘንድ መማለጃ አትቀበል።
98ccfaa2-15b7-565b-a164-fd42bc491b6b,475d609a-e32e-5002-a274-a4eeb407d5b6,08be3b6b-76e1-55d8-a9d8-705375b4b1f0,15,15,“ፈቃዱንም ካደረግህ በምድር ላይ ዕድሜህን ያበዛልሃል፤ ብታሳዝነው ግን ዕድሜህን ያሳንሰዋል።
5d129394-bc5f-55b7-a514-e43f264e6def,475d609a-e32e-5002-a274-a4eeb407d5b6,08be3b6b-76e1-55d8-a9d8-705375b4b1f0,16,16,ከሞት እንደምትነሣ፥ በጎም ቢሆን፥ ክፉም ቢሆን በሠራኸው ሥራ ሁሉ በፊቱ ቁመህ እንደምትመረመር አስብ።
76361c46-c125-50ac-adf4-029fd2b7bee9,475d609a-e32e-5002-a274-a4eeb407d5b6,08be3b6b-76e1-55d8-a9d8-705375b4b1f0,17,17,በጎ ሥራ ብትሠራ በደጋግ ነገሥታት ማደሪያ በብርሃን ቤቶች ትኖራለህ። ክፉ ሥራ ብትሠራ ግን በክፉዎች ነገሥታት ማደሪያ ትኖራለህ።
e7231ba2-faf6-59e5-a52f-682b419cac2c,475d609a-e32e-5002-a274-a4eeb407d5b6,08be3b6b-76e1-55d8-a9d8-705375b4b1f0,18,18,እግዚአብሔር የጌትነትህን ሥልጣን አያፍርም፤ አንተ ግን የመፈራትህን ገናንነት፥ የአርበኞችህንም ሽልማት፥ የተሰቀለ የጦር መሣሪያህንም ባየህ ጊዜ፥ ፈረሶችህንም፥ ከሥልጣንህ በታች ያሉ ጭፍሮችህንም፥ መለከት የሚነፉትንና በፊትህም በበገና የሚጫወቱትን ሰዎች በአየህ ጊዜ፥
1c4d213f-cb33-5895-aa2c-6fb9393c7c33,475d609a-e32e-5002-a274-a4eeb407d5b6,08be3b6b-76e1-55d8-a9d8-705375b4b1f0,19,19,አንተ ይኽንን ሁሉ በአየህ ጊዜ ሕሊናህን ከፍ ከፍ ታደርጋለህ፤ አንገትህንም ታደነድናለህ፤ ይኽን ሁሉ ክብር የሰጠህንም አታስበውም፤ ተው ባለህ ጊዜ አንተ የምትተወው አይደለህምን?
92b0bc98-3df5-5e3d-a2dd-437ce683449d,475d609a-e32e-5002-a274-a4eeb407d5b6,08be3b6b-76e1-55d8-a9d8-705375b4b1f0,20,20,የሾመህን ሹመትም ፈጽመህ ቸል ብለሃልና ክብርህን ለሌላ ይሰጠዋል።
9c05e1bd-e12a-5db2-af2f-009419f7357c,475d609a-e32e-5002-a274-a4eeb407d5b6,08be3b6b-76e1-55d8-a9d8-705375b4b1f0,21,21,ድንገት ሞት ይመጣብሃልና፥ በትንሣኤም ጊዜ ፍርድ ይደረጋልና፥ የሰውም ሥራ ሁሉ ይመረመራልና በዚያ ይመራመርሃል፤ ይቈጣጠርሃልም፤ ይፈርድብሃልም።
c8bc5520-8f4e-5ddf-af0d-c0080b03b7a9,475d609a-e32e-5002-a274-a4eeb407d5b6,08be3b6b-76e1-55d8-a9d8-705375b4b1f0,22,22,የምድርን ነገሥታትም የሚያከብራቸው የለም፤ እርሱ የእውነት ዳኛ ስለሆነ በፍርድ ጊዜ ድሃና ባለጸጋ በአንድነት ይቆማሉና። የምድር መኳንንት የሚመኩበት ዘውዳቸው ይወድቃል።
9e2a70a1-878b-5fe4-a723-722494d5d458,475d609a-e32e-5002-a274-a4eeb407d5b6,08be3b6b-76e1-55d8-a9d8-705375b4b1f0,23,23,“ፍርድ የተዘጋጀ ነው፤ ነፍስም ትንቀጠቀጣለች፤ መጻሕፍትም ይገለጣሉ፤ የሰዎችም ሥራ ይገለጣል፤ የሚሰወርም የለም።
9dc58122-6de4-5f7e-ac34-0bfea63b3f8f,475d609a-e32e-5002-a274-a4eeb407d5b6,08be3b6b-76e1-55d8-a9d8-705375b4b1f0,24,24,ሴት ለመውለድ በደረሰች ጊዜ፥ በሆዷም ያለ ፅንስ ለመወለድ በደረሰ ጊዜ ማኅፀኗን ለመከልከል እንደማትችል ምድር በሙታን ትንሣኤ ጊዜ በርሷ ላይ ያለ አደራዋን ትመልሳለች።
573cc0e8-b6e3-58a7-a0d9-22a30384f957,475d609a-e32e-5002-a274-a4eeb407d5b6,08be3b6b-76e1-55d8-a9d8-705375b4b1f0,25,25,ወይስ ደመናዎች እግዚአብሔር ወዳዘዛቸው ቦታ ወስደው እንዳያዘንሙ ዝናምን መቋጠር ይችላሉን? እንደዚሁም የእግዚአብሔር ቃል ሁሉን ካለመኖር ወደ መኖር አምጥቶ ፈጥሮታልና፥ ዳግመኛም የእግዚአብሔር ቃል ሁሉን ወደ መቃብር አግብቶታልና የትንሣኤ ጊዜ ከደረሰ በኋላ የሞቱ ሰዎች እንዳይነሡ ማድረግ አይቻልም።
48b83260-042f-5543-a706-2cf463a1cb68,475d609a-e32e-5002-a274-a4eeb407d5b6,08be3b6b-76e1-55d8-a9d8-705375b4b1f0,26,26,ዳግመኛም ከእግዚአብሔር አፍ በሚወጣ ቃል ነው እንጂ ሰው የሚድን በእህል ብቻ አይደለም ብሎ ሙሴን እንደ ተናገረ የእግዚአብሔር ቃል ሰውን ሁሉ ከመቃብር ያስነሣዋል።
89a1135d-b0a9-54a4-ab23-275aa657bdc6,475d609a-e32e-5002-a274-a4eeb407d5b6,08be3b6b-76e1-55d8-a9d8-705375b4b1f0,27,27,እነሆ የሞቱ ሰዎች በእግዚአብሔር ቃል ሕያዋን እንደሚሆኑ ታወቀ።
f3e6ecb9-237c-5ecb-a3d1-f48476e70582,475d609a-e32e-5002-a274-a4eeb407d5b6,08be3b6b-76e1-55d8-a9d8-705375b4b1f0,28,28,ዳግመኛም ስለ ነገሥታትና መኳንንት፥ ፈቃዱንም ስለሚያደርጉ ሰዎች እግዚአብሔር በዳግም ሕግ እንዲህ አለ፦ የሚቈጠሩበት ቀን ደርሷልና በፍርድ ቀን እግራቸው በሚሰናከልበት ጊዜ እበቀላቸዋለሁ።
8029c279-49ed-515f-a6c7-03b2c0d4bf57,475d609a-e32e-5002-a274-a4eeb407d5b6,08be3b6b-76e1-55d8-a9d8-705375b4b1f0,29,29,“ዳግመኛም የእግዚአብሔርን ፍርድ የማያውቁ ሰዎችን እግዚአብሔር እንዲህ አላቸው፦ እኔ እግዚአብሔር እንደ ሆንሁ ዕወቁ፤ እኔ እገድላለሁ፥ አድናለሁም።
46158ebd-91c4-5589-a5ae-76dde490a83d,475d609a-e32e-5002-a274-a4eeb407d5b6,08be3b6b-76e1-55d8-a9d8-705375b4b1f0,30,30,እቀሥፋለሁ፤ ይቅርም እላለሁ፤ ወደ ሲኦል አወርዳለሁ፤ ዳግመኛም ወደ ሰማይ አወጣለሁ፤ ከእጄም የሚያመልጥ የለም።
308acca7-7332-56fd-aa04-bed41193cf19,475d609a-e32e-5002-a274-a4eeb407d5b6,08be3b6b-76e1-55d8-a9d8-705375b4b1f0,31,31,ሕጉን ስላልጠበቁ ነገሥታትና መኳንንት እግዚአብሔር እንዲህ አለ፦ ምድራዊ መንግሥት ኀላፊ ነውና፥ ከጧት እስከ ማታም ድረስ ያልፋልና ወደ ዘለዓለማዊው መንግሥቴ ትገቡ ዘንድ ሕጌንና ሥርዐቴን ጠብቁ።
8c1e5752-1a45-5d95-a576-d271d0679116,475d609a-e32e-5002-a274-a4eeb407d5b6,08be3b6b-76e1-55d8-a9d8-705375b4b1f0,32,32,የእግዚአብሔር ጥሪው ለክብርም፥ ለአሣርም ነውና ይህን ያዋርዳል፤ ያንም ያከብራል።
2c710ee2-417d-5be2-a86b-cafb89f57d7a,475d609a-e32e-5002-a274-a4eeb407d5b6,08be3b6b-76e1-55d8-a9d8-705375b4b1f0,33,33,ፈቃዱን ያላደረገውን ይሽረዋል፤ ፈቃዱን ያደረገውንም ይሾመዋል።
5a839157-81ac-5247-a7b9-b1994b63d8f4,94823614-3fe0-553d-a049-1829c391e03c,250291a0-e35f-5225-a2ab-c6bc433aba1e,1,1,“ስለ ሙታን ትንሣኤም ስማኝ ልንገርህ፤ ዛፎች ይተከላሉ፤ ቅርንጫፎችንም ያወጣሉ፤ ወይንም ሐረግ ያወጣል፤ እግዚአብሔር ፍሬውን ካለመኖር ያመጣዋልና ከእርሱ የወይን ጠጅ ይጥላሉ።
4bb36af9-30b4-5ae6-ae17-b3053bf05e5a,94823614-3fe0-553d-a049-1829c391e03c,250291a0-e35f-5225-a2ab-c6bc433aba1e,2,2,እስኪ ተመልከት፤ ያች የተከልሃት ዛፍ ታናሽ ነበረች። ዛሬ ግን ጫፎችን፥ ቅጠልንና ፍሬን አውጥታለች።
e957824d-c118-5ace-a11b-a9feb2ebcd6b,94823614-3fe0-553d-a049-1829c391e03c,250291a0-e35f-5225-a2ab-c6bc433aba1e,3,3,እግዚአብሔርም ከሁለት ጡቶች ከውኃና ከመሬት ሥርዋን ያጠጣል።
a7b11f46-1a87-512c-a163-1f2d5f68cd5b,94823614-3fe0-553d-a049-1829c391e03c,250291a0-e35f-5225-a2ab-c6bc433aba1e,4,4,እንጨቶችዋን ግን ከነፋስና ከፀሐይ ይመግባቸዋል፤ ሥር ለቅጠል ውኃ ታጠጣለች፤ መሬትም ለእንጨቶች ጽናትን ትሰጣለች።
e4a92f8e-6a16-5489-a2fa-bd1fa9ca3012,94823614-3fe0-553d-a049-1829c391e03c,250291a0-e35f-5225-a2ab-c6bc433aba1e,5,5,እግዚአብሔር የፈጠረው ነፋስም በመካከላቸው ፍሬን ይሰጣል። የሞቱ ሰዎችም ትንሣኤ እንደዚሁ ነው።
257f24f9-d355-5df6-aa7f-6f08a7f9e110,94823614-3fe0-553d-a049-1829c391e03c,250291a0-e35f-5225-a2ab-c6bc433aba1e,6,6,“ነፍስ ከሥጋ በተለየች ጊዜ እየራሱ ሂዷልና ከውኃና ከመሬት፥ ከእሳትና ከነፋስ፥ ከአራቱ ማዕዘናት ነፍሳትን ሰብስብ አለ።
a04b3f32-880b-5ea8-a7eb-40d29ff0d5f5,94823614-3fe0-553d-a049-1829c391e03c,250291a0-e35f-5225-a2ab-c6bc433aba1e,7,7,የመሬት ባሕርይ ግን በራስዋ ጸናች፤ ዐመድም ሆነች፤ የውኃ ባሕርይም በራሷ ጸናች፤ ጠልም ሆነች።
11fb090b-a518-542d-abe9-d6d5aa87af2d,94823614-3fe0-553d-a049-1829c391e03c,250291a0-e35f-5225-a2ab-c6bc433aba1e,8,8,የነፋስ ባሕርይም በራስዋ ጸናች፤ ነፋስም ሆነች፤ የእሳት ባሕርይም በራስዋ ጸናች፤ የሚሞቅ እሳትም ሆነች።
c2e4411c-b522-5655-ac3d-847e2fdac5e2,94823614-3fe0-553d-a049-1829c391e03c,250291a0-e35f-5225-a2ab-c6bc433aba1e,9,9,እግዚአብሔር የፈጠራት ነፍስ ግን ወደ ፈጣሪዋ እጅ ተመለሰች፤ በወደደም ጊዜ ይመልሳታልና በወደደው ቦታ ያኖራታል።
e4a03ab8-3b29-52d9-ae37-b9cf84904743,94823614-3fe0-553d-a049-1829c391e03c,250291a0-e35f-5225-a2ab-c6bc433aba1e,10,10,የጻድቃንን ነፍሳት በብርሃን ቤት ያኖራቸዋል፤ የኃጥኣንን ነፍሳት ግን ያወጣቸው ዘንድ እስከ ወደደበት ጊዜ ድረስ በጨለማ ቤት ያኖራቸዋል።
a80db303-edbb-5a48-abf1-99cef5057d55,94823614-3fe0-553d-a049-1829c391e03c,250291a0-e35f-5225-a2ab-c6bc433aba1e,11,11,“ነቢዩ ሕዝቅኤልንም እንዲህ አለው፦ ይሰበሰቡና አንድ አካል ይሆኑ ዘንድ ከአራቱ ማዕዘን ጥራ።
0c25026a-7a93-5d4c-a57b-a49dc6a708a0,94823614-3fe0-553d-a049-1829c391e03c,250291a0-e35f-5225-a2ab-c6bc433aba1e,12,12,እንዲህም ብሎ ባንድ ቃል በተናገረ ጊዜ ከአራቱ ማዕዘን ተሰበሰቡ።
89c2d52e-a3b7-5bbc-aad8-7ae7193c8b38,94823614-3fe0-553d-a049-1829c391e03c,250291a0-e35f-5225-a2ab-c6bc433aba1e,13,13,የውኃ ባሕርይም ጠልን አመጣ፤ ዳግመኛም የእሳት ባሕርይ ሙቀትን አመጣ።
95947e46-77fc-54b3-af8e-0addffd4922c,94823614-3fe0-553d-a049-1829c391e03c,250291a0-e35f-5225-a2ab-c6bc433aba1e,14,14,የመሬት ባሕርይም ዳግመኛ መሬትን አመጣ፤ የነፋስ ባሕርይም እስትንፋስን አመጣ።
e3de1462-4a90-5ee0-a1c4-d7f54739cf70,94823614-3fe0-553d-a049-1829c391e03c,250291a0-e35f-5225-a2ab-c6bc433aba1e,15,15,እግዚአብሔርም ነፍስን ካኖረበት ከማደሪያዋ አመጣ፤ በአንድ ቃል ተሰበሰቡ፤ ትንሣኤም ሆነ።
1d8373c6-5767-57ee-a699-7be5e771f4d9,94823614-3fe0-553d-a049-1829c391e03c,250291a0-e35f-5225-a2ab-c6bc433aba1e,16,16,“ዳግመኛም በአንተ ዘንድ ያለ ምሳሌን አሳይሃለሁ፤ ቀኑ ይመሻል፤ ትተኛለህም፤ ሌሊቱ ይነጋል፤ ከመኝታህም ትነሣለህ፤ አንተ ግን በተኛህ ጊዜ የሞትህ ነህ።
fcaec7be-488b-5ac0-a0b4-553564a0dc51,94823614-3fe0-553d-a049-1829c391e03c,250291a0-e35f-5225-a2ab-c6bc433aba1e,17,17,በነቃህም ጊዜ የትንሣኤ ምሳሌ ነው፤ ሌሊቱ ግን ሁለንተናው ጨለማ የሆነ የዚህ ዓለም ምሳሌ ነው። ዓለም ሁሉ ይተኛበታል፤ የሌሊት ጨለማ ሸፍኖአቸዋልና።
9b69130d-bbc7-57df-ada8-f7c6b3158db8,94823614-3fe0-553d-a049-1829c391e03c,250291a0-e35f-5225-a2ab-c6bc433aba1e,18,18,ጨለማ የሚወገድበት፥ በዓለሙም ሁሉ ብርሃን የሚሆንበት፥ ሰውም ተነሥቶ ወደ ሥራው የሚሠማራበት የጧት ብርሃን ግን የሙታን ትንሣኤ ምሳሌ ነው።
e5fd2581-7637-5bbf-ac37-46846d79bcde,94823614-3fe0-553d-a049-1829c391e03c,250291a0-e35f-5225-a2ab-c6bc433aba1e,19,19,ይቺ የዓለም መታደስና የሙታን ትንሣኤ እንደዚህ ናት፤ ይህ ዓለም በዚህ ሌሊት አምሳል ኀላፊ ነውና።
2be501be-942e-5cbe-a2f9-0e97a7e78193,94823614-3fe0-553d-a049-1829c391e03c,250291a0-e35f-5225-a2ab-c6bc433aba1e,20,20,“ዳዊትም ምሳሌውን በፀሐይ አኖረ ብሎ እንደ ተናገረ ፀሐይ በወጣና በአበራ ጊዜ የዚህ ዓለም ምሳሌው ነው።
d821649a-f7f3-5867-a5be-02552db0522e,94823614-3fe0-553d-a049-1829c391e03c,250291a0-e35f-5225-a2ab-c6bc433aba1e,21,21,ዛሬ በዚህ ዓለም እንደሚያበራው ፀሐይ እርሱ እግዚአብሔር በሚመጣ ጊዜ ለሐዲሲቱ ዓለም ያበራላታል፤ እንደ ፀሐይ ያበራል፤ የማይጠልቅ ፀሐይ፥ የማይጠፋም ፋና እኔ ነኝ ብሏልና እርሱ እግዚአብሔር ብርሃንዋ ነው።
2cc0fd96-566c-5fbc-a493-284471befbc7,94823614-3fe0-553d-a049-1829c391e03c,250291a0-e35f-5225-a2ab-c6bc433aba1e,22,22,ዳግመኛም የሞቱትን ሰዎች እንደ ዐይን ጥቅሻ ያስነሣቸዋል፤ ዳግመኛም ከምትዘራው፥ አንተም በሕይወት ከምትኖርበት ከምግብህ አንዲት ምሳሌ አመጣልሃለሁ፤ የስንዴም ቅንጣት ቢሆን፥ የገብስም ቅንጣት ቢሆን፥ የምስርም ቅንጣት ቢሆን በምድር የሚዘራ የሰው ተግባር ሁሉ ካልፈረሰ የሚበቅል የለም።
52d2b938-ffd4-518a-a4e5-688b9dd51e30,94823614-3fe0-553d-a049-1829c391e03c,250291a0-e35f-5225-a2ab-c6bc433aba1e,23,23,እንደምታየው እንደ ሰው ሥጋ ሁሉ በሚፈርስበት ጊዜ ፍሬው ከገለባው ጋር በመሬት ይበላል።
1c597f7b-fce2-5966-ab06-095a12fe6d7b,94823614-3fe0-553d-a049-1829c391e03c,250291a0-e35f-5225-a2ab-c6bc433aba1e,24,24,ፍሬውም በተበላ ጊዜ የቅንጣት ሰባተኛ እጅ ያህል ሆኖ ይበቅላል፤ እግዚአብሔርም እንደ ወደደ የሕይወት ነፋስን ይሰጣል፤ ሥርም በምድር ውስጥ ትበቅላለች፤ ቅጠልንም በምድር ላይ ታወጣለች።
7111ffe3-1fe9-5b92-a1d2-26940804b635,94823614-3fe0-553d-a049-1829c391e03c,250291a0-e35f-5225-a2ab-c6bc433aba1e,25,25,እስቲ ተመልከት፤ እርሷ ካልፈረሰች መብቀል አትችልም፤ ከበቀለች በኋላ ግን ብዙ ዝርዝር ታወጣለች።
cd1562c7-ca17-5961-a099-68e62091c140,94823614-3fe0-553d-a049-1829c391e03c,250291a0-e35f-5225-a2ab-c6bc433aba1e,26,26,ላደገው ለዚያ ለዝርዝሩም ከእግዚአብሔር ፍሬ ይሰጠዋል፤ ፍሬውንም ገለባ ያለብሰዋል።
b82b1a07-1bc5-5335-a699-34e7eb58839c,94823614-3fe0-553d-a049-1829c391e03c,250291a0-e35f-5225-a2ab-c6bc433aba1e,27,27,የዘራኸው ዘር ቅንጣቱ እንደበዛ መጠን እይ እንጂ ቅጠሉ፥ ብርዑ፥ ገለባውና ምርቁ ግን አይቈጠርልህም።
31e33428-408b-5eef-ae09-f43edefab4c6,94823614-3fe0-553d-a049-1829c391e03c,250291a0-e35f-5225-a2ab-c6bc433aba1e,28,28,“ሰነፍ አትሁን፤ ዘርህንም እንደ በዛ እይ፤ እንደዚሁም ሁሉ የሙታንን ትንሣኤ፥ እንደ ሥራቸውም እንደሚከፈላቸው አስብ።
874cad88-169a-52ae-a126-59371d7575cc,94823614-3fe0-553d-a049-1829c391e03c,250291a0-e35f-5225-a2ab-c6bc433aba1e,29,29,ዳግመኛም ዘር ወደ ሌላ ዘር እንደማይለወጥ ስማኝ፤ ልንገርህ፤ ስንዴ ብትዘራ ገብስ ትሰበስባለህን? ከሙን ብትዘራ ተልባ ትሰበስባለህን?
c3152183-cd8e-5114-a374-1bb1c4ea0d38,94823614-3fe0-553d-a049-1829c391e03c,250291a0-e35f-5225-a2ab-c6bc433aba1e,30,30,ከተክልስ ወገን በለስ ብትተክል በውኑ ለውዝ ሆኖ ይበቅልልሃልን? ገውዝስ ብትተክል ወይን ሆኖ ይበቅልልሃልን።
dc3b7570-17ad-574d-a026-eb560e84a879,94823614-3fe0-553d-a049-1829c391e03c,250291a0-e35f-5225-a2ab-c6bc433aba1e,31,31,ጣፋጭ ፍሬ ብትተክል የመረረ ሆኖ ይበቅልልሃልን? የመረረውንስ ፍሬ ብትተክል የጣፈጠ ሆኖ ይበቅልልሃልን።
5ffcce71-c56d-5468-aab9-d42ac1f9e234,94823614-3fe0-553d-a049-1829c391e03c,250291a0-e35f-5225-a2ab-c6bc433aba1e,32,32,እንደዚሁስ ሁሉ ኀጢአተኛ ቢሞት በትንሣኤ ጊዜ ጻድቅ መሆን ይችላልን? ጻድቅስ ቢሞት በትንሣኤ ጊዜ ኃጥእ መሆን ይችላልን? ሁሉም እንደ ሥራው ይከፈለዋል፤ እንደ ሥራው ፍሬ፥ እንደ እጁም ሥራ ይከፈለዋል እንጂ፥ በሌላ ኀጢአት የሚፈረድበት የለም።
81a89980-166e-522b-aff4-1b35be071a18,94823614-3fe0-553d-a049-1829c391e03c,250291a0-e35f-5225-a2ab-c6bc433aba1e,33,33,የሊባኖስ ዛፍ ይተከላል፤ ረጃጅምና ታላላቅ ቅርንጫፎችንም ያወጣል፤ ይደርቅና ይረግፋል እንጂ፥ የአርሞንኤም ጠል ካልዘነመበት ቅጠሉ አይለመልምም።
5723c74e-54d4-5469-acdd-5b888c61ec46,94823614-3fe0-553d-a049-1829c391e03c,250291a0-e35f-5225-a2ab-c6bc433aba1e,34,34,ዝግባውም የክረምት ዝናም በእርሱ ካልወረደ ከሥሩ ይነቀላል።
9f968446-91f0-5167-ae47-a777840ad2e9,94823614-3fe0-553d-a049-1829c391e03c,250291a0-e35f-5225-a2ab-c6bc433aba1e,35,35,እንደዚሁም ሁሉ ከእግዚአብሔር የሕይወት ጠል ካልወረደላቸው ሙታን አይነሡም።
a789bc96-19b8-5229-acf0-7d07dfe9ae90,0cd471bd-ac65-5a6d-a82b-60532b593e02,3f65b409-0482-508d-a66a-557ba001197e,1,1,“የጌላቡሄ ሸለቆዎችና የሊባኖስ ተራሮች ከእግዚአብሔር ዘንድ የምሕረት ዝናም ካልዘነመላቸው ለእንስሳዎችና ለአውሬዎች ሣርን አያበቅሉም።
560568ef-b861-5d39-a4d1-05a2ed7b112b,0cd471bd-ac65-5a6d-a82b-60532b593e02,3f65b409-0482-508d-a66a-557ba001197e,2,2,የገለዓድ ተራራዎችና የኤላም ሸለቆዎች ለሚሠማሩ ለፍየሎችና ለበጎች፥ ለዱር እንስሳት ለፌቆና ለቶራትም፥ ለዋሊያዎችም ልምላሜን አይሰጡም።
975aa96b-d09b-5f4d-a2f1-171afe4deb03,0cd471bd-ac65-5a6d-a82b-60532b593e02,3f65b409-0482-508d-a66a-557ba001197e,3,3,እንደዚሁም ክሕደትንና ስሕተትን አስቀድሞ ገንዘብ ያደረጓት ከሓዲዎችና መናፍቃን ከእግዚአብሔር የምሕረት ጠል ካልወረደላቸው ሙታን አይነሡም፤ ጣዖት የሚያመልኩና ሥር የሚምሱ፥ ነገር ሠርተው የሚያጣሉ፥ ቆጵሮስና ዲማሶ፥
301907d4-f596-5809-a93f-7d750c19dbb6,0cd471bd-ac65-5a6d-a82b-60532b593e02,3f65b409-0482-508d-a66a-557ba001197e,4,4,ሥር የሚምሱ፥ ጥንቆላንና ሥራይን የሚያደርጉ፥ ሰውንም የሚያጋድሉ፥
090ad6e2-f149-5b6e-ade3-7574f8a8e772,0cd471bd-ac65-5a6d-a82b-60532b593e02,3f65b409-0482-508d-a66a-557ba001197e,5,5,ከሕግም ወጥተው የሚሰስኑ፥ በጣዖታቸውም የሚታመኑ የአቴናና የሜዶን ሰዎች፥ በመሰንቆና በከበሮ፥ በበገናም የሚጫወቱላቸውና የሚዘፍኑላቸውም፥
95292961-8b91-58dd-a30d-ffed36c858b2,0cd471bd-ac65-5a6d-a82b-60532b593e02,3f65b409-0482-508d-a66a-557ba001197e,6,6,በጣዖታቸው የሚስቱ፥ በእጃቸውም ሥራ የሚሰስኑ፥ በትንሣኤ ጊዜ በፍርድ ቀን ራሳቸውን የማያድኑና የሚፈረድባቸው እነዚህ ናቸው።
6a2d6883-165e-5c42-ac3f-2d8bd43caeaa,0cd471bd-ac65-5a6d-a82b-60532b593e02,3f65b409-0482-508d-a66a-557ba001197e,7,7,“አንተ ሰነፍና ልበ ባካና ሙታን የማይነሡ ይመስልሃልን?
aafd187f-1384-5682-a07c-042e5ba97f90,0cd471bd-ac65-5a6d-a82b-60532b593e02,3f65b409-0482-508d-a66a-557ba001197e,8,8,በሙታን ትንሣኤ በመላእክት አለቃ በቅዱስ ሚካኤል አፍ መለከት በሚነፋ ጊዜ በዚያ እንደ አንቀላፋህ አትቀርምና እንዲህ አታስብ።
5b71d647-ec68-5971-a33c-def3c1591dd9,0cd471bd-ac65-5a6d-a82b-60532b593e02,3f65b409-0482-508d-a66a-557ba001197e,9,9,ተራሮችና ኮረብቶች ዝቅ ይላሉ፤ ወንዞችና ጥልቆች ይስተካከላሉ፤ ጥርጊያ ጎዳናም ይሆናሉ።
3b66c1c9-701a-5d46-acdc-a6e847f1a30e,0cd471bd-ac65-5a6d-a82b-60532b593e02,3f65b409-0482-508d-a66a-557ba001197e,10,10,ለሥጋ ለባሽም ሁሉ ትንሣኤ ይሆናል።
00a58153-c53f-5081-af75-c46e82c00f80,e7ad7683-1289-521f-a6bc-a82c75d70b3d,65c4984f-da1e-5e57-a3c4-0cbb45a5851f,1,1,“እንዲህ ካልሆነ ግን የቀደሙ አባቶች ከአዳም ጀምሮ ከአቤልና ከሴት፥ ከኖኅና ከሴም፥ ከአብርሃምና ከይስሐቅ፥ ከያዕቆብና ከዮሴፍ፥ ከሙሴና ከአሮን ጀምሮ ከአባቶቻቸው መቃብር ውጭ ይቀበሩ ዘንድ ያልወደዱ ለምንድን ነው?
9f6076c2-1bd4-5d8f-ae3a-30c89d0d0eaa,e7ad7683-1289-521f-a6bc-a82c75d70b3d,65c4984f-da1e-5e57-a3c4-0cbb45a5851f,2,2,በትንሣኤ ጊዜ ከዘመዶቻቸው ጋር በአንድነት እንዲነሡ አይደለምን? አጥንታቸውስ ጣዖት ከሚያመልኩ ከክፉዎች፥ ከጣዖት አምላኪዎችና ከአረማውያንም አጥንቶች ጋራ እንዳይቈጠሩ አይደለምን?
c42098c1-fef4-56b8-a527-fabac07d91e4,e7ad7683-1289-521f-a6bc-a82c75d70b3d,65c4984f-da1e-5e57-a3c4-0cbb45a5851f,3,3,አንተ ግን እልፍ እልፍ ሆነው በአንድ መቃብር የሚቀበሩ፥ አጥንታቸው የሚበሰብስ ሙታን ከሞቱ በኋላ እንዴት ይነሣሉ? እያልህ ልቡናህን አታስት።
5886d6a6-226a-5bde-a7da-7f7110db06f1,e7ad7683-1289-521f-a6bc-a82c75d70b3d,65c4984f-da1e-5e57-a3c4-0cbb45a5851f,4,4,“ወደ መቃብርም በምታይ ጊዜ እፍኝ ሙሉ መሬት አይገኝም፤ የሞቱ ሰዎች እንዴት ይነሣሉ? እያልህ በልቡናህ ስንፍና ይህን ትናገራለህ።
0cab5e35-e490-5bc9-aa7a-94c21839eebc,e7ad7683-1289-521f-a6bc-a82c75d70b3d,65c4984f-da1e-5e57-a3c4-0cbb45a5851f,5,5,አንተ የዘራኸው ዘር አይበቅልም ትላለህን? አንተ የዘራኸው ዘር ስንኳ ይበቅላል።
fb55fc49-3119-5296-a174-42837861728f,e7ad7683-1289-521f-a6bc-a82c75d70b3d,65c4984f-da1e-5e57-a3c4-0cbb45a5851f,6,6,እንደዚሁም ሁሉ እግዚአብሔር የዘራቸው ነፍሳት ፈጥነው ይነሣሉ፤ እርሱ ሰውን በእውነቱ ካለመኖር ወደ መኖር አምጥቶታልና በሕይወት ሰጪ ቃሉ እነርሱን ማስነሣቱን አያዘገይም።
740acab6-0b85-5cf3-a7a1-00a7464ee53d,e7ad7683-1289-521f-a6bc-a82c75d70b3d,65c4984f-da1e-5e57-a3c4-0cbb45a5851f,7,7,ዳግመኛም ከመኖር ወደ ሞት ይመልሰዋል፤ ዳግመኛም ከሞት ወደ መኖር ይመልሰዋል።
5d3d22e3-5dfe-5d49-a772-6653659752c6,e7ad7683-1289-521f-a6bc-a82c75d70b3d,65c4984f-da1e-5e57-a3c4-0cbb45a5851f,8,8,እግዚአብሔር ሕይወት መስጠትና ማስነሣት ይችላል።”
a7be08af-d424-58a5-a087-67c474cd32d0,15e57032-f083-5989-a1fd-d5f84e9062ba,a5d68612-c5c1-57c7-a7b3-ac0e6e2c2a4e,1,1,አርሞንና ቅጥሮችዋ ወደቁ፤ እግዚአብሔርም እንደ ክፋታቸውና በእጃቸው እንደ ሠሩት ሥራ ከፍሎአቸዋልና በዛብሎንና በኤዶምያስ ጣዖቶችን የሚያመልኩ ያንጊዜ ይዋረዳሉ፤ በሕፃንነታቸው በሠሩት እስከ እርጅናም ድረስ ባልተዉት ስለ ጣዖታቸውና ስለ ክፋታቸው የሚፈርድባቸው ቀርቧልና ጢሮስና ሲዶና ያለቅሳሉ።
4edb1cdb-95d6-5f7a-a5cf-690f7c20fa1d,15e57032-f083-5989-a1fd-d5f84e9062ba,a5d68612-c5c1-57c7-a7b3-ac0e6e2c2a4e,2,2,ስለዚህም መዳራትንና ርኩሰትን፥ ዝሙትንም ስለ ሠሩ፥ ጣዖትንም ስለ አመለኩ እግዚአብሔር ይበቀላቸዋል። የይሁዳም ሴቶች ልጆች በፈጣሪያቸው በእግዚአብሔር ትእዛዝ አልጸኑምና ይዋረዳሉ።
302b1d9a-0cba-5d29-a186-a0bf8b270a82,15e57032-f083-5989-a1fd-d5f84e9062ba,a5d68612-c5c1-57c7-a7b3-ac0e6e2c2a4e,3,3,እንደ እርሷም በትንሣኤ ጊዜ የኢየሩሳሌም ውርደቷ ይገለጣል፤ በእግዚአብሔር ሕግና ፍርድ አልሔደችምና፤ ነገር ግን በደስታና ጻድቃንን በመግደል ኖረች።
e443783d-c400-5e6e-a5ec-1661ea1ccf4f,15e57032-f083-5989-a1fd-d5f84e9062ba,a5d68612-c5c1-57c7-a7b3-ac0e6e2c2a4e,4,4,ያንጊዜ እግዚአብሔር በጥበቡ ብርሃን ይመራመራታል፥ በሕፃንነትዋ ወራት በሠራችው ሁሉ፥ በወጣትነቷም ወራት እስከ እርጅናዋ በአልተወችው ክፋቷ ሁሉ ይበቀላታል።
6708968a-5a11-5a24-a83e-1d742677e2b9,15e57032-f083-5989-a1fd-d5f84e9062ba,a5d68612-c5c1-57c7-a7b3-ac0e6e2c2a4e,5,5,በልማዳቸው እንደ ኖሩና የእግዚአብሔርን ትእዛዝ እንቢ እንደ አሉ፥ በትንሣኤም ጊዜ እንደሚበቀላቸው፥ እንደ ቀደሙት አባቶችዋ ወደ መቃብር ትገባለች፤ ዐመድም ትሆናለች።
491bcd9c-fc65-5f10-a594-91a1bb6b7870,15e57032-f083-5989-a1fd-d5f84e9062ba,a5d68612-c5c1-57c7-a7b3-ac0e6e2c2a4e,6,6,ሙሴ ስለ እነርሱ እንዲህ ብሎአልና፥ “የወይናቸው ቦታ እንደ ሰዶም የወይን ቦታ ሆነ።
9dbcf8d7-d424-57a2-a3f2-5eea97e3f9a4,15e57032-f083-5989-a1fd-d5f84e9062ba,a5d68612-c5c1-57c7-a7b3-ac0e6e2c2a4e,7,7,ሐረጋቸውም ከገሞራ ነው፤ ዘለላቸውም የሐሞት ዘለላ ነው፤ ፍሬያቸውም መራራ ነው።
c320fef2-a372-53de-ac0b-aa0582316dd3,15e57032-f083-5989-a1fd-d5f84e9062ba,a5d68612-c5c1-57c7-a7b3-ac0e6e2c2a4e,8,8,ወይናቸውም የዕባብ መርዝ ነው፥ ያውም የሚገድል የእፉኝት መርዝ ነው።”
227bde03-b756-5a87-a8ac-571607e0a599,c4a8df62-709b-5507-ae2c-f3a9a742a6dc,d70c3e77-52f2-56e0-a3ba-ae0b1c5100ae,1,1,የኢየሩሳሌም ልጅ! በነቢዩ የተጻፈው ውርደትሽ ይህ ነው፤ የኢየሩሳሌም ልጅ! ሥራሽና በደልሽ እንደ ሰዶምና ገሞራ ሰዎች ሥራና በደል ነውና።
1e920c8d-c7b4-5666-ab79-b06992f789b6,c4a8df62-709b-5507-ae2c-f3a9a742a6dc,d70c3e77-52f2-56e0-a3ba-ae0b1c5100ae,2,2,ውርደትሽም እንደ ገሞራና እንደ ሰዶም ነው፤ የወይናቸው ቦታ በዝሙትና በትዕቢት ተተከለ።
ed913819-536b-50f9-a5a0-ee7c6503dd8c,c4a8df62-709b-5507-ae2c-f3a9a742a6dc,d70c3e77-52f2-56e0-a3ba-ae0b1c5100ae,3,3,ከዝሙትና ትዕቢት፥ ከዐመፅና በደል፥ ከቅሚያና ደም ከማፍሰስ፥ የፈጣሪያቸው የእግዚአብሔርንም ስም ከመርሳት በቀር የትሕትናና የምሕረት ዝናም አልዘነመላቸውም።
d591bd19-ea8e-5486-ad98-eab7132302d9,c4a8df62-709b-5507-ae2c-f3a9a742a6dc,d70c3e77-52f2-56e0-a3ba-ae0b1c5100ae,4,4,ከክፉ ሥራቸውና ከጣዖታቸው በቀር ፈጣሪያቸውን እግዚአብሔርንም አላወቁትም፤ በእጃቸውም ሥራ ደስ ይላቸዋል፤ ከከብትና ከወንድ ጋር ይሰስናሉ።
42c9ae74-5a36-508f-a9cd-189385c5ff8e,c4a8df62-709b-5507-ae2c-f3a9a742a6dc,d70c3e77-52f2-56e0-a3ba-ae0b1c5100ae,5,5,እንዳያዩ ዐይኖቻቸው ታውረዋልና፥ እንዳይሰሙም የእግዚአብሔርን ፈቃዱንና የሚወደውን እንዳያደርጉ ጆሯቸው ደንቁሯልና፥ በሥራቸው እግዚአብሔርን አያውቁትም፤ እነርሱ የሰዶም የወይን ቦታ ናቸው። ወገናቸው የጣፈጠ ፍሬን የማያፈሩ የገሞራ ወይን ሐረግም ናቸው።
a8d83a71-d45c-5eb8-a162-c581969c5336,c4a8df62-709b-5507-ae2c-f3a9a742a6dc,d70c3e77-52f2-56e0-a3ba-ae0b1c5100ae,6,6,ከተተከለበት ቀን ጀምሮ በርግማን ተተክሎአልና፥ አበቃቀሉም በጥፋት ዘመን ሆኗልና ወይናቸውን በጨመቁት ጊዜ የሚገድል መርዝ ይሆናል።
39fb863e-eeeb-576a-a8f9-526656be2f03,c4a8df62-709b-5507-ae2c-f3a9a742a6dc,d70c3e77-52f2-56e0-a3ba-ae0b1c5100ae,7,7,የወይናቸው ተክል የሲዖልን ውኃ ጠጥቶአልና፥ ሐረጋቸውም በሐሩር ነፋስ ጸንቶአልና ሁልጊዜ ለወይናቸው ሐረግ መልካምነት የለውም።
0c36443d-9066-561a-af1f-fe01dea260ca,c4a8df62-709b-5507-ae2c-f3a9a742a6dc,d70c3e77-52f2-56e0-a3ba-ae0b1c5100ae,8,8,አፍርቶም በተጨመቀ ጊዜ ለመቅሠፍትና ለጥፋት ሆነ፥ የጠጡትንም ሰዎች ልቡናቸውን ያጸናዋል፤ የሚያጸይፉና ከእግዚአብሔር የሚርቁ ያደርጋቸዋል።
6674229e-d7cd-5ebb-aa8b-01cf43b5c304,c4a8df62-709b-5507-ae2c-f3a9a742a6dc,d70c3e77-52f2-56e0-a3ba-ae0b1c5100ae,9,9,በክፉ ሥራውም ይኖራሉና የዲያብሎስ ማደሪያ ያደርጋቸዋል፤ የሰዶም ሐረግም መብላት ትጀምራለች፤ ወደ ተራራዎቹም፥ ወደ ዛፎቹም ትወጣለች።
b56e7307-2fbe-5aea-ab8e-9636fa1efcf3,c4a8df62-709b-5507-ae2c-f3a9a742a6dc,d70c3e77-52f2-56e0-a3ba-ae0b1c5100ae,10,10,በዙሪያዋ ያሉ የሚያመልኩትን ጣዖቱንም ትጋርደዋለች፤ ክፉና በጎን ለማያውቁ አጋንንትም ሴቶች ልጆችዋንና ወንዶች ልጆችዋን ትሠዋለች።
07f986c1-9541-5ff5-a6af-8dbab1532c9b,c4a8df62-709b-5507-ae2c-f3a9a742a6dc,d70c3e77-52f2-56e0-a3ba-ae0b1c5100ae,11,11,ንጹሕ ደምንም ያፈስሳሉ፤ ከሰዶም ወይን ዘለዓለም ፍልቅ አድርገው ለጣዖቱ ያፈስሳሉ።
f0330179-da92-57c9-a08b-042337eef816,c4a8df62-709b-5507-ae2c-f3a9a742a6dc,d70c3e77-52f2-56e0-a3ba-ae0b1c5100ae,12,12,ኢሎፍላውያን የሚያመልኩትን ዳጎንንም አክብራ ታመልካለች።
5f7362f0-461e-50f1-a5ac-696b981fe41c,c4a8df62-709b-5507-ae2c-f3a9a742a6dc,d70c3e77-52f2-56e0-a3ba-ae0b1c5100ae,13,13,ትሠዋላቸው ዘንድ፥ ፈቃዳቸውንም ታደርግ ዘንድ፥ ከሕፃንነቷ ጀምሮ እስከ ወጣትነቷ ድረስ፥ ዳግመኛም እስከ እርጅናዋ ወራትና እስከ ዕለተ ሞቷ ድረስ ሁልጊዜ የሚመግባትና የሚንከባከባት ፈጣሪዋ እግዚአብሔርንም እንዳታውቅ አጋንንት በአስተማሩአት መጠጣቸውና ስንፍናቸው ደስ ይላት ዘንድ ከመንጋዎችዋ የሰቡትን ትሠዋለታለች።
0540ab8f-2bd4-5601-a57b-7c062e69a280,c4a8df62-709b-5507-ae2c-f3a9a742a6dc,d70c3e77-52f2-56e0-a3ba-ae0b1c5100ae,14,14,ዳግመኛም በትንሣኤ ጊዜ እበቀላታለሁ፤ ወደ ሕጌ አልተመለሰችምና፥ በትእዛዜም ጸንታ አልኖረችምና ጊዜዋ እስከ ዘለዓለም ድረስ ይሆናል።
2421adab-d9dd-531a-adec-2e9b89b6f273,c4a8df62-709b-5507-ae2c-f3a9a742a6dc,d70c3e77-52f2-56e0-a3ba-ae0b1c5100ae,15,15,አምላኮችዋ በእውነት ፈጣሪዎች ከሆኑ በቍጣዬ በተቈጣኋት ጊዜ፥ ከእርስዋም ጋር የሚሰስኑ ወዳጆችዋን በአራቅሁ ጊዜ ተነሥተው ወደ ገሃነም ሮጠው ያድኑአት።
57233b2a-20fc-51d1-a991-c3293ed052dc,c4a8df62-709b-5507-ae2c-f3a9a742a6dc,d70c3e77-52f2-56e0-a3ba-ae0b1c5100ae,16,16,በቤቴና በንዋየ ቅድሳቴ ላይ ስድብንና ውርደትን እንደ አደረገች ሁሉ በሁሉ ዘንድ ጐስቋላ አደረግኋት።
8e3044e4-b771-5fd5-acee-7d1af7d21a6f,c4a8df62-709b-5507-ae2c-f3a9a742a6dc,d70c3e77-52f2-56e0-a3ba-ae0b1c5100ae,17,17,እነሆ ይህች የእግዚአብሔር ወገን ናት፤ የእስራኤል ፈጣሪ የእግዚአብሔር ቤት ናት፤ የልዑልም የስሙ ማደሪያ ናት፤ ከተለዩ የተለየች የገናናው ንጉሥም ከተማ ኢየሩሳሌም ሲሏት በእርሷ የተጠራ ስሜን አሳዘነች።
d300cd96-2387-54b3-a012-e53cb818b6bb,c4a8df62-709b-5507-ae2c-f3a9a742a6dc,d70c3e77-52f2-56e0-a3ba-ae0b1c5100ae,18,18,እርሷ ባርያዬ እንደ ሆነች፥ እኔም ጌታዋ እንደ ሆንሁ በእኔ ትመካለች፤ እንደ ወንጀለኛ ትጠቃቀስብኛለች እንጂ ጌታዋ እንደ መሆኔ የምትፈራኝ፥ ፈቃዴንም የምታደርግ አይደለችም።
92935233-08c7-5ea2-aa85-ce45c52163c6,c4a8df62-709b-5507-ae2c-f3a9a742a6dc,d70c3e77-52f2-56e0-a3ba-ae0b1c5100ae,19,19,ከእኔ ያርቋት ዘንድ ለማሳት መሰናክል ሆኑባት እንጂ ለማይመግቧትና ለማያሳድጓት፥ ለማያለብሷትም ለሌሎች አማልክት ትገዛለች።
0ae0235f-0203-510b-a1e7-03cbe2a73bb7,c4a8df62-709b-5507-ae2c-f3a9a742a6dc,d70c3e77-52f2-56e0-a3ba-ae0b1c5100ae,20,20,መሥዋዕት ትሠዋላቸዋለች፤ መሥዋዕታቸውንም ትበላለች፤ የመጠጡንም ቍርባን ታፈስላቸዋለች፤ የመጠጡንም ቍርባን ትጠጣለች፤ ዕጣን ታጥንላቸዋለች፤ የዕጣኑንም መዓዛ ታሸትላቸዋለች፤ ያዝዟታል፤ እርሷም ትታዘዝላቸዋለች።
2cf74e57-0e06-5999-ac7a-d2edd0677d0f,c4a8df62-709b-5507-ae2c-f3a9a742a6dc,d70c3e77-52f2-56e0-a3ba-ae0b1c5100ae,21,21,ዳግመኛም ወንዶች ልጆችዋንና ሴቶች ልጆችዋን ትሠዋላቸዋለች፤ ስለ ፍቅራቸውም ዕልል ትላለችና በእጅዋ ሥራና በከንፈርዋ ንግግር ደስ ይላታል።
277dd2dd-ab15-54a7-a1c9-395593cbad6a,c4a8df62-709b-5507-ae2c-f3a9a742a6dc,d70c3e77-52f2-56e0-a3ba-ae0b1c5100ae,22,22,በፍርድ ቀን ለእርሷ ወዮላት፤ ለምትወዳቸውና ለምታቅፋቸው አማልክቶችዋ ወዮላቸው፤ ከእነርሱ ጋር ትሉ ወዳማያንቀላፋበት፥ እሳቱም ወደማይጠፋበት የታች ታች ወደ ሆነው ሲዖል ትወርዳለች።
fc5a2031-113a-5072-aff5-3d6fa9ceac4e,c4a8df62-709b-5507-ae2c-f3a9a742a6dc,d70c3e77-52f2-56e0-a3ba-ae0b1c5100ae,23,23,የፈጠርሁሽን እኔን ትተሽ ሌሎች አማልክትን አምልከሻልና ጐስቋላ የኢየሩሳሌም ልጅ ወዮልሽ።
5bb634bf-ae15-579c-a792-d4b5dddd8aea,c4a8df62-709b-5507-ae2c-f3a9a742a6dc,d70c3e77-52f2-56e0-a3ba-ae0b1c5100ae,24,24,እኔም እንደ ሥራሽ ፍዳውን አመጣብሻለሁ፤ አሳዝነሽኛልና፥ ቃሌንም ቸል ብለሽዋልና፥ ሥራሽንም አላሣመርሽምና እንደ ተግዳሮትሽ እበቀልሻለሁ።
00773b33-44b8-5ad6-a588-87b00358e30d,c4a8df62-709b-5507-ae2c-f3a9a742a6dc,d70c3e77-52f2-56e0-a3ba-ae0b1c5100ae,25,25,አንቺ ቃሌን አሳዝነሽዋልና ትእዛዜን ትጠብቂ ዘንድ፥ እኔም ከአንቺ ጋራ እኖር ዘንድ፥ ከሚጣሉሽም ሁሉ አድንሽ ዘንድ፥ አንቺም ያዘዝሁሽን ትእዛዜንና ሥርዐቴን ትጠብቂ ዘንድ፥ ከኔ ጋራ በተማማልሽበት ቃል ኪዳኔ አልጸናሽምና እኔ ቸል እልሻለሁ፤ ፈጥኜም አላድንሽም።
365dcf3d-a194-5fb2-a763-0627de264c10,c4a8df62-709b-5507-ae2c-f3a9a742a6dc,d70c3e77-52f2-56e0-a3ba-ae0b1c5100ae,26,26,ይህንም ሁሉ አልጠበቅሽም፤ እኔም ቸል አልሁሽ፤ በፍርድ ጊዜም እበቀልሻለሁ፤ እኔ የፈጠርሁሽ አይደለምን? ቃሌንና ትእዛዜንም አልጠበቅሽም፤ የእኔም ወገን ትሆኚ ዘንድ አከበርሁሽ።
5a208006-929c-5d33-a0a6-009a7a3e0f77,c4a8df62-709b-5507-ae2c-f3a9a742a6dc,d70c3e77-52f2-56e0-a3ba-ae0b1c5100ae,27,27,ሰዶምና ገሞራ እንደ ተለዩ አንቺም ከእኔ ተለየሽ።
b0d7fe83-42d4-52c7-a968-cd83274f037a,c4a8df62-709b-5507-ae2c-f3a9a742a6dc,d70c3e77-52f2-56e0-a3ba-ae0b1c5100ae,28,28,እኔ በቍጣዬ አጠፋኋቸው፤ እኔ ካጠፋኋቸው ከሰዶምና ከገሞራ ወገን ነሽና፥ ወደ ጐልማሳ ሚስት በመሔድ፥ ከሴቶች ጋር እንደ መድረስ ከእንስሳና ከወንድ ጋራ ያለ ሕግ በመሰሰን፥ የፈጠርኋቸው እኔን አሳዝነውኛልና፥ በደስታቸው እንዳይኖሩ ስም አጠራራቸውን ከምድር አጠፋሁ።
47c83918-0238-5e17-a70c-6c08a972b3df,c4a8df62-709b-5507-ae2c-f3a9a742a6dc,d70c3e77-52f2-56e0-a3ba-ae0b1c5100ae,29,29,ከታናናሾቻቸው ጀምሮ እስከ ታላላቆቻቸው ድረስ በፊታቸው እግዚአብሔርን መፍራት የለም፤ በክፉ ሥራ ሁሉ ይረዱታል እንጂ እርሷን መሥራት ይተዉ ዘንድ አንዱ ሌላውን አይቈጣውም፤ ሥራቸው ክፉ ነውና ዐመፅንና በደልን የጠገቡ ናቸው።
2a27a5e5-268f-50b2-a712-e9c954e2bfae,c4a8df62-709b-5507-ae2c-f3a9a742a6dc,d70c3e77-52f2-56e0-a3ba-ae0b1c5100ae,30,30,ክፉ ሥራ ሁሉ ቅሚያና ትዕቢት፥ ስስትም በአሳባቸው የተዘጋጀ ነው።
ed2d59e7-a9c8-548d-ad1e-16302d331bea,c4a8df62-709b-5507-ae2c-f3a9a742a6dc,d70c3e77-52f2-56e0-a3ba-ae0b1c5100ae,31,31,ስለዚህም እግዚአብሔር ቸል አላቸው፤ ከተሞቻቸውንም ገለበጣቸው፤ እስከ መሠረታቸው ድረስ በእሳት ያቃጠላቸውም አሉ፤ እስከ ዘለዓለም ድረስ ፈጽመው ጠፉ እንጂ ከእነርሱ አንድ ስንኳ አልቀረም።
339ec236-9718-56d1-a911-7c7d76a629a7,c4a8df62-709b-5507-ae2c-f3a9a742a6dc,d70c3e77-52f2-56e0-a3ba-ae0b1c5100ae,32,32,በኀጢአት ታስረዋልና የዘለዓለም ፍርድ እስከሚሰጥባት እስከ ታላቋ የፍርድ ቀን ድረስ ይቈያሉ፤ በክፉ ሥራቸውም አሳዝነውኛልና አልምራቸውም፤ ይቅርም አልላቸውም።
37460f79-8471-52d6-a2bb-48e5726c4acf,c4a8df62-709b-5507-ae2c-f3a9a742a6dc,d70c3e77-52f2-56e0-a3ba-ae0b1c5100ae,33,33,እኔም ቸል አልኋቸው፤ እንደዚሁም አንቺ ጐስቋላ የኢየሩሳሌም ልጅ፥ በፍርድ ቀን እንደ እነርሱ ትታሰሪያለሽ፤ ሥራሽ ሁሉ ቅሚያና ኀጢአት፥ ዝሙትና ስስት፥ ሐሰት መናገርም፥ እኔም የማልወደው የስሕተትና የድጥ መንገድ ስለ ሆነ ተቈጥቼ በያዝሁሽ ጊዜ ምክንያት አታገኝምና።
46b15183-b8cf-529c-a366-4a4617809a5e,c4a8df62-709b-5507-ae2c-f3a9a742a6dc,d70c3e77-52f2-56e0-a3ba-ae0b1c5100ae,34,34,እኔ ለክብር አድርጌሽ ነበር፤ አንቺ ግን ራስሽን ለውርደት አደረግሽ፤ እኔ ለእኔ ብዬሽ ነበር፤ አንቺ ግን ለሌላ ሆንሽ።
69a6363a-55e7-5d7e-ac45-b19c9de236f2,c4a8df62-709b-5507-ae2c-f3a9a742a6dc,d70c3e77-52f2-56e0-a3ba-ae0b1c5100ae,35,35,እኔ ለቅድስና አጭችሽ ነበር፤ አንቺ ግን ለዲያብሎስ ሆንሽ፤ እኔም እንደ ሥራሽ ክፋት እበቀልሻለሁ።
39a1d016-70dc-5bd3-a852-debfb1a129e7,c4a8df62-709b-5507-ae2c-f3a9a742a6dc,d70c3e77-52f2-56e0-a3ba-ae0b1c5100ae,36,36,ቃሌን ሁሉ ስላልሰማሽ፥ በወደድሁሽም ጊዜ ያዘዝሁሽን ትእዛዝ ስላልጠበቅሽ የፈጠርሁሽ እግዚአብሔር እኔ ነኝና ክፉ በቀልን አበዛብሻለሁ፤ እንደ አንቺ ባሉ በኃጥኣንም ሁሉ ላይ እቈጣለሁ፤ እንደ ክፋታቸውም በፍርድ ቀን እከፍላቸዋለሁ።
e03e2d02-3b7a-5450-a619-fa1af00efd35,c4a8df62-709b-5507-ae2c-f3a9a742a6dc,d70c3e77-52f2-56e0-a3ba-ae0b1c5100ae,37,37,ቃሌንም አልጠበቅሽምና፥ ፍርዴንም ቸል ብለሻልና አንቺንም ከእነርሱ ጋር እቀጣሻለሁ።
bb9f8a3c-90d3-57ca-a470-e657655b5bad,c4a8df62-709b-5507-ae2c-f3a9a742a6dc,d70c3e77-52f2-56e0-a3ba-ae0b1c5100ae,38,38,በልቡናችሁ እግዚአብሔርን መፍራት የሌላችሁ፥ ሰዶምና ገሞራ፥ ወዮላችሁ።
27d0eb1e-5dc6-5aa1-aedc-1b15884efd35,c4a8df62-709b-5507-ae2c-f3a9a742a6dc,d70c3e77-52f2-56e0-a3ba-ae0b1c5100ae,39,39,በእሳተ ገሃነም ካንቺ ጋራ በአንድነት የሚፈረድባት እኅትሽ የኢየሩሳሌም ልጅ እንደዚሁ ወዮላት! ለዘለዓለሙ መውጫ ወደሌለበት ወደ ተዘጋጀው ወደ ገሃነም በአንድነት ትወርዳላችሁና ያንቺን ሥራ የሠሩ ሁሉ ወዮላቸው።
e45516c7-847e-58eb-ae66-2dd82e7dca0b,c4a8df62-709b-5507-ae2c-f3a9a742a6dc,d70c3e77-52f2-56e0-a3ba-ae0b1c5100ae,40,40,ቃሌንና ትእዛዜን አልጠበቃችሁምና ቃሌንና ትእዛዜን ያልጠበቃችሁ አንቺና እርሷ በፍርድ ቀን በአንድነት ወደ ሲዖል ትወርዳላችሁ።
caa1911a-d9c9-5792-a398-17fc7d38e520,c4a8df62-709b-5507-ae2c-f3a9a742a6dc,d70c3e77-52f2-56e0-a3ba-ae0b1c5100ae,41,41,ቃሌንና ትእዛዜን የጠበቁ ጻድቃን ግን ኃጥኣን ያደለቡትን ይበላሉ፤ ክፉዎች ሰዎች የማረኩትንም ምርኮ እግዚአብሔር እንደ አዘዘ ደጋጎች ይካፈላሉ፤ ጻድቃንና ደጋጎችም ደስ ይላቸዋል። ሐሤትንም ያደርጋሉ።
3ffd950a-88ca-5357-a195-853dc56b58dc,c4a8df62-709b-5507-ae2c-f3a9a742a6dc,d70c3e77-52f2-56e0-a3ba-ae0b1c5100ae,42,42,በደለኞችና ኃጥኣን ግን ያለቅሳሉ፤ ከትእዛዜ ወጥተው ስለ በደሉት በደላቸው ሁሉ ያዝናሉ።
215aca3b-c414-5e44-aa74-7329c5f02a7f,c4a8df62-709b-5507-ae2c-f3a9a742a6dc,d70c3e77-52f2-56e0-a3ba-ae0b1c5100ae,43,43,ቃሌን የሚጠብቅ፥ በትእዛዜም የሚሔድ በረከቴን የሚያገኝ፥ በእኔ ዘንድም የሚከብር እርሱ ነው።
518dd80e-53d0-5c1d-ab78-762966a664d6,c4a8df62-709b-5507-ae2c-f3a9a742a6dc,d70c3e77-52f2-56e0-a3ba-ae0b1c5100ae,44,44,ቃሌን የሚጠብቅ፥ ትእዛዜንም የሚያደርግ የምድርን በረከት ይበላል፤ ደጋጎችና ቅኖች ነገሥታት ወደሚገቡበትም ገብቶ ይኖራል።
03e8b3b9-f43e-5a91-af62-2abc0650a204,e9126649-cdfb-5cd6-ab12-8b20285524d1,3bf514d4-0da8-521a-a0f0-8a328820ec42,1,1,በቍጣዬ በያዝኋቸው ጊዜ ይዋረዳሉና፥ ይቀሠፋሉምና ዛሬ ራሳቸውን ለሚያስታብዩ ለጢሮስና ለሲዶና፥ ለይሁዳ ሀገር አውራጃዎችም ሁሉ ወዮላቸው።
81e1f62b-de79-5733-a643-6f85b3b3a3cc,e9126649-cdfb-5cd6-ab12-8b20285524d1,3bf514d4-0da8-521a-a0f0-8a328820ec42,2,2,እግዚአብሔር እንዲህ አለ፥ “ትዕቢተኛና ኵራተኛ የጥፋት ልጅ፥ የጽድቅ ጠላት አንገቱን የሚያደነድን፥ የሚመካና ፈጣሪውን የማያውቅ ከእነርሱ ይወጣልና፥ ሁሉን የሚገዛ እግዚአብሔር በእርሱ ላይ ኀይሌን እገልጽ ዘንድ ለቍጣዬ አምሳል አደረግሁት” ብሎአልና።
6436a917-b34a-50e7-aeb1-265175d00fcd,e9126649-cdfb-5cd6-ab12-8b20285524d1,3bf514d4-0da8-521a-a0f0-8a328820ec42,3,3,ይህቺም ቅፍርናሆም፥ ሰማርያና ገሊላ፥ ሶርያና ደማስቆ፥ ቆጵሮስና አካይያ፥ የዮርዳኖስም አውራጃ አሕዛብ ሁሉ፥ አንገታቸውን ያደነደኑ፥ በልማዳቸው የሚሄዱ፥ የሞት ጥላና ጨለማም የሸፈናቸው ናቸው፤ ዲያብሎስ ልቡናቸውን ሸፍኖታልና፥ ለዚያም ለትዕቢተኛ ይታዘዙለታልና እግዚአብሔርን ወደ መፍራት አይመለሱም።
21f02a25-3eca-519a-a5b5-ac9bef941153,e9126649-cdfb-5cd6-ab12-8b20285524d1,3bf514d4-0da8-521a-a0f0-8a328820ec42,4,4,ለርኩሳን ለሚታዘዙላቸው፥ በስማቸውም መሥዋዕት ለሚሠዉላቸው ያንጊዜ ወዮላቸው! የፈጠራቸው እግዚአብሔርን ክደውታልና፥ አእምሮ የሌላቸው እንስሳትን ይመስላሉ፤ ያ ዝንጉ የጥፋት ልጅ በቦታው ሁሉ ምስሉን ያቆማልና በእጁ ሥራና በልቡ ፍላጎት፥ በቅሚያና በኀጢአትም ሁሉ፥ በክዳትና በበደልም፥ በቅሚያና ሰው በሚሠራው ዝሙት ሁሉ፥ በሐሰት ነገርም ደስ ይለዋል።
a7bb523f-ae11-51a6-a6fc-da561809f896,e9126649-cdfb-5cd6-ab12-8b20285524d1,3bf514d4-0da8-521a-a0f0-8a328820ec42,5,5,ይህን እንዲሠራው በእግዚአብሔር ዘንድ የተቈጠረ ስለ ሆነ እንዲህ እንዲያደርግ በዘመኑ ይታወቃልና።
8c8f087c-87f4-5ada-a748-8d15eedf513d,e9126649-cdfb-5cd6-ab12-8b20285524d1,3bf514d4-0da8-521a-a0f0-8a328820ec42,6,6,ፀሐይ ትጨልማለች፤ ጨረቃም ደም ትሆናለች፤ ከዋክብትም ከሰማይ ይወድቃሉ፤ በውስጥዋ በሚኖሩ ሰዎች በእጃቸው ሥራ መጠን ምድርንና በውስጧም ያለውን ሁሉ ያሳልፍ ዘንድ በኋለኛው ዘመን በሚመጣው ተአምር ሥራው ሁሉ ይጠፋል፤
2f198f81-352e-5702-a8fa-91da88410bce,e9126649-cdfb-5cd6-ab12-8b20285524d1,3bf514d4-0da8-521a-a0f0-8a328820ec42,7,7,እግዚአብሔር በፈጠረው ፍጥረት ላይ ኰርትዋልና፥ በአንድ ሰዓትም እንደ ወደደ አድርጓልና፥ የኋለኛውን ጠላት ሞት ይሽረዋል።
c6c763c6-ef8c-5376-a170-890188adab38,e9126649-cdfb-5cd6-ab12-8b20285524d1,3bf514d4-0da8-521a-a0f0-8a328820ec42,8,8,ሁሉን የሚገዛ እግዚአብሔር “እኔ እበቀላለሁ” ብሏልና ከዚያ በኋላ ሥልጣን የለውም።
e83c7b28-9e86-54b5-a648-fe54f14da583,e9126649-cdfb-5cd6-ab12-8b20285524d1,3bf514d4-0da8-521a-a0f0-8a328820ec42,9,9,እርሱም በቍጣዬ በተያዘበት ቀን ተጠብቆለት ወደ አለ ወደ መቅሠፍትና ወደ ፍርድም ይወርዳል፤ ከእርሱ ጋር ያሉትን ሁሉ ወደ ጥፋት፥ ወደ መከራና ወደ ክሕደት ይስባልና፥ ከገሃነም ፍርድ የማወጣና የማገባ እኔ ነኝና፥
a811a75a-ffcf-56c6-af10-f740fded20b2,e9126649-cdfb-5cd6-ab12-8b20285524d1,3bf514d4-0da8-521a-a0f0-8a328820ec42,10,10,እርሱ ለደከሙ ሰዎች ጽናትንና ኀይልን ይሰጣልና፥ ዳግመኛም ለኀይለኞችና ለጽኑዓን ሰዎች ድካምን ይሰጣልና ኀይለኛ በኀይሉ አይመካ።
ab3c32fb-1738-5955-a538-5811b8f2ddf1,e9126649-cdfb-5cd6-ab12-8b20285524d1,3bf514d4-0da8-521a-a0f0-8a328820ec42,11,11,እርሱ እግዚአብሔር ገዢ ነውና፥ የሚበድሉትንም ሰዎች ከሚበድሏቸው ሰዎች እጅ ፈርዶ ያድናቸዋልና የባልቴቶችንና የሙት ልጆችን በቀል ይመልሳል።
51c27952-df0e-522a-aa5d-b0cbf255ae7a,e9126649-cdfb-5cd6-ab12-8b20285524d1,3bf514d4-0da8-521a-a0f0-8a328820ec42,12,12,ለምትመኪ፥ አንገትሽንም ለምታደነድኚ ለአንቺ ወዮልሽ፤ በቍጣዬ የማልይዝሽና የማልበቀልሽ፥ ይመስልሻል፤ እንዲህ ተብሎ እንደ ተነገረ፥ “በጧት የሚወጣ የአጥቢያ ኮከብ ከሰማይ ለምን ወደቀ?
ef7704ee-3938-5283-ae18-bbb550f695f6,e9126649-cdfb-5cd6-ab12-8b20285524d1,3bf514d4-0da8-521a-a0f0-8a328820ec42,13,13,በትዕቢቱና በትምክሕቱ ዙፋኔን በሰማያትና በከዋክብት ላይ እዘረጋለሁ፤ እንደ ልዑልም እሆናለሁ” ብሏልና።
db0e8271-1297-5cff-a793-2aa57cf27c26,e9126649-cdfb-5cd6-ab12-8b20285524d1,3bf514d4-0da8-521a-a0f0-8a328820ec42,14,14,ይኸንም በትዕቢትህ ደፍረህ ተናገርህ፤ በእጁ የፈጠረህንና የሠራህን እግዚአብሔርንም አላሰብኸውም፤ በልቡናህ ጽናት ወደ ገሃነም ትወርድ ዘንድ አንተ ራስህን ለምን ከፍ ከፍ አደረግህ?
d7496480-3875-5fa9-aed2-e9693ba38e34,e9126649-cdfb-5cd6-ab12-8b20285524d1,3bf514d4-0da8-521a-a0f0-8a328820ec42,15,15,እንደ አንተም ከአሉ መላእክት ሁሉ በትዕቢትህ ተዋረድህ፤ እነርሱ በልብ ትሕትና ፈጣሪያቸውን ያመሰግኑታልና፥ ከትእዛዙም አይወጡምና የፈጠራቸውና የሠራቸውም እርሱ እንደ ሆነ አውቀዋልና፥ ከትእዛዙም እንዳይወጡና እንዳይተላለፉ ሕሊናቸውን ጠበቁ።
b7c61e8f-2dd1-597e-a1f4-ccd0dc2b4a1a,e9126649-cdfb-5cd6-ab12-8b20285524d1,3bf514d4-0da8-521a-a0f0-8a328820ec42,16,16,አንተ ግን በልቡናህ ትዕቢት ክፉን አደረግህ፤ ከጓደኞችህም ተለይተህ የተዋረድህ ሆንህ፤ እንደ አንተ ያሉ ኃጥኣንና ከአንተ ፍጥረት ወገን የሆኑ፥ እንደ አንተም የሚክዱ ዝንጉዎች ለሚኖሩበት ኀጢአትና በደል፥ ሽንገላና ቅሚያ ሁሉ አንተ ጠባቂው ነህና ክፋትን የምታስተምራቸው፥ በፈቃድህና በትእዛዝህ ይሔዳሉ።
c5ea3162-a724-5220-a68b-1c3f815cfd51,e9126649-cdfb-5cd6-ab12-8b20285524d1,3bf514d4-0da8-521a-a0f0-8a328820ec42,17,17,አንተና በተንኰልህ ያሳትሃቸው በአንድነት ወደ ገሃነም ትወርዳላችሁና ወዮልህ።
cbef0f31-dc9f-5140-aad4-3275c02bbdeb,e9126649-cdfb-5cd6-ab12-8b20285524d1,3bf514d4-0da8-521a-a0f0-8a328820ec42,18,18,በሚያስት በዚያ በወንጀለኛ የሳታችሁ የእግዚአብሔር ልጆች ሆይ፥ ወዮላችሁ! እርሱና አጋንንቱ በአስተማሯችሁ እንደ እርሱ ስታችኋልና ለዘለዓለም መውጫ ወደሌለበት መቅሠፍት በአድነት ትወርዳላችሁ።
9d6bef0b-c99d-5885-afe5-6ca2e6e35c9b,e9126649-cdfb-5cd6-ab12-8b20285524d1,3bf514d4-0da8-521a-a0f0-8a328820ec42,19,19,ቀድሞም የእግዚአብሔር ባሪያ ሙሴ ሳለ በኮሬብና በክርክር ውኃ፥ በደብረ ሲናና በአማሌቅ አሳዘናችሁት።
03cb0721-ce94-549a-a9d0-a5adf6930d50,e9126649-cdfb-5cd6-ab12-8b20285524d1,3bf514d4-0da8-521a-a0f0-8a328820ec42,20,20,ዳግመኛም ወደ ከነዓን ጕበኛ በላካችሁ ጊዜ ጎዳናው ሩቅ ነው፤ እስከ ሰማይ የሚደርስ ቅጽራቸውም፥ አንባቸውም ጽኑ ነው፤ አርበኞችም በዚያ ይኖራሉ ብለው ይህን በነገሩአችሁ ጊዜ የሚያስጨንቅ ሥራ ወደምትሠሩበት ወደ ግብፅ ሀገር ትመለሱ ዘንድ ተቈጥታችሁ በእግዚአብሔር ቃል ዐመፃችሁ።
c8621241-0176-5884-a818-408a367d587a,e9126649-cdfb-5cd6-ab12-8b20285524d1,3bf514d4-0da8-521a-a0f0-8a328820ec42,21,21,ከመከራው ያዳናችሁን፥ በግብፅም ታላላቅ ተአምራትን አድርጎ በመልአኩ እጅ የመራችሁን እግዚአብሔርን አላሰባችሁትም። ፀሐይ እንዳያቃጥላችሁ ቀን በደመና ይጋርዳችሁ ነበር፥ እግራችሁም በጨለማ እንዳይሰናከል ዐምደ እሳት በሌሊት ያበራላችሁ ነበር።
fd741ac7-12e5-5d91-afcb-fa680442fa36,e9126649-cdfb-5cd6-ab12-8b20285524d1,3bf514d4-0da8-521a-a0f0-8a328820ec42,22,22,ሠራዊቱና ፈርዖንም ባስፈሯችሁ ጊዜ ፈጽማችሁ ወደ ሙሴ ጮኻችሁ፤ ሙሴም ፈጽሞ ወደ እግዚአብሔር ጮኸ፤ ከፈርዖንም ሠራዊት ጋር እንዳትገናኙ በመልአኩ ጠበቃችሁ።
f5f9f809-ade2-5807-a594-12ef0d532bc8,e9126649-cdfb-5cd6-ab12-8b20285524d1,3bf514d4-0da8-521a-a0f0-8a328820ec42,23,23,እነርሱን ግን በመከራ መለሳቸው። “እግዚአብሔር ብቻውን መራቸው፤ ከእነርሱም ጋር ሌላ አምላክ አልነበረም” ብሏልና። ጠላቶቻቸውን ግን አንድ ጊዜ በባሕር ቀበራቸው፤ ከእነርሱም የሚሸሸውን አላስቀረም።
be9fcac1-4fe7-5757-a51f-461e31ad3704,e9126649-cdfb-5cd6-ab12-8b20285524d1,3bf514d4-0da8-521a-a0f0-8a328820ec42,24,24,እስራኤልንም በባሕሩ መካከል በእግር አሻገራቸው። ከግብፃውያንም የተነሣ ያገኛቸው ክፋት ምንም የለም። ወደ ደብረ ሲናም አደረሳቸው፤ በዚያም አርባ ዘመን መናውን መገባቸው።
4bf7fecf-e18d-55ec-a072-fda6ddbe3283,e9126649-cdfb-5cd6-ab12-8b20285524d1,3bf514d4-0da8-521a-a0f0-8a328820ec42,25,25,የእስራኤል ልጆች እግዚአብሔርን ሁልጊዜ ያሳዝኑታልና ይህን ያህል መልካምን አድርጎላቸው እግዚአብሔርን ማምለክን ቸል አሉ።
08b49ecc-1819-5617-ae9c-515ee0293cba,e9126649-cdfb-5cd6-ab12-8b20285524d1,3bf514d4-0da8-521a-a0f0-8a328820ec42,26,26,ከልጅነታቸውም ጀምሮ እስኪያረጁ ድረስ ክፋትን በልቡናቸው አኖሩ። የእግዚአብሔር አንደበት በአበው የትውልድ መጽሐፍ እንደዚህ ብሎ ተናግሯልና፤ “የአዳም ልጆች ልቡናቸው ዐመድ ነው፤ ሥራቸውም ሁሉ ወደ ቅሚያና ወደ ክፋት መሮጥ ነው፤ ከእነርሱም በግፍ የሰውን ገንዘብ ከመሰብሰብ፥ በሐሰትም ከመማል፥ ባልንጀራውንም ከመግደል፥ ከመቀማትና ከመስረቅ በቀር የቀናች ሥራን የሚወዳት የለም።
500617f1-6234-58ab-a6c5-bf91cf2ac6b9,e9126649-cdfb-5cd6-ab12-8b20285524d1,3bf514d4-0da8-521a-a0f0-8a328820ec42,27,27,ሁሉም በሕይወት ዘመናቸው ወደዚህ ክፋት ይሄዳሉ፤” የእግዚአብሔርን ትእዛዝ ያፈረሱ የእስራኤል ልጆችም ከመጀመሪያ እስከ መጨረሻ ድረስ እግዚአብሔርን ፈጽመው አሳዘኑት።
de71609a-8bf9-5bb8-afdc-186a2169d21c,f790acef-7b25-5340-a1a1-b648fb3bb252,4fc99cc6-5432-5fd1-a90e-ea07b46a05e5,1,1,እግዚአብሔርም የቀደሙ ወገኖችን ስለ ቃየን ልጆች ኀጢአት በጥፋት ውኃ በቀጣቸው ጊዜ ምድርን በማየ አይኅ አጠመቃት፤ ከቃየን ልጆች ኀጢአትም ሁሉ አነጻት።
9a6bdc79-e9e7-5815-a1e8-09eb7cd71f54,f790acef-7b25-5340-a1a1-b648fb3bb252,4fc99cc6-5432-5fd1-a90e-ea07b46a05e5,2,2,“ሰውን ስለ ፈጠርሁት አዘንሁ” ብሏልና በደለኞችን ሁሉ አጠፋ። ከስምንት ሰዎችም በቀር አላስቀረም፤ ሁሉንም አጠፋ። ከዚህም በኋላ እነርሱን አባዛቸው፤ ምድርንም መሏት፤ የአባታቸው የአዳምንም ርስት ተካፈሉ።
35f90359-47ad-589b-a775-961b44d565d6,f790acef-7b25-5340-a1a1-b648fb3bb252,4fc99cc6-5432-5fd1-a90e-ea07b46a05e5,3,3,ኖኅ ግን እግዚአብሔር ምድርን ዳግመኛ በጥፋት ውኃ እንዳያጠፋት ከእግዚአብሔር ጋር ቃል ኪዳን አደረገ፤ የኖኅም ልጆች የሞተውንና የበከተውን እንዳይበሉ፥ ከፈጠራቸው ከእግዚአብሔርም በቀር ሌሎች አማልክትን እንዳያመልኩ፥ እርሱም አምላካቸው ይሆናቸው ዘንድ፥ በከንቱም አንድ ጊዜ እንዳያጠፋቸው፥ የሳተኑንና የበልጉንም ዝናም እንዳይከለክላቸው፥ ለከብቶችና ለሰዎችም በየጊዜው ምግባቸውን ይሰጣቸው ዘንድ፥ ሣሩንና የእህሉን ፍሬ፥ ተክሉንም ይሰጣቸው ዘንድ፥ እነርሱም እግዚአብሔር በሚወደው ሁሉ ሥራቸውን ያሣምሩ ዘንድ ቃል ኪዳን አደረጉ።
4ca3490f-08fd-50b7-ac03-596da7569ae8,f790acef-7b25-5340-a1a1-b648fb3bb252,4fc99cc6-5432-5fd1-a90e-ea07b46a05e5,4,4,ይኸንም ሥርዐት ከሰጣቸው በኋላ የእስራኤል ልጆች በክፋታቸው እግዚአብሔርን አሳዘኑት። የፈጣሪያቸውን የእግዚአብሔርን ሕግ እንዳላፈረሱ እንዳባቶቻቸው እንደ አብርሃምና እንደ ይስሐቅ፥ እንደ ያዕቆብም አልሔዱም።
cb2c3eb6-dc92-567b-a7c6-5050d74fecf4,f790acef-7b25-5340-a1a1-b648fb3bb252,4fc99cc6-5432-5fd1-a90e-ea07b46a05e5,5,5,ከታናናሾቹም ጀምረው እስከ ታላላቆቹ ድረስ የእግዚአብሔርን ሕጉን ያልጠበቁ እነዚያ የእስራኤል ልጆች በሥራቸው ጠማሞች ነበሩ።
e56ad870-3bbb-5a4c-a489-18af54fa5576,f790acef-7b25-5340-a1a1-b648fb3bb252,4fc99cc6-5432-5fd1-a90e-ea07b46a05e5,6,6,ካህናቶቻቸውም፥ አለቆቻቸውም፥ ጸሓፊዎቻቸውም ቢሆኑ ሁሉም የእግዚአብሔርን ሕግ ያፈርሳሉ።
13979eb6-b6a3-58c7-a917-17f72fe9a764,f790acef-7b25-5340-a1a1-b648fb3bb252,4fc99cc6-5432-5fd1-a90e-ea07b46a05e5,7,7,ሙሴም በሕጉ መጽሐፍ እንዲህ ብሎ ባዘዛቸው በችግዚአብሔር ሕግና ሥርዐት አይጸኑም። “በፍጹም ልብህና በፍጹም ነፍስህ ፈጣሪህ እግዚአብሔርን ውደደው፤
be1d7cc7-90b6-512f-ae76-28730c43f164,f790acef-7b25-5340-a1a1-b648fb3bb252,4fc99cc6-5432-5fd1-a90e-ea07b46a05e5,8,8,ባልንጀራህን እንደ ራስህ ውደድ፤ ሌሎች አማልክትን አታምልክ፤ ወደ ጐልማሳ ሚስትም አትሂድ፤ ነፍስ አትግደል፤ አትስረቅም።
de268517-f481-59c8-abb5-8da5a7be7652,f790acef-7b25-5340-a1a1-b648fb3bb252,4fc99cc6-5432-5fd1-a90e-ea07b46a05e5,9,9,በሐሰትም አትመስክር፤ የባልንጀራህንም ገንዘብ፥ ወንድምህ የገዛውንም ሁሉ አህያውንም ቢሆን፥ በሬውንም ቢሆን አትመኝ።”
615c8abb-9339-5061-af3a-0045abcc2e4f,f790acef-7b25-5340-a1a1-b648fb3bb252,4fc99cc6-5432-5fd1-a90e-ea07b46a05e5,10,10,ነገር ግን ይኸን ሁሉ ካዘዛቸው በኋላ ክፉዎች የሆኑ የእስራኤል ልጆች ወደ ኀጢአትና ወደ ክዳት፥ ወደ በደልና ወደ ቅሚያ፥ ወደ ጐልማሳ ሚስትና ወደ መስረቅም፥ ወደ ሐሰትና ጣዖቶችን ወደ ማምለክ ይመለሳሉ።
c7b7727e-e547-5f4b-af9e-3e24adfc17e8,f790acef-7b25-5340-a1a1-b648fb3bb252,4fc99cc6-5432-5fd1-a90e-ea07b46a05e5,11,11,የእስራኤል ልጆች ወደ ሣር የሚሠማራ የላምን ጣዖት በመሥራት በኮሬብ እግዚአብሔርን አሳዘኑት፤ “እነሆ፥ ከግብፅ ያወጡን አማልክቶቻችን እነዚህ ናቸው” ብለው ሰገዱ።
5183099c-167e-536e-a322-82fe1107d876,f790acef-7b25-5340-a1a1-b648fb3bb252,4fc99cc6-5432-5fd1-a90e-ea07b46a05e5,12,12,በእጃቸውም ሥራ ደስ አላቸው፤ በሉ፥ ጠጡ፤ ጠገቡም፤ ሊዘፍኑም ተነሡ።
682590a5-bd2d-537d-a407-115ba87fdcf9,f790acef-7b25-5340-a1a1-b648fb3bb252,4fc99cc6-5432-5fd1-a90e-ea07b46a05e5,13,13,ስለዚህ እግዚአብሔር “ከግብፅ ሀገር ከባርነት ቤት ያወጣሃቸው ወገኖችህ በደሉ፥ ሳቱም፤ የላም ምስልም ሠርተው ለጣዖቱ ሰገዱ” ብሎታልና ሙሴ ተቈጥቶ ከሲና ተራራ ወረደ።
2055c80c-8959-56b1-ab22-3074260cf02c,f790acef-7b25-5340-a1a1-b648fb3bb252,4fc99cc6-5432-5fd1-a90e-ea07b46a05e5,14,14,ሙሴም ወገኖቹን እየተቈጣቸው ከባለሟሉ ከኢያሱ ጋራ ወረደ፤ ኢያሱም በሰማ ጊዜ “እነሆ፥ በእስራኤል ሰፈር ያርበኞችን ድምፅ እሰማለሁ” አለ።
84d6cf1b-1297-59fe-a9ce-6b11d1126c62,f790acef-7b25-5340-a1a1-b648fb3bb252,4fc99cc6-5432-5fd1-a90e-ea07b46a05e5,15,15,ሙሴም ኢያሱን እንዲህ አለው “ያልፈላ የወይን ጠጅ ድምፅ እንጂ ያርበኛስ ድምፅ አይደለም።” ወርዶም ምስላቸውን ሰበረው፤ እንደ ትቢያም እስኪሆን ድረስ ፈጽሞ አደቀቀው፤ የእስራኤልም ልጆች በተራራው አጠገብ በሚጠጡት ውኃ ውስጥ ጨመረው።
8d6116ab-ea85-509c-a020-5139afb358ad,f790acef-7b25-5340-a1a1-b648fb3bb252,4fc99cc6-5432-5fd1-a90e-ea07b46a05e5,16,16,ከዚህ በኋላ በእግዚአብሔር ፊት ክፉ ስለ አደረጉ እርስ በርሳቸው ይጋደሉ ዘንድ ሌዋውያንን አዘዛቸው።
8b187d9b-53d8-5995-a36f-819797f2b7c3,f790acef-7b25-5340-a1a1-b648fb3bb252,4fc99cc6-5432-5fd1-a90e-ea07b46a05e5,17,17,ራሳቸውን ከመግደል፥ ዘመዶቻቸውንና አባቶቻቸውንም ከመግደል እግዚአብሔርን መገዳደር እንደሚበልጥ ዐውቀው እንዳዘዛቸው አደረጉ።
c4d07e97-6dd0-5cc9-a391-a4d5cb25ad57,f790acef-7b25-5340-a1a1-b648fb3bb252,4fc99cc6-5432-5fd1-a90e-ea07b46a05e5,18,18,ስለዚህም ሙሴ እንዲህ አላቸው፥ “የመገባችሁንና የተከባከባችሁን፥ ከአገዛዝም ቤት የአወጣችሁን፥ ለእነርሱና ከእነርሱ በኋላ ለልጆቻቸው ይሰጣቸው ዘንድ ላባቶቻችሁ የማለላቸው ርስትንም ያወረሳችሁ እግዚአብሔርን ስላሳዘናችሁት በእጃችሁ እግዚአብሔርን ደስ አሰኛችሁት።”
1a431cbb-4c30-56b6-a542-5e294e2ec0dd,f790acef-7b25-5340-a1a1-b648fb3bb252,4fc99cc6-5432-5fd1-a90e-ea07b46a05e5,19,19,ከዚያም ወደ ኀጢአትና ወደ ክፉ ነገር ይሄዳሉና እግዚአብሔርን ማሳዘንን አልተዉም።
6a7ff471-be13-575d-a0a1-e650bf2e8a2a,f790acef-7b25-5340-a1a1-b648fb3bb252,4fc99cc6-5432-5fd1-a90e-ea07b46a05e5,20,20,ከሕፃንነታቸው ጀምረው እስከ ጐልማሳነታቸውና እስከ እርጅናቸው ድረስ በምድር ላይ ያለውን፥ በሰማይም ለሚወዱት ያዘጋጀውን ይሰጣቸው ዘንድ በበጎ ሥራቸው እግዚአብሔርን ደስ እንዳሰኙት እንዳባቶቻቸው እንደ አብርሃምና እንደ ይስሐቅ እንደ ያዕቆብም አይደሉም፤ በዚህም ወተትና ማር የምታፈስሰውን ምድረ ርስትን፥ በወዲያውም ዓለም ለጻድቃን የተዘጋጀች የደስታ ገነትን፥ ዐይን ያላየውን፥ ጆሮም ያልሰማውን፥ በሰው ልቡናም ያልታሰበውን፥ እግዚአብሔርን በሕይወታቸው ደስ ላሰኙት ለሚወዱት ለአብርሃምና ለይስሐቅ ለያዕቆብም እግዚአብሔር ያዘጋጀውን ይሰጣቸው ዘንድ፤
23566343-4166-5a7a-a889-24bd83afd770,f790acef-7b25-5340-a1a1-b648fb3bb252,4fc99cc6-5432-5fd1-a90e-ea07b46a05e5,21,21,ከሓድያንና ክፉዎች በልቡናቸው ፈቃድ የሚኖሩ የእነርሱ ልጆች ግን የመገባቸውንና የተከባከባቸውን፥ ከሕፃንነታቸውም ጀምሮ የጠበቃቸውን የእግዚአብሔርን ቃል አልሰሙም።
c30ee482-7368-50c5-ace5-51a65b315ac0,f790acef-7b25-5340-a1a1-b648fb3bb252,4fc99cc6-5432-5fd1-a90e-ea07b46a05e5,22,22,ከግብፅ ምድር ያወጣቸውንና ከጡብ ሥራ፥ ከመራራ አገዛዝም ያዳናቸውን እግዚአብሔርን አላሰቡትም።
34dfd5be-1f41-5da3-ac2a-ab1d25af78dd,f790acef-7b25-5340-a1a1-b648fb3bb252,4fc99cc6-5432-5fd1-a90e-ea07b46a05e5,23,23,እነርሱ ግን እጅግ አሳዘኑት፤ እርሱም በዙሪያቸው ያሉ አሕዛብን ያስነሣባቸው ነበር፤ እነርሱም በጠላትነት እየተነሡ እንደ ወደዱ ያስገብሯቸው ነበር።
c3da9e6e-60ac-5647-aeee-877477365373,476b249f-a738-5891-a129-3aac8fd18d6c,98e61fe9-245e-5860-ad86-aa871f09feaf,1,1,ያንጊዜም የምድያም ሰዎች በጠላትነት ተነሡባቸው፤ እስራኤልንም ይወጓቸው ዘንድ ሠራዊቶቻቸውን አስነሡባቸው፤ የንጉሣቸውም ስሙ አክራንድዮስ ይባላል፤ የሶርያንና የኪልቅያን፥ የደማስቆንም ብዙ ሠራዊት በጧት ሰበሰበ።
be8bcae3-0307-53cf-a6c3-a561f972b1e7,476b249f-a738-5891-a129-3aac8fd18d6c,98e61fe9-245e-5860-ad86-aa871f09feaf,2,2,በዮርዳኖስም ማዶ ሰፈረ፤ እንዲህም ብሎ ወደ እስራኤል መልእክተኞችን ላከ፥ “ግብር ገብሩልኝ፤ ያለዚያ ግን እቀጣችሁ ዘንድ፥ ከብቶቻችሁንም እማርክ ዘንድ፥ ንብረታችሁንም ሁሉ እወስድ ዘንድ፥ ልጆቻችሁንም እማርክ ዘንድ መጣሁ።
abb24e14-3ff2-5a4a-aaf1-fe12992dfdab,476b249f-a738-5891-a129-3aac8fd18d6c,98e61fe9-245e-5860-ad86-aa871f09feaf,3,3,ወደማታውቁትም ሀገር ማርኬ እወስዳችኋለሁ፤ በዚያም ውኃ ቀጂዎችንና እንጨት ለቃሚዎችን አደርጋችኋለሁ።
461e08c6-9d21-54a7-a85b-dbc827fba73b,476b249f-a738-5891-a129-3aac8fd18d6c,98e61fe9-245e-5860-ad86-aa871f09feaf,4,4,እኛ የእግዚአብሔር ወገኖች ነን፤ የሚችለንም የለም እያላችሁ አትመኩ፤ አጠፋችሁ ዘንድ፥ ገንዘባችሁንም እዘርፍ ዘንድ እግዚአብሔር የላከኝ አይደለሁምን? የእናንተ የሆነውንም ሁሉ እሰበስብ ዘንድ ላከኝ።
5b1aa3e0-f4a8-5a03-a738-8c2678cbefa9,476b249f-a738-5891-a129-3aac8fd18d6c,98e61fe9-245e-5860-ad86-aa871f09feaf,5,5,እኔ የቀጣኋቸውን ሌሎች ወገኖች በውኑ ልዩ ጣዖቶቻቸው ያዳኗቸው ማዳን አለን? ገንዘባቸውንና ጥሪታቸውን ማረክሁ፤ እነርሱንም ገደልሁ፥ ልጆቻቸውንም ማረክሁ።
52eaedd9-6cf4-52c5-a6b3-658557365254,476b249f-a738-5891-a129-3aac8fd18d6c,98e61fe9-245e-5860-ad86-aa871f09feaf,6,6,እንደዚሁም አንደ አዘዝኋችሁ ግብር ካላገባችሁልኝ እናንተንም እንደ እነርሱ አደርጋችኋለሁ።” ከብቶቻቸውንና ገንዘባቸውንም ይዘርፍ፥ ሚስቶቻቸውንና ልጆቻቸውንም ይማርክ ዘንድ ዮርዳኖስን ተሻገረ።
bdb7c3fd-15e0-5a4b-a984-8fb4865fe81b,476b249f-a738-5891-a129-3aac8fd18d6c,98e61fe9-245e-5860-ad86-aa871f09feaf,7,7,ከዚህም በኋላ የእስራኤል ልጆች ወደ እግዚአብሔር መራራ ልቅሶን አለቀሱ፤ ፈጽመውም ጮኹ፤ ነገር ግን የሚረዳቸው አጡ።
763b36fa-231a-575a-a254-97f216bf3ded,476b249f-a738-5891-a129-3aac8fd18d6c,98e61fe9-245e-5860-ad86-aa871f09feaf,8,8,ስለዚህም ለሦስቱ ወንድማማቾች እግዚአብሔር ጽናትን ሰጣቸው፤ ስማቸውም እንደዚህ ነው፤ መብክዩስ፥ መቃቢስና ይሁዳ ናቸው። መልካቸው ያማረ፥ በኀይላቸውም ሁሉ አርበኞች ነበሩ።
1cadc686-dcb5-5d44-ae6a-28874f0518a0,476b249f-a738-5891-a129-3aac8fd18d6c,98e61fe9-245e-5860-ad86-aa871f09feaf,9,9,የእስራኤልም ልጆች ፈጽመው ሲያለቅሱ በሰሙ ጊዜ ከእስራኤል ልጆች ሁሉ ጩኸት የተነሣ ልቡናቸውን አሳዘናቸው፤ ባልቴቶችና የሙት ልጆች፥ ካህናቶቻቸውና መሳፍንቶቻቸው፥ የእስራኤል ወገን ሁሉ፥ ሴቶችና ወንዶች ልጆችም ሁሉ በራሳቸው ላይ ዐመድ ነስንሰው ያለቅሱ ነበር፤ መኳንንቶቻቸውም ማቅ ለብሰው ነበር።
a3b9d6e6-e025-5c86-abe4-4470941d837f,476b249f-a738-5891-a129-3aac8fd18d6c,98e61fe9-245e-5860-ad86-aa871f09feaf,10,10,መልከ መልካምና ደመ ግቡ የሆኑ እነዚያ ወንድማማቾች ግን ሔደው ያድኗቸው ዘንድ ተስማሙ፤ “ሔደን ስለ እነዚህ ሰዎች ሰውነታችንን ለሞት እንስጥ” ብለው ተማከሩ።
091ae7a7-8cf8-5fe1-abb2-ebd4e80af30f,476b249f-a738-5891-a129-3aac8fd18d6c,98e61fe9-245e-5860-ad86-aa871f09feaf,11,11,አይዞህ! አይዞህ! ተባብለው፥ በወገባቸው ሰይፋቸውን ታጥቀው፥ በእጃቸውም ጦራቸውን ይዘው ሔዱ፤ አርበኛውንም ይዋጉት ዘንድ ተዘጋጅተው ሔዱ።
5cf8a26a-a66c-517d-a0ed-34e8710da754,476b249f-a738-5891-a129-3aac8fd18d6c,98e61fe9-245e-5860-ad86-aa871f09feaf,12,12,በማዕድም ተቀምጦ ሳለ ደረሱ፤ መብክዩስም አርበኛውን ወጋው፤ ያላመጠውን ሳይውጠው በአንዲት አመታት አንገቱን ቈረጠው፤ ይሁዳና መቃብዩስም በንጉሡ ግራና ቀኝ የነበሩትን በሰይፍ መትዋቸው።
c6a19df0-89fa-5b5d-ad77-cfeccc66eafe,476b249f-a738-5891-a129-3aac8fd18d6c,98e61fe9-245e-5860-ad86-aa871f09feaf,13,13,ንጉሣቸውም በወደቀ ጊዜ ሁሉም ሸሹ፤ ጦሮቻቸውም በባልንጀሮቻቸው ልብ ገቡ፤ ቀስቶቻቸውም ተሰባበሩ፤ እነርሱም ድል ተነሡ።
050c3548-dce2-5283-ab3f-359a79b36743,476b249f-a738-5891-a129-3aac8fd18d6c,98e61fe9-245e-5860-ad86-aa871f09feaf,14,14,መልከ መልካምና ደመ ግቡ የሆኑ እነዚያ ወንድማማቾች ግን ዳኑ፤ ያገኛቸውም ምንም ክፉ ነገር የለም፤ እግዚአብሔርም መቅሠፍቱን ወደ እነርሱ መልሶታልና እነዚያ ክፉዎች እርስ በርሳቸው ተላለቁ።
c9282c62-494e-59aa-ae52-513ba004e6a7,476b249f-a738-5891-a129-3aac8fd18d6c,98e61fe9-245e-5860-ad86-aa871f09feaf,15,15,ድል ተነሡ፤ ሞቱም፤ ዮርዳኖስንም እስኪሻገሩ ድረስ ገንዘባቸውን ሁሉ ጣሉ፤ የእነርሱ የሆነውም ሁሉ ቀረ፤ የእስራኤልም ልጆች እነዚያ እንደ ሸሹና ወደ ሰፈራቸው እንደ ሄዱ ባዩ ጊዜ የዘረፉትን ገንዘብ ለራሳቸው ወሰዱ።
69e3e42a-86da-56ae-a18d-103318a952ca,476b249f-a738-5891-a129-3aac8fd18d6c,98e61fe9-245e-5860-ad86-aa871f09feaf,16,16,እግዚአብሔርም በመብክዩስና በወንድሞቹ እጅ የእስራኤልን ልጆች እንዲህ አዳናቸው።
0efd2e60-d540-54e3-abaa-d5b468995d26,476b249f-a738-5891-a129-3aac8fd18d6c,98e61fe9-245e-5860-ad86-aa871f09feaf,17,17,የእስራኤልም ልጆች እግዚአብሔርን ደስ እያሰኙት ጥቂት ወራት ኖሩ።
4cae85f3-b9f6-544b-af3a-46642931ee6f,476b249f-a738-5891-a129-3aac8fd18d6c,98e61fe9-245e-5860-ad86-aa871f09feaf,18,18,ከዚያ በኋላ ግን ዳግመኛ ወደ ክፋታቸው ተመለሱ፤ የእስራኤልም ልጆች እግዚአብሔርን በሚገባ ማምለክን ቸል አሉ።
893196ed-8d21-5d95-aefb-14b720994802,476b249f-a738-5891-a129-3aac8fd18d6c,98e61fe9-245e-5860-ad86-aa871f09feaf,19,19,እርሱ ግን ዳግመኛ በማያውቋቸው፥ የእርሻቸውን አዝመራ በሚሰበስቡና የወይናቸውን ተክል በሚያጠፉ፥ መንጋቸውንም በሚዘርፉና ከብቶቻቸውን በፊታቸው አርደው በማያበሏቸው፥
36837150-cddd-5cc0-a4f3-295d3eab796f,476b249f-a738-5891-a129-3aac8fd18d6c,98e61fe9-245e-5860-ad86-aa871f09feaf,20,20,ሚስቶቻቸውን፥ ወንዶች ልጆቻቸውንና ሴቶች ልጆቻቸውን በሚማርኩ ወገኖች አሳዘናቸው። ሁልጊዜም እግዚአብሔርን የሚያሳዝኑት ስለ ሆነ እነርሱ ሕጉን ያፈረሱ ወገኖች ናቸውና ልጆቻቸውን በፊታቸው ራስ ራሳቸውን ይቀጠቅጧቸዋል፤ ሊያድኗቸውም አይችሉም።
6418feff-4076-5d56-a98f-24c31d2f5aff,d4b61dc2-d03a-5ab0-a49e-479a1cf0282d,ced26a55-4583-5bb2-a13c-2790aa3384cc,1,1,የጢሮስና የሲዶና ሕዝብ በባሕሩ ዳርቻና በዮርዳኖስ ወንዝ ማዶ ፥ በገለዓድና በካራን፥ በከናኔዎንና በኢያቡሴዎን፥ በጌርጌሴዎንና በኤዶም የሚኖሩ፥ የአማሌቅም ሕዝብ፥
2e0dd729-8589-5525-a575-379de4433d5d,d4b61dc2-d03a-5ab0-a49e-479a1cf0282d,ced26a55-4583-5bb2-a13c-2790aa3384cc,2,2,አሕዛብም ሁሉ በየሀገራቸውና በየነገዳቸው፥ በየሥርዐታቸውና በየአውራጃዎቻቸው፥ በየሀገራቸውም ቋንቋ፥ ሁሉም እግዚአብሔር እንደ ወሰናቸው ይኖራሉ።
57a852f3-892f-50b5-a03f-a3e5977cd484,d4b61dc2-d03a-5ab0-a49e-479a1cf0282d,ced26a55-4583-5bb2-a13c-2790aa3384cc,3,3,ከእነርሱም ሥራቸው ያማረና እግዚአብሔርን የሚያውቁት አሉ።
53b170a9-30de-5bf3-a3ae-a897adcd1633,d4b61dc2-d03a-5ab0-a49e-479a1cf0282d,ced26a55-4583-5bb2-a13c-2790aa3384cc,4,4,ከእነርሱም ሥራቸው ክፉ የሆነ፥ የፈጠራቸው እግዚአብሔርንም የማያውቁት አሉ፤ እንደ ሥራቸውም በሶርያው ንጉሥ በአሜኔሴር እጅ ገዛቸው፤
00a78ccc-6fae-5c7d-a268-6d875fe4282e,d4b61dc2-d03a-5ab0-a49e-479a1cf0282d,ced26a55-4583-5bb2-a13c-2790aa3384cc,5,5,የደማስቆን ገንዘብ ይወስዳልና፥ በግብፁ ንጉሥ ፊትም የሰማርያን ምርኮ ይካፈላልና።
f47a5efb-5cbb-5769-af67-f7c8ed0669da,d4b61dc2-d03a-5ab0-a49e-479a1cf0282d,ced26a55-4583-5bb2-a13c-2790aa3384cc,6,6,የገለዓድ ተራሮችና የጌላቡሄ ሸለቆዎች፥ ሰማርያና በይሁዳ ምድር ያለ ጳንጦስም ሁሉ፥ በዐረብ በሜድና በጳርቴ፥ በሴላውግያና በቀጶዶቅያ ተራሮች የሚኖሩ፥
d2e3c979-10f8-5aa6-ae9c-e305e3e999af,d4b61dc2-d03a-5ab0-a49e-479a1cf0282d,ced26a55-4583-5bb2-a13c-2790aa3384cc,7,7,በአውራጃቸውም የሚኖሩ፥ እግዚአብሔርንም የማያውቁና ትእዛዙን የማይጠብቁ አንገተ ደንዳና ሕዝብ ናቸው።
033c338f-ba1a-5bdd-ab8a-49f3b228fa30,d4b61dc2-d03a-5ab0-a49e-479a1cf0282d,ced26a55-4583-5bb2-a13c-2790aa3384cc,8,8,እርሱም እንደ ሥራቸው ክፋትና እንደ እጃቸው ሥራ ይከፍላቸዋል።
f7b452a8-a85d-5b52-acc5-f55c2a51be3e,d4b61dc2-d03a-5ab0-a49e-479a1cf0282d,ced26a55-4583-5bb2-a13c-2790aa3384cc,9,9,የቂሳርያ አውራጃ፥ የገለዓድና የአማሌቅ ሕዝብ፥ ጽድቅን የተመላች፥ በውስጧም የእስራኤል ቅዱስ፥ በኪሩቤል ሠረገላ ላይ የሚቀመጥ፥ እጅግ የብዙ ብዙ የሆኑ መላእክት በፊቱ የሚቆሙ የሠራዊት ጌታ የሚመሰገንባት የእግዚአብሔርን ከተማ ያጠፏት ዘንድ ተባብረዋልና።
67545b55-3a84-57b4-abb7-bddafdc46897,66f493fc-ef6a-54db-a3cf-45d07ff224ae,ab3e4ec7-35da-515f-ab3e-5a7f76a43cfd,1,1,የኤዶምያስና የአማሌቅ ሠራዊት የሰማይና የምድር አገዛዝ በእጁ ያለ እግዚአብሔርን አያመልኩትም፤ እነርሱ በእውነት የማይሄዱ ወንጀለኞች ናቸውና ቤተ መቅደሱን መርገጥ አይፈሩም።
49b0b26f-1e14-591d-aa56-616582269785,66f493fc-ef6a-54db-a3cf-45d07ff224ae,ab3e4ec7-35da-515f-ab3e-5a7f76a43cfd,2,2,ከዝሙትና ደም ከማፍሰስ አባላ የተመታውንና ሞቶ ያደረውን፥ የሚመስለውንም ሁሉ ከመብላት በቀር በፊታቸው እግዚአብሔርን መፍራት የለም፤ እነዚሁም የተናቁና የረከሱ ናቸው።
7d3203a9-c4e9-54e3-a431-b07158179f56,66f493fc-ef6a-54db-a3cf-45d07ff224ae,ab3e4ec7-35da-515f-ab3e-5a7f76a43cfd,3,3,ሃይማኖትና ምግባር የላቸውም፤ በጎ ሥራን የጠሉ ናቸውና፤ እግዚአብሔርንም አያውቁትም፤ ከክፋትና ከመቀማት፥ ከረከሰ ሥራና ከሁከት ሁሉ በቀር፥ አባታቸው ሰብልያኖስ እንዳስተማራቸው ከዘፈንና ከጨዋታ በቀር የሰላምን መንገድ አያውቋትምና።
1a1535bd-9ab5-5cef-a69f-5c9e14f3c223,66f493fc-ef6a-54db-a3cf-45d07ff224ae,ab3e4ec7-35da-515f-ab3e-5a7f76a43cfd,4,4,እርሱ ከአጋንንቱ ጋር ገዝትዋቸዋልና፥ ለእየራሱ የሆነ የክፉን ሥራ ሁሉ፥ ክፋትንና ቅሚያን፥ የሌላውን ገንዘብ በዐመፅ መንጠቅንና ስርቆትን፥ ሞቶ ያደረውንና አባላ የተመታውን መብላትንና ዝሙትን ያስተምራቸዋል።
d2707ab1-4b23-5af7-a94b-345a71e9508f,66f493fc-ef6a-54db-a3cf-45d07ff224ae,ab3e4ec7-35da-515f-ab3e-5a7f76a43cfd,5,5,ይህንም የሚመስለውን ሁሉ፥ ወደ ጐልማሳ ሚስት መሔድንና፥ ደም ማፍሰስን፥ ለጣዖት የተሠዋውንና ሙቶ ያደረውን መብላትን፥ የሰው ነፍስንም በዐመፅ መግደልን፥ መጠቃቀስንና ምቀኝነትን፥ ስስትንና እግዚአብሔር የማይወድደውን ክፉ ሥራን ሁሉ ያስተምራቸዋል፤ ይህንም ትምህርት ዓለሙን ሁሉ ከያዘ ከእግዚአብሔር መንገድ ያርቃቸው ዘንድ ጠላታቸው ሰብልያኖስ ያመጣላቸዋል።
8350c73a-be0f-55ec-a308-9634cde4b322,66f493fc-ef6a-54db-a3cf-45d07ff224ae,ab3e4ec7-35da-515f-ab3e-5a7f76a43cfd,6,6,የእግዚአብሔር መንገድ ግን ትሕትናና የዋህነት፥ ባልንጀራንም መውደድና ወንድምን አለማበሳጨት፥ ከሰው ሁሉ ጋርም መፋቀርና ሰላም ነው።
e5be603f-7af6-5aa2-ac12-06dea4d9a523,66f493fc-ef6a-54db-a3cf-45d07ff224ae,ab3e4ec7-35da-515f-ab3e-5a7f76a43cfd,7,7,ለሰው ፊት የምታዳሉ፥ ቀማኞችንና ዐመፀኞችን፥ ነጣቂዎችንና ወደ ጐልማሳ ሚስት ሒያጆችን፥ በባልንጀራቸውም ላይ ግፍንና ክፉ ሥራ ሠሪዎችን፥ በዐመፅም ባልንጀራቸውን ይበድሉ ዘንድ የሚሸነግሉ ሰዎችን አትሁኑ።
51e8e67b-1103-5387-afd5-04533ab4bfba,66f493fc-ef6a-54db-a3cf-45d07ff224ae,ab3e4ec7-35da-515f-ab3e-5a7f76a43cfd,8,8,ይጠቃቀሳሉ፤ ራሳቸውንም ይነቀንቃሉ፤ ለክፋትም ይተነኰላሉ፤ ሰዎችንም ወደ ዘለዓለም ፍርድ ያወርዷቸው ዘንድ ለማሳት ያሟርታሉ።
eba32f06-68f1-56c1-a9fe-035af2ce536e,72f21873-f982-5dd2-aba2-d2ef34d978ba,4c773b04-f6be-5db1-a005-bb06725470fe,1,1,ወደ እግዚአብሔር እንደምትሄድ አስብ፤ ሁሉም በእጁ አለ፤ አንተ በሠራኸውም ሥራ ይፈርድብህ ዘንድ በፊቱ ትቆማለህ።
085f2037-2c1f-5098-ac84-9873abdb72d5,72f21873-f982-5dd2-aba2-d2ef34d978ba,4c773b04-f6be-5db1-a005-bb06725470fe,2,2,ቀድሞም እኮ ክፉዎችና ትዕቢተኞች የሆኑ፥ ከእነርሱም የሚበልጥና የሚበረታ የሌለ፥ የረዓይት ልጆች እንደዚሁ ነበሩ፤ ኀይላቸውንና ቁመታቸውን፥ የክንዳቸውንም ብርታት ስለ አዩ እግዚአብሔርን በፊታቸው አላደረጉትም፤ እርሱም ካለመኖር ያመጣቸው ፈጣሪያቸው እንደ ሆነ አላወቁትም።
9b03f635-aaa8-5f6f-ac76-1d8c277ddc66,72f21873-f982-5dd2-aba2-d2ef34d978ba,4c773b04-f6be-5db1-a005-bb06725470fe,3,3,አባቶቻቸውም መላእክት ሳሉ ከመላእክት ጋራ በሰማያት ያመሰግኑ ነበር። ፈቃዳቸውም ባሳታቸው ጊዜ ወደ ዘለዓለም የፍርድ ቅጣት ወረዱ።
ea58c721-2cc3-50ed-ae70-5eb81a5b7473,72f21873-f982-5dd2-aba2-d2ef34d978ba,4c773b04-f6be-5db1-a005-bb06725470fe,4,4,ከሰው ልጆችም ሚስቶችን አገቡ፤ ስለ ልቡናቸው ትዕቢት ያስታቸው ዘንድ፥ ሕጉንና ትእዛዙንም ይጠብቁ እንደ ሆነ ይፈትናቸው ዘንድ እግዚአብሔር የሰው ሥጋን ፈጥሮላቸዋልና።
1740ce57-311a-564d-a99f-4bcda4bd93e4,72f21873-f982-5dd2-aba2-d2ef34d978ba,4c773b04-f6be-5db1-a005-bb06725470fe,5,5,እነርሱ ግን ትእዛዙን አልጠበቁም፤ እርሱም ከአባታቸው ከዲያብሎስ ጋራ ወደ ገሃነመ እሳት አወረዳቸው፤ እግዚአብሔርም እንደ ሰው የበደሉ መላእክትን ተቈጥትዋቸዋልና በእነርሱ ምክንያት የሰው ዘመኑ አነሰ።
b51ee90d-10cf-5226-a661-925041b991e8,72f21873-f982-5dd2-aba2-d2ef34d978ba,4c773b04-f6be-5db1-a005-bb06725470fe,6,6,የአዳምንም ልጆች ከእነርሱ ጋራ ወሰዷቸው፤ በእነርሱም ቅጣት ወደ ሲዖል አወረዷቸው።
5d4d0d79-1661-50db-ad03-99d6978dcee3,72f21873-f982-5dd2-aba2-d2ef34d978ba,4c773b04-f6be-5db1-a005-bb06725470fe,7,7,መላእክት በቃየል ልጆች ስለ ሳቱ የሰው ዘመኑ ተቀንሶአልና፤ ጥንቱን የሰው ዘመኑ ዘጠኝ መቶ ሲሆን ወደ መቶ ሃያ ዘመን ተመለሱ።
92bb6003-0ac6-558d-acfc-83fe8d166243,72f21873-f982-5dd2-aba2-d2ef34d978ba,4c773b04-f6be-5db1-a005-bb06725470fe,8,8,እግዚአብሔርም እንዲህ አለ፥ “እነርሱ ሥጋውያንና ደማውያን ናቸውና መንፈሴ በእነርሱ ላይ አይኖርም።”
95cc5caf-a454-5b2d-a803-997aeb3ed3c7,72f21873-f982-5dd2-aba2-d2ef34d978ba,4c773b04-f6be-5db1-a005-bb06725470fe,9,9,ስለዚህም ዘመናችን ተቀነሰ፤ ዳግመኛም ስለ በደላችንና ስለ ኀጢአታችን ዘመናችን ከቀደሙ አባቶቻችን አንሶአልና ሕፃናት ሳሉ የሚሞቱ አሉ።
bfb5a6fb-9d63-5d4b-ad40-95ff9e2ce509,72f21873-f982-5dd2-aba2-d2ef34d978ba,4c773b04-f6be-5db1-a005-bb06725470fe,10,10,የአባቶቻችን ዘመን ግን ትእዛዙን ስለ ጠበቁ፥ እግዚአብሔርንም ስለ አላሳዘኑት በዝቶ ነበር።
c06005ac-200b-50aa-a971-23203b416a76,72f21873-f982-5dd2-aba2-d2ef34d978ba,4c773b04-f6be-5db1-a005-bb06725470fe,11,11,ያስተምሯቸውም ዘንድ ሴቶች ልጆቻቸውን ገሠጹ፤ የእግዚአብሔርንም ትእዛዝ እንዳይተላለፉ ወንዶች ልጆቻቸውን ገሠጹ።
ce6f86f3-f118-5cf6-a228-1ca93d0279f4,72f21873-f982-5dd2-aba2-d2ef34d978ba,4c773b04-f6be-5db1-a005-bb06725470fe,12,12,ስለዚህም ከወንዶችና ከሴቶች ልጆቻቸው ጋራ የእግዚአብሔርን ትእዛዝ ስላላፈረሱ በእውነት ዘመናቸው በዝቶ ነበር።
924aa14e-57ff-5345-a091-7ee6784344cb,c8b6269e-b0b1-5fe0-aec9-43e63e576d69,9489a65c-5493-52ef-a64b-c44f1ae30b2c,1,1,የቃየን ልጆችም በበዙ ጊዜ በገናንና ከበሮን፥ መሰንቆንና ሳንቲን፥ ጨዋታንና ዘፈንን ሁሉ አደረጉ።
db123fa4-30ec-5414-a1e8-6288352ec75f,c8b6269e-b0b1-5fe0-aec9-43e63e576d69,9489a65c-5493-52ef-a64b-c44f1ae30b2c,2,2,ዳግመኛም መልከ መልካም ነበረችና ስለ እርሷ ብሎ ከገደለው ከጻድቁ ከአቤል ሚስት መልከ መልካሞችና ደመግቡዎች ሴቶች ልጆች ለቃየን ተወለዱለት፤ ወንድሙንም ከገደለው በኋላ እርሷን አገባት፤ ያችም የእርሱ ነበረች።
2054fbaf-17b3-5f28-aac8-f28177e93000,c8b6269e-b0b1-5fe0-aec9-43e63e576d69,9489a65c-5493-52ef-a64b-c44f1ae30b2c,3,3,እነርሱንም ይዞ ከአባቱ ተለይቶ በምዕራብ በኩል ወደ ቄፋዝ ሸለቆዎች ሔደ፤ የዚያች የመልከ መልካምዋ ልጆችም እንደ እናታቸው መልከ መልካሞች ነበሩ።
661891c7-4c7a-51ce-a63f-c3bec6fd60ee,c8b6269e-b0b1-5fe0-aec9-43e63e576d69,9489a65c-5493-52ef-a64b-c44f1ae30b2c,4,4,ስለዚህም መላእክት ወደ ቃየን ልጆች ወረዱ፤ አንዲት ሰዓትም አልቈዩም፥ የመረጧቸውንም ለራሳቸው ሚስቶች አደረጉ።
81440703-a2ff-5426-a06c-6baa7541e58f,c8b6269e-b0b1-5fe0-aec9-43e63e576d69,9489a65c-5493-52ef-a64b-c44f1ae30b2c,5,5,ስለዚህም ስለ ስሕተታቸው ከእነርሱ ጋራ በአንድነት ወደ ስሕተት ወስደውናልና እግዚአብሔር እኛንም፥ እነርሱንም ተቈጣን።
00a0ea2a-ba00-5c91-a134-1100f36f9574,c8b6269e-b0b1-5fe0-aec9-43e63e576d69,9489a65c-5493-52ef-a64b-c44f1ae30b2c,6,6,ዲያብሎስም “እንደ ፈጣሪያችሁ እንደ እግዚአብሔር አማልክት ትሆናላችሁ” ብሎ ሸንግሎ አባታችን አዳምንና እናታችንን ሔዋንን ወደ እርሱ ስሕተት ወሰዳቸው።
4f191bc3-015c-52a3-a5a9-30c869f907f9,c8b6269e-b0b1-5fe0-aec9-43e63e576d69,9489a65c-5493-52ef-a64b-c44f1ae30b2c,7,7,እነርሱ ግን በድንቍርናቸው እውነት መስሏቸው፥ ለቅዱስ ስሙ ይሰግዱና ያመሰግኑ ዘንድ ካለመኖር ወደ መኖር ያመጣቸውን የፈጣሪያቸውን ትእዛዝ አፈረሱ።
67506ef2-5a8c-595d-ae67-7591c7e7ca77,c8b6269e-b0b1-5fe0-aec9-43e63e576d69,9489a65c-5493-52ef-a64b-c44f1ae30b2c,8,8,የእግዚአብሔርን ሀብት ለራሳቸው ያደረጉ እነዚያን ግን እርሱ ጌታቸው አዋረዳቸው፤ ያን ትዕቢተኛም አዋረደው።
d8cae4f6-908e-55eb-a7b5-0e9f144d001a,c8b6269e-b0b1-5fe0-aec9-43e63e576d69,9489a65c-5493-52ef-a64b-c44f1ae30b2c,9,9,ዳዊት፥ “በኀጢአተኛ ትዕቢት ድሃው ይቃጠላል” ብሎ እንደ ተናገረ አባታችን አዳም በዲያብሎስ ትዕቢት በፈጣሪው በእግዚአብሔር ዘንድ በእውነተኛ ፍርድ ተፈርዶበታልና።
aa636951-94fd-5ff9-a1ca-5315fe9b16a4,c8b6269e-b0b1-5fe0-aec9-43e63e576d69,9489a65c-5493-52ef-a64b-c44f1ae30b2c,10,10,እንዲሁም በቃየን ልጆች የሳቱ መላእክት ወደ ስሕተታቸው ወሰዱን። ስለዚህም እግዚአብሔር የሰጠን ዘመናችን ከአባቶቻችን ዘመን አነሰ።
8ea47fc8-7ed6-58ec-ad89-a945b17a1241,c8b6269e-b0b1-5fe0-aec9-43e63e576d69,9489a65c-5493-52ef-a64b-c44f1ae30b2c,11,11,እነርሱ ግን በጎ ሥራ ሠርተው ነበር፤ ክፉም አይቀርባቸውም ነበር፤ ልቡናቸውን በእግዚአብሔር አጽንተው ነበርና፥ ካስተማሯቸው ከእግዚአብሔር ትእዛዝ ፈቀቅ እንዳይሉም ወንዶችና ሴቶች ልጆቻቸውን ያስተምሩ ነበርና።
80bc8ee3-28de-58f6-ae35-3057b0a4a31b,c8b6269e-b0b1-5fe0-aec9-43e63e576d69,9489a65c-5493-52ef-a64b-c44f1ae30b2c,12,12,እነርሱ ግን በጎ ሥራ ቢሠሩ ለልጆቻቸው ካልነገሩና ካላስተማሯቸው የሚጠቅማቸው አልነበረም።
efd9a8d9-790f-5653-a9fd-02172b177358,c8b6269e-b0b1-5fe0-aec9-43e63e576d69,9489a65c-5493-52ef-a64b-c44f1ae30b2c,13,13,ዳዊት እንደ ተናገረ፥ “ከልጆቻቸው ለሌላ ትውልድ አልሰወሩም፤ የእግዚአብሔርንም ክብር፥ ያደረገውን ኀይሉንና ተአምራቱን አስተማሩ፤ እነርሱ እንደ አስታወሱ ለልጆቻቸው ያስተምሩ ዘንድ፥ ያስተውሉና ያደርጉም ዘንድ፥ የእግዚአብሔርንም ፍርድ አደራ ይሏቸው ዘንድ፥ በሥነ ምግባራቸው እግዚአብሔርን ደስ እንዳሰኙት እንደ አባቶቻቸውም ትእዛዙን ይጠብቁ ዘንድ ነገሩ።
bd8f3fbe-67f3-5c6d-a6dc-f5d9814e496b,c8b6269e-b0b1-5fe0-aec9-43e63e576d69,9489a65c-5493-52ef-a64b-c44f1ae30b2c,14,14,በሕፃንነታቸው እግዚአብሔርን መፍራትንና ፍርዱን እነርሱ ከአባቶቻቸው እንደ ተማሩ፥ አባቶቻቸው አደራ ያስጠበቋቸው ትእዛዙን አልተዉም።
13ca5bae-a77e-5b92-ab06-ff6001a9ba8b,c8b6269e-b0b1-5fe0-aec9-43e63e576d69,9489a65c-5493-52ef-a64b-c44f1ae30b2c,15,15,ልጆቻቸውም ጠባያቸውን ያሳምሩ ዘንድ፥ ለፈጣሪያቸውም ክብርን ይሰጡ ዘንድ ከአባቶቻቸው ተማሩ፤ ሕጉን ጠብቀዋልና፥ እርሱንም ወደውታልና።
60d4ab0d-b3d5-53a2-a67a-1b76dba7546c,c8b6269e-b0b1-5fe0-aec9-43e63e576d69,9489a65c-5493-52ef-a64b-c44f1ae30b2c,16,16,እርሱም ጸሎታቸውን ይሰማቸዋል፤ ልመናቸውንም ቸል አይልም፤ እርሱ ግን ይቅር ባይ ነው።
cb7acf9d-3680-524a-aae2-03b106c9ab39,c8b6269e-b0b1-5fe0-aec9-43e63e576d69,9489a65c-5493-52ef-a64b-c44f1ae30b2c,17,17,ቁጣውንም መመለስ ያበዛል፤ በመቅሠፍቱም ሁሉ አያጠፋም ነበር።”
692fab34-c071-59bb-a40c-7734d2696bc4,7f898196-298a-55c4-abe8-215ec8a4fcb4,ba9d400d-97e9-5c3b-a940-e45172adf0af,1,1,ወንድሞቻችን፥ አስቡ፤ እግዚአብሔር በጎ ሥራን የሚሠሩ ሰዎች ጽድቃቸውን እንደሚጠብቅ ቀድሞ የነገሩአችሁን አትርሱ።
953332c7-8395-5e21-ade1-d631d71a3276,7f898196-298a-55c4-abe8-215ec8a4fcb4,ba9d400d-97e9-5c3b-a940-e45172adf0af,2,2,በምድርም ላይ ፍሬያቸውን ያበዛል፤ ስም አጠራራቸውም ለበጎ ነገር እስከ ዘለዓለም ይኖራል፤ ዘራቸውም በምድር ላይ እህልን አይቸገርም።
9a2bd11b-5b5b-568c-a890-5e32522dd0d4,7f898196-298a-55c4-abe8-215ec8a4fcb4,ba9d400d-97e9-5c3b-a940-e45172adf0af,3,3,ስለ እነርሱ ይከራከርላቸዋልና፥ በጠላታቸውም እጅ አይጥላቸውምና ከባላጋራዎቻቸውና ከሚጠሏቸው ከጠላቶቻቸው ሁሉ እጅ ያድናቸዋል።
e3ecf141-c821-540e-a7f5-8e9d5213ec71,7f898196-298a-55c4-abe8-215ec8a4fcb4,ba9d400d-97e9-5c3b-a940-e45172adf0af,4,4,ስሙንም ለሚወድዱ በመከራቸው ጊዜ ረዳት ይሆናቸዋል፤ ይጠብቃቸዋልም፤ ኀጢአታቸውንም ሁሉ ይቅር ይላቸዋል።
9e0c8691-f92d-5984-a215-2ef14983d3b4,e73e9c24-1c64-5d7a-a591-831f1dd549b9,28b30eb2-c31e-5ccd-aec2-9e2ece8e1a04,1,1,ዳዊት በእግዚአብሔር ተአመነ፤ በእርሱም አምኗልና መጠጊያ ሆነው፤ ከንጉሡ ከሳዖልም እጅ አዳነው።
ba7c4454-1fcc-5e03-a20b-c7218020efa4,e73e9c24-1c64-5d7a-a591-831f1dd549b9,28b30eb2-c31e-5ccd-aec2-9e2ece8e1a04,2,2,ልጁ አቤሴሎምም በተነሣበት ጊዜ፥ ኢሎፍላውያንም በተነሡበት ጊዜ፥ አማሌቃውያንና ኤዶማውያን፥ ቀርኒዎናውያንም በተነሡበት ጊዜ በእርሱ አምኗልና፥ ሕጉንም ጠብቋልና ከተቃወሙት ጠላቶቹ ሁሉ እግዚአብሔር ዳዊትን አዳነው።
6ca477a4-c4a2-58a2-a32b-d052aae6b711,e73e9c24-1c64-5d7a-a591-831f1dd549b9,28b30eb2-c31e-5ccd-aec2-9e2ece8e1a04,3,3,ያላመኑበትን ክፉ የሆኑ ነገሥታትን ግን እግዚአብሔር አላዳናቸውም፤ ድል መንሣት ከእግዚአብሔር ነውና በጠላቶቻቸው እጅ ድል ተነሡ እንጂ።
87910cd1-95f2-5126-a08a-ef4e8ae84fa8,e73e9c24-1c64-5d7a-a591-831f1dd549b9,28b30eb2-c31e-5ccd-aec2-9e2ece8e1a04,4,4,ሕዝቅያስም በእግዚአብሔር አመነ፤ ከትዕቢተኛው ከአሶራዊውም እጅ አዳነው።
57f7ed14-fdd6-5130-a3ec-7fa32cefd7e3,e73e9c24-1c64-5d7a-a591-831f1dd549b9,28b30eb2-c31e-5ccd-aec2-9e2ece8e1a04,5,5,ልጁ ምናሴ ግን እምነቱን በእግዚአብሔር አላደረገምና በጠላቱ እጅ ድል ተነሣ፤ ምናሴን ድል የነሡት እነዚያ ጠላቶቹም እንደ እርሱ አልሆኑም፤ መታመኑን በእግዚአብሔር አላደረገምና፥ ፈጽሞ ያከበረውና ያገነነው እግዚአብሔርንም አልፈራውምና አስረው ወደ ሀገራቸው ወሰዱት እንጂ፤
cc97b6cf-f2db-5d69-a244-ff301ca90203,e73e9c24-1c64-5d7a-a591-831f1dd549b9,28b30eb2-c31e-5ccd-aec2-9e2ece8e1a04,6,6,ዘመኑ ይበዛ ዘንድ፥ ጠላቱንም ይከራከርለት ዘንድ በኋላና በፊትም ኀይልንና ጽንዕን ይሆነው ዘንድ በፈጣሪው በእግዚአብሔር ዘንድ መንገዱን አላሣመረምና ከሰጠው ሀብት ከለከለው።
2509da0d-c905-57de-a010-05b0dfe54e08,e73e9c24-1c64-5d7a-a591-831f1dd549b9,28b30eb2-c31e-5ccd-aec2-9e2ece8e1a04,7,7,በብዙ ሠራዊትና በፈረሶች፥ በቀስትና በጋሻም ከመታመን በእግዚአብሔር መታመን ይሻላልና።
c5f9cbfb-a958-5375-a83b-3a663ae18fda,e73e9c24-1c64-5d7a-a591-831f1dd549b9,28b30eb2-c31e-5ccd-aec2-9e2ece8e1a04,8,8,በእርሱም የታመነ ሰው በሕይወት ይኖራል፤ ይከብራል፤ ፈጽሞም ከፍ ከፍ ይላል።
00d0aeaf-cba9-5bee-aac6-629fdee86f91,e73e9c24-1c64-5d7a-a591-831f1dd549b9,28b30eb2-c31e-5ccd-aec2-9e2ece8e1a04,9,9,እግዚአብሔር ለፊት አያዳላምና በእግዚአብሔር ያላመኑና፥ በገንዘባቸው ብዛት ያመኑ ሰዎች ግን ከሰጣቸው ጸጋና ክብር የወጡ ይሆናሉ።
afe8afd3-b6ef-5e2e-ae3b-dc684e445176,e73e9c24-1c64-5d7a-a591-831f1dd549b9,28b30eb2-c31e-5ccd-aec2-9e2ece8e1a04,10,10,ያመኑበትን ግን ይጠብቃቸዋል፤ ዐላዋቂ የሚሉትን ሰዎች ግን ዐላዋቂዎች ያደርጋቸዋል፤ እግዚአብሔርንም ለመከተል፥ ሕጉንም ለመጠበቅ ልቡናቸውን አላስጨከኑምና በመከራቸው ጊዜና ጠላቶቻቸው በተቃወሙአቸው ጊዜ ፈጥኖ አይረዳቸውም።
91300a7a-28c0-5fa0-a6bf-6fad5b2d7652,e73e9c24-1c64-5d7a-a591-831f1dd549b9,28b30eb2-c31e-5ccd-aec2-9e2ece8e1a04,11,11,እግዚአብሔርን በመከተል ትእዛዙንና ሕጉን ለመጠበቅ ለጨከነ ግን በመከራው ጊዜ መጠጊያ ይሆነዋል።
42c64710-fe2c-51bd-a1ad-f5e46760e6f0,e73e9c24-1c64-5d7a-a591-831f1dd549b9,28b30eb2-c31e-5ccd-aec2-9e2ece8e1a04,12,12,ጠላቱን በመግደልና የጠላቱን ከብት በመማረክ፥ የጠላቱን ሀገር ሰውም በመማረክ፥ የዘመናት ዝናምን በማዝነም፥ በቡቃያውም ፍሬ፥ ክምርንም በማግባት፥ በተክሉ ቦታው ፍሬም፥
3030dae7-d857-5689-a68b-e890c86e97bd,e73e9c24-1c64-5d7a-a591-831f1dd549b9,28b30eb2-c31e-5ccd-aec2-9e2ece8e1a04,13,13,በሳተኑና በበልጉም ፍሬ፥ ሣሩንና ልምላሜውን በመስጠት፥ ከእጁ በታች ያሉ ወገኖቹም ደስ ይላቸው ዘንድ የተለያዩ ፍሬዎችን በመስጠት ደስ ያሰኘዋል።
e3d1f6a7-1319-57cd-ae60-71c266b02e23,e73e9c24-1c64-5d7a-a591-831f1dd549b9,28b30eb2-c31e-5ccd-aec2-9e2ece8e1a04,14,14,የሌላውን ድካም ይበሉ ዘንድ፥ ከጠላታቸውም በዘረፉት ገንዘብ ይጠግቡ ዘንድ፥ እንስሳትን፥ በጎችንና ላሞችንም ይዘርፉ ዘንድ፥ የሌላውንም ማዕድ ይበሉና ይለብሱ ዘንድ፥ የጠላቶቻቸውንም ልጆች ምርኮ ይወስዱ ዘንድ ደስ ያሰኘዋል።
a711dde0-0f7e-5de0-a217-fa0cf2ba52f3,e73e9c24-1c64-5d7a-a591-831f1dd549b9,28b30eb2-c31e-5ccd-aec2-9e2ece8e1a04,15,15,እግዚአብሔርም ይህን ሁሉ ለሚወድደው ያደርግለታል፤ የሚጠላውን ግን ለጠላቱ ብዝበዛ ያደርገዋል።
9a5e3e06-05d8-594f-ac42-658bca559cb1,e73e9c24-1c64-5d7a-a591-831f1dd549b9,28b30eb2-c31e-5ccd-aec2-9e2ece8e1a04,16,16,እጁንና እግሩን ያስረዋል፤ በጠላቱም እጅ ይጥለዋል፤ ለጠላቶቹም መዘባበቻ ያደርገዋል፤ የእግዚአብሔርንም ሕግ ያፈረሰ፥ ደም አፍሳሽ ሆኗልና በቤቱ ዘር ደስ አያሰኘውም።
1206380c-f07c-5e35-a110-62e52e70f8f0,e73e9c24-1c64-5d7a-a591-831f1dd549b9,28b30eb2-c31e-5ccd-aec2-9e2ece8e1a04,17,17,በፍርድም ጊዜ አይጸናም፤ ለክፉ አድራጊዎችም ክፉን በሚከፍልበት ጊዜ ክፋትን ለሚሠሩ የሥራቸውን ፍሬ ይከፍላቸዋል።
c6ebae33-3011-5c34-ac00-ee9eb3a492b7,e73e9c24-1c64-5d7a-a591-831f1dd549b9,28b30eb2-c31e-5ccd-aec2-9e2ece8e1a04,18,18,በጎ ለሚያደርጉ ግን በጎውን ይከፍላቸውና ሰው በእጁ ይጠብቃቸው ዘንድ ከእግዚአብሔር ታዘዘ።
b66acbea-aa5f-52c0-a63b-ff962475e244,e73e9c24-1c64-5d7a-a591-831f1dd549b9,28b30eb2-c31e-5ccd-aec2-9e2ece8e1a04,19,19,እርሱም ትእዛዙን ይጠብቅ ዘንድ ታዘዘ፤ ፈቃዱንም ያደርግ፥ የፈጠረውንም እግዚአብሔርን ያመሰግን ዘንድ፥ በፍጥረቱ ሁሉ ላይ አገልጋይ ነውና፥ ከሥጋዊ ፍጥረት ሁሉ ከሰው ብቻ በቀር የፈጣሪውን ትእዛዝ የተላለፈ የለም።
6938a980-683e-52a1-a69d-1c585811b7b2,e73e9c24-1c64-5d7a-a591-831f1dd549b9,28b30eb2-c31e-5ccd-aec2-9e2ece8e1a04,20,20,ሁሉም ያውቁታል፤ እግዚአብሔርም በየሥርዐታቸው የሚኖሩትን ሁሉ እንዳዘዛቸው በትእዛዙና በሕጉ ይጠበቃሉ።
f6be407c-c6b7-5a42-a03d-035d566042cd,e73e9c24-1c64-5d7a-a591-831f1dd549b9,28b30eb2-c31e-5ccd-aec2-9e2ece8e1a04,21,21,ሰው ግን በአራዊትና በእንስሳ፥ በአዕዋፍም፥ በፍጥረቱም ሁሉ በአነገሠው በእግዚአብሔር ላይ ይደፋፈራል።
3660b520-3308-5126-aaaf-46aae84a0d70,e73e9c24-1c64-5d7a-a591-831f1dd549b9,28b30eb2-c31e-5ccd-aec2-9e2ece8e1a04,22,22,በባሕር ያለውን፥ በየብስ ያለውንም ሁሉ ቢሆን የፈጠረውን ፍጥረት ሁሉ እግዚአብሔር ለአባታችን ለአዳም ሰጠው፤ የወደደውን ያደርግ ዘንድ፥ በምድርም እንደ እህል ይበላቸው ዘንድ፥ ይገዛቸውና ያሠራቸውም ዘንድ፥ አራዊትም ቢሆኑ፥ እንስሳትም ቢሆኑ ለሰው ይታዘዙ ዘንድ እግዚአብሔር ሰጣቸው፤ የነገሡ ሰዎችም ክብርን ለሰጣቸው ለእግዚአብሔር ይታዘዙ ዘንድ፥ ያደሉለትና ይታዘዙለት ዘንድ በፍጥረቱ ሁሉ ላይ ሾማቸው።
b80eae53-bf07-5e22-ac61-09a61ea8ab32,e73e9c24-1c64-5d7a-a591-831f1dd549b9,28b30eb2-c31e-5ccd-aec2-9e2ece8e1a04,23,23,ከሕጉ ቢወጡ ግን እርሱ ከሰጣቸው ሀብት ይለያቸዋል፤ ሰማይንና ምድርን የሚገዛ ነውና ፈቃዱን ለሚያደርግ ይሰጠዋል።
f25c4f3d-7846-565a-a101-7b11c5a1f8f0,e73e9c24-1c64-5d7a-a591-831f1dd549b9,28b30eb2-c31e-5ccd-aec2-9e2ece8e1a04,24,24,የወደደውን ይሾመዋል፤ የወደደውንም ይሽረዋል፤ ይገድላል፤ ያድናልም፤ ይገርፋል፤ ይቅርም ይላል።
48e2f469-c95d-5bf9-a05b-f95c8adf5c16,e73e9c24-1c64-5d7a-a591-831f1dd549b9,28b30eb2-c31e-5ccd-aec2-9e2ece8e1a04,25,25,እንደ እርሱ ያለ ሌላ የለም፤ ለፈጠረው ፍጥረት ሁሉ እርሱ ጌታ ነውና የሚነቅፈው የለም፤ በላይ በሰማይ፥ በታችም በምድር ከእርሱ በቀር ሌላ አምላክ የለም።
bb6f3275-b2d2-5f8b-a288-f367559a8213,e73e9c24-1c64-5d7a-a591-831f1dd549b9,28b30eb2-c31e-5ccd-aec2-9e2ece8e1a04,26,26,ይሾማል፤ ይሽራልም፤ ይገድላል፤ ያድናልም፤ ይገርፋል፤ ይቅር ይላልም፤ ያደኸያል፤ ያበለጽጋልም።
26bb29ab-16b5-5abf-ad80-53e5e92b7cea,e73e9c24-1c64-5d7a-a591-831f1dd549b9,28b30eb2-c31e-5ccd-aec2-9e2ece8e1a04,27,27,የሚለምኑትን ልመናቸውን ይቀበላል፤ በንጹሕ ልቡና ፈቃዱን የሚያደርጉትንም እርሱ ጸሎታቸውን ይሰማቸዋል፤ በለመኑትም ሁሉ ፈቃዳቸውን ያደርግላቸዋል።
b931fcd4-d642-5277-aabe-ce06785210b0,e73e9c24-1c64-5d7a-a591-831f1dd549b9,28b30eb2-c31e-5ccd-aec2-9e2ece8e1a04,28,28,ታላቁንና ታናሹንም እንዲታዘዙላቸው ያደርጋል፤ በተራሮችና በኮረብቶች፥ በዋሻዎችና በጫካዎች፥ በምድር ጕድጓድም፥ በባሕርና በየብስም ውስጥ ያለው ሁሉ የእነርሱ ነው።
e5155461-18bd-5a88-ad50-f3999237a85a,e73e9c24-1c64-5d7a-a591-831f1dd549b9,28b30eb2-c31e-5ccd-aec2-9e2ece8e1a04,29,29,የአምላካቸውንም ፈቃድ ለሚያደርጉ፥ ሁሉ የእነርሱ ነው፤ ከበረከቱም አያሳጣቸውም፤ የምስጋናቸውንም ዋጋ ይሰጣቸዋል።
e5b4231e-8c34-5afb-a1a7-1dfb0a9bd24e,e73e9c24-1c64-5d7a-a591-831f1dd549b9,28b30eb2-c31e-5ccd-aec2-9e2ece8e1a04,30,30,በሰማይም ለአባቶቻቸው ለአብርሃምና ለይስሐቅ፥ ለያዕቆብም፥ ከሕጉና ከትእዛዙ ላልወጡ ለዳዊትና ለሕዝቅያስ፥ ለሳሙኤልም ያዘጋጀውን ክብር ይሰጣቸዋል፤
c17ffded-6173-508e-a0be-cae2478e7f6f,e73e9c24-1c64-5d7a-a591-831f1dd549b9,28b30eb2-c31e-5ccd-aec2-9e2ece8e1a04,31,31,ከጥንት ጀምሮ ላገለገሉት ለአባቶቻቸው ለአብርሃምና ለይስሐቅ ለያዕቆብም የማለላቸውን ርስት ይሰጣቸው ዘንድ፥ በመንግሥቱም ደስ ይላቸው ዘንድ።
4adb910c-10af-53cc-a60b-ef62504a4128,155a2e63-47a8-5035-ac1d-aa62ecf02e24,353ee322-ebfc-5019-ae01-d3b2957942c3,1,1,በጎ ሥራን የሚሠሩትን ሰዎች ስም እስኪ አስብ፤ ሥራቸውንም አትዘንጋ።
821dafac-2b70-56fb-ae89-a12ec6bcba60,155a2e63-47a8-5035-ac1d-aa62ecf02e24,353ee322-ebfc-5019-ae01-d3b2957942c3,2,2,የእግዚአብሔርን ፈቃድ ላደረጉ ደጋግ ነገሥታትና መኳንንት ባዘጋጃት የብርሃን ማደሪያ ከእነርሱ ጋር ደስ ይልህ ዘንድ ስምህ እንደ ስማቸው እንዲሆን ቅና።
13b3bd94-c92a-50f4-aa4c-d4ce3c8a5687,155a2e63-47a8-5035-ac1d-aa62ecf02e24,353ee322-ebfc-5019-ae01-d3b2957942c3,3,3,ዳግመኛም እንደሚፈረድባቸው፥ ከሞቱም በኋላ በሰው ዘንድ እንደሚያሟቸው የክፉዎች ነገሥታትንና መኳንንትን ስም ዕወቅ፤ ተረዳም።
8d85f7e4-f305-5a46-ae05-547e318c5bff,155a2e63-47a8-5035-ac1d-aa62ecf02e24,353ee322-ebfc-5019-ae01-d3b2957942c3,4,4,እያዩና እየሰሙ መንገዳቸውን ለእግዚአብሔር አላሣመሩምና የእግዚአብሔርን ፈቃድ ከአደረጉ ከዝንጉዎችና ከከሓድያን ጋር ይፈረድባቸዋል።
cbbb8b5c-bea9-5754-ac64-e5c7237fc567,155a2e63-47a8-5035-ac1d-aa62ecf02e24,353ee322-ebfc-5019-ae01-d3b2957942c3,5,5,አንተም ቸርና የዋህ፥ ቅንም ሁን እንጂ እግዚአብሔር በተቈጣቸው በዝንጉዎች ጎዳና አትሒድ።
184fa53d-0ff3-527c-a9ca-e32dd915d626,155a2e63-47a8-5035-ac1d-aa62ecf02e24,353ee322-ebfc-5019-ae01-d3b2957942c3,6,6,በእውነትም ፍረድ፤ ባልቴቲቱንና የሙት ልጅን አጽድቅ፤ ከሚቀሟቸው ከኀጢአተኞች ሰዎች እጅ አድን።
2b3e6e9b-2790-50b9-a73a-f2427355c16a,155a2e63-47a8-5035-ac1d-aa62ecf02e24,353ee322-ebfc-5019-ae01-d3b2957942c3,7,7,ከሚቀማው እጅ ታድነው ዘንድ ለሙቱ ልጅ እንደ አባቱ ቁምለት፤ ንስሓ ያልገቡ ኃጥኣንም በሚቀመጡበት የእሳት ባሕር እንዳትደነግጥ የሙት ልጅ እንባ በፊትህ በፈሰሰ ጊዜ ደንግጥ።
231f7a74-f968-5204-a53d-19a1bea3e024,155a2e63-47a8-5035-ac1d-aa62ecf02e24,353ee322-ebfc-5019-ae01-d3b2957942c3,8,8,እግርህንም ወደ ሰላም ጎዳና አቅና፤ የእግዚአብሔር ዐይኖች ወደ ጻድቃኑ፥ ጆሮዎቹም ወደ ልመናቸው ናትና ሰላምን ፈልጋት፤ ተከተላትም።
d777028e-339e-511a-afc0-1932418e270d,155a2e63-47a8-5035-ac1d-aa62ecf02e24,353ee322-ebfc-5019-ae01-d3b2957942c3,9,9,የእግዚአብሔር ፊቱ ግን መታሰቢያቸውን ከምድር ያጠፋ ዘንድ ክፉ ሥራን ወደሚሠሩ ነው፤ በተራራና በቅጥር የሚጠጋ ወንድንም አያስቀርም።
3e54c062-8cd9-53f7-a3a4-f2403a7da325,155a2e63-47a8-5035-ac1d-aa62ecf02e24,353ee322-ebfc-5019-ae01-d3b2957942c3,10,10,ቃሌን የማይጠብቁትንም እስካጠፋቸው ድረስ ፊቴን አልመልስም። የሚጠሉኝንና ቃሌን የማይጠብቁትን የምበቀል እኔ እግዚአብሔር ቀናተኛ ነኝና።
45038844-efa4-552a-a30b-7b18ff271e9f,155a2e63-47a8-5035-ac1d-aa62ecf02e24,353ee322-ebfc-5019-ae01-d3b2957942c3,11,11,የሚያከብሩኝንና ቃሌን የሚጠብቁትንም አከብራቸዋለሁ።
a1b3b1aa-b6ef-5cbb-ae13-935b23b20205,9424485e-5599-5cab-a247-5a37155be5df,75328435-7ff2-550c-afdf-43b04f30f7f3,1,1,ወንድሙ የሚወድደው መስሎት በየዋህነት የተከተለውን ወንድሙን በገደለው በቃየል መንገድ አትሒድ።
408a5a97-c696-5e18-a82d-068b5a70ff9f,9424485e-5599-5cab-a247-5a37155be5df,75328435-7ff2-550c-afdf-43b04f30f7f3,2,2,እርሱም በሴት ቀንቶ ወንድሙን ገደለው፤ በደልንና ቅናትን፥ ክዳትንም በባልንጀራቸው ላይ የሚያደርጉ ሰዎች እንደ እርሱ ናቸው።
7c382222-b84b-5037-a10f-435d80f8b974,9424485e-5599-5cab-a247-5a37155be5df,75328435-7ff2-550c-afdf-43b04f30f7f3,3,3,በቃየል ጐዳና ሔዱ፤ በየዋሁ በአቤል መንገድም አይደለም፤ አቤል እንደ በግ የዋህ ነውና፥ ደሙም በንጹሕ ልቡና ለእግዚአብሔር እንደ ሠዉት እንደ ንጹሕ በግ ደም ነውና። በየዋሁ በአቤል መንገድ የሚሄዱ ግን እግዚአብሔርን ይወድዱታል።
62220afe-2b9b-5a14-ab7d-fd7061629853,9424485e-5599-5cab-a247-5a37155be5df,75328435-7ff2-550c-afdf-43b04f30f7f3,4,4,እንደ አቤል የዋሆች ሆነዋልና እግዚአብሔርም በየዋህነት የሚሄደውን ሁሉ እንደ ጻድቁና እንደ የዋሁ አቤል ይወድደዋል።
a2eef27b-5951-550a-a53a-dde0f00095b0,9424485e-5599-5cab-a247-5a37155be5df,75328435-7ff2-550c-afdf-43b04f30f7f3,5,5,ክፉዎችን ግን እግዚአብሔር ቸል ይላቸዋል፤ ፍርዳቸውም በአንገታቸው ላይ ይጠብቃቸዋል፤ በትከሻቸውም ላይ የተጻፈ ነው። በፍርድ ጊዜም በመላእክትና በሰዎች፥ በፍጥረቱም ሁሉ ፊት ያነቧታል።
2aed16c7-013b-5393-a7af-3728348951a0,9424485e-5599-5cab-a247-5a37155be5df,75328435-7ff2-550c-afdf-43b04f30f7f3,6,6,የዚያን ጊዜም የእግዚአብሔርን ፈቃድ ያላደረጉ ከሓዲዎችና ዐመፀኞች ያፍራሉ።
36d9f0fd-de4d-51f0-afa6-0ddf0039e8d0,9424485e-5599-5cab-a247-5a37155be5df,75328435-7ff2-550c-afdf-43b04f30f7f3,7,7,“እስከ ዘለዓለሙ ድረስ መውጫ በሌለባት በገሃነመ እሳት ጨምሩዋቸው” የሚል አስደንጋጭ ቃል ይሰጣቸዋል።
0d717e4f-1ec3-52e7-a54f-8f873278de09,1bf1909c-2285-5e5a-acd1-a50a9387dffd,c680e090-e89a-52d8-a2f6-d0d02992ffd0,1,1,ጌዴዎን እግዚአብሔርን በታመነው ጊዜ በጥቂት ሠራዊት እልፍና የብዙ ብዙ የሆኑ፥ እንደ አንበጣም ቍጥር የሌላቸው ያልተገረዙ የአሕዛብን ሠራዊት ድል ነሣ።
4d81cf48-a8c9-5ac4-aa60-daa38faa3ddc,1bf1909c-2285-5e5a-acd1-a50a9387dffd,c680e090-e89a-52d8-a2f6-d0d02992ffd0,2,2,ነገሥታትና መኳንንት ሆይ! ያለ እኔ ሌላ አምላክ የለምና ሌሎች አማልክትን አትመኑ።
b38f095b-f1dc-5ead-a92c-12f8633d2f2f,1bf1909c-2285-5e5a-acd1-a50a9387dffd,c680e090-e89a-52d8-a2f6-d0d02992ffd0,3,3,ከእናታችሁ ማኅፀን ያወጣኋችሁ፥ ያሳደግኋችሁም፥ የመገብኋችሁም፥ ያለበስኋችሁም እኔ አምላካችሁ እግዚአብሔር ነኝና ለምን ታመካኛላችሁ? ያለ እኔስ ሌላ አምላክን ለምን ታመልካላችሁ።
b32f98d6-aab8-5ab2-add7-3479c4b036f0,1bf1909c-2285-5e5a-acd1-a50a9387dffd,c680e090-e89a-52d8-a2f6-d0d02992ffd0,4,4,ይኸን ሁሉ አደረግሁላችሁ፤ ምንስ ሰጣችሁኝ? እኔስ ከእናንተ ምን እሻለሁ? የነፍሳችሁን መዳን ነው እንጂ፥ በሕጌና በሥርዐቴ፥ በትእዛዜም ትሔዱ ዘንድ፥ እኔም የነፍሳችሁን ድኅነት እሰጣችሁ ዘንድ ነው እንጂ፤
36de0cac-25ce-5b9f-aa6c-b4b8efb65640,1bf1909c-2285-5e5a-acd1-a50a9387dffd,c680e090-e89a-52d8-a2f6-d0d02992ffd0,5,5,ሁሉን የሚገዛ እግዚአብሔር እንዲህ አለ፥ “ከጣዖትና ከጥንቆላ፥ ከሟርትም ራሳችሁን አድኑ።”
b296689c-3e45-5b54-ad8d-704ec0249771,1bf1909c-2285-5e5a-acd1-a50a9387dffd,c680e090-e89a-52d8-a2f6-d0d02992ffd0,6,6,በእነዚህ ይህን በሚያደርጉና በሚሰሟቸውም ላይ፥ ፈቃዳቸውን በሚያደርጉና ወዳጅም በሚሆኗቸው ላይ፥ በትእዛዛቸውም በሚሔዱ ላይ የእግዚአብሔር መቅሠፍት ይመጣባቸዋል።
04858076-5778-592e-ac0b-14a068332baf,1bf1909c-2285-5e5a-acd1-a50a9387dffd,c680e090-e89a-52d8-a2f6-d0d02992ffd0,7,7,የማያውቋችሁና የማይራሩላችሁ ሕዝብ ይነሡባችኋልና፥ የፈጠራችሁ የእግዚአብሔርንም ፈቃድ ካላደረጋችሁ ከነቢዩ ከሳሙኤል ጀምሮ ነቢያት እንደ ተናገሩ፥ ዳግመኛም ሕዝቅኤልና ሄኖክ እንደ ተናገሩ፥ አሳፍም እንደ ተናገረ የድካማችሁን ፍሬ ይበላሉ።
02b76c4f-5ab7-57ae-a8f7-cc893281fee5,1bf1909c-2285-5e5a-acd1-a50a9387dffd,c680e090-e89a-52d8-a2f6-d0d02992ffd0,8,8,እንዲህም አለ፥ “ክፉ ሰዎች ልብሳቸውን ለውጠው ይመጣሉ፤ ከመብላትና ከመጠጣት፥ በብርና በወርቅም ከማጌጥ፥ እግዚአብሔርም የማይወድደውን ሥራ ሁሉ ከመሥራት በቀር ሌላ ሕግ የላቸውም።
2e1d11a4-9661-5d7e-ade0-8547c0821d48,1bf1909c-2285-5e5a-acd1-a50a9387dffd,c680e090-e89a-52d8-a2f6-d0d02992ffd0,9,9,እነርሱ ግን ወደ መብልና መጠጥ ለመሄድ የተዘጋጁ ናቸው፤ ከዕንቅልፋቸውም ከነቁ በኋላ ከጧት ጀምሮ እስከ ማታ ወደ ክፉ ሥራ ይሮጣሉ። በመንገዳቸው ጕስቍልናና ጥፋት እንጂ ለእግራቸው የሰላም ጎዳና የለውም።
71fcbd6e-86ed-5c4c-a520-f41dd17ec50e,1bf1909c-2285-5e5a-acd1-a50a9387dffd,c680e090-e89a-52d8-a2f6-d0d02992ffd0,10,10,የሰላም መንገድንም አያውቋትም፤ በዐይኖቻቸውም ፊት እግዚአብሔርን መፍራት የለም፤ ሃይማኖትና ምግባር የሌላቸው ጠማሞችና ክፉዎች ናቸው፤ ስስታሞች፥ በላተኞችና ጠጪዎች፥ ሰካራሞችና በደላቸውም ያለ ሕግ ነው። ወደ መዳራትና ደም ወደ ማፍሰስ ወደ ስርቆትና ወደ መክዳትም፥ በግፍም የሌላውን ገንዘብ ወደ መቀማት የሚሄዱ ናቸው።
04167aaf-87e4-5098-a9fb-68b39719fec4,1bf1909c-2285-5e5a-acd1-a50a9387dffd,c680e090-e89a-52d8-a2f6-d0d02992ffd0,11,11,ያለ ፍርድና ያለ ሕግም የሚወቅሱ ናቸው፤ የፈጠራቸው እግዚአብሔርንም አይፈሩትምና በፊታቸው ሐፍረት የለም።
6e451615-479c-5478-adba-416e246b6442,1bf1909c-2285-5e5a-acd1-a50a9387dffd,c680e090-e89a-52d8-a2f6-d0d02992ffd0,12,12,የሚያዩትን የሰውን ፊት አያፍሩም፤ የሽበታምና የሽማግሌ ፊትን አያፍሩም፤ የዓለምንም ገንዘብ በሰሙ ጊዜ በዐይናቸው ሳያዩት የራሳቸው ገንዘብ ያደርጉታል፤ በዐይናቸው ፊት እግዚአብሔርን መፍራት የለምና በዐይናቸው በአዩት ጊዜ ባፋቸው የበሉት ይመስላቸዋል።
aacbae57-a8c7-5dd3-a8c9-2de2b40f9b86,1bf1909c-2285-5e5a-acd1-a50a9387dffd,c680e090-e89a-52d8-a2f6-d0d02992ffd0,13,13,መኳንንቶቻቸውም ያደራ ገንዘብ ይበላሉ፤ እነርሱም ከዳተኞች ናቸውና፥ በአንደበታቸውም እውነት የለምና ጧት የተናገሩትን ማታ አይደግሙትም።
d09fab4f-4005-55b0-a13b-2d5e683b8273,1bf1909c-2285-5e5a-acd1-a50a9387dffd,c680e090-e89a-52d8-a2f6-d0d02992ffd0,14,14,የድሆችንና የጦም አዳሪዎችን ጩኸት ቸል ይላሉና፥ ስደተኞችንም ከሚቀሟቸው እጅ አያድኗቸውምና የሚያውኩ ንጉሦቻቸው ለክፋት ይፋጠናሉ።
ef649b5d-789e-5faf-a946-288c68bf2321,1bf1909c-2285-5e5a-acd1-a50a9387dffd,c680e090-e89a-52d8-a2f6-d0d02992ffd0,15,15,ስለዚህም የተበደለውንና ስደተኛውን ያድኗቸው እንጂ ነገሥታቱ ፍርድን የሚነፍጉ አይሁኑ።”
23940565-2d28-50ed-af84-3fff2d29c08e,1bf1909c-2285-5e5a-acd1-a50a9387dffd,c680e090-e89a-52d8-a2f6-d0d02992ffd0,16,16,እነርሱ ግን ግብር የሚያስገብሩ ደምንም የሚጠጡ ወንጀለኞች ናቸው፤ መንገዳቸውም ክፉ ነውና እንቦሳዪቱን ከእናትዋ ጋር፥ ወፍንም ከጫጩቶችዋ ጋር ሲበሉ አይራሩም፤ ያዩትንና የሰሙትንም ሁሉ ለየራሳቸው ያደርጋሉ።
58d3f128-089c-5ed3-ab18-6189819095a7,1bf1909c-2285-5e5a-acd1-a50a9387dffd,c680e090-e89a-52d8-a2f6-d0d02992ffd0,17,17,እነርሱ ለራሳቸው ይሰበስቡ ዘንድ ይወድዳሉ እንጂ ለሕመምተኞችና ለድሆች አይራሩም፤ በዐመፅም የሌላውን ገንዘብ ይቀማሉ፤ በቤታቸው ያደልቡ ዘንድ፥ በእርሱም ደስ ይላቸው ዘንድ ያገኙትን ሁሉ ይሰበስባሉ።
e66cbf8a-1822-58ae-a2cd-ea56d3ef1806,1bf1909c-2285-5e5a-acd1-a50a9387dffd,c680e090-e89a-52d8-a2f6-d0d02992ffd0,18,18,ከጕድጓዱ እንደ ወጣ፥ ፍለጋውም እንደማይገኝ፥ ወደ ቤቱም እንደማይመለስ አሸን ፈጥነው ይጠፋሉና፥ በሕይወታቸው ሳሉ በጎ ሥራን ስላልሠሩ እግዚአብሔር በቍጣው በያዛቸው ጊዜ ለነፍሳቸው ወዮላት።
bf3b2bc3-7abd-5af9-a7d8-384aae0684e6,1bf1909c-2285-5e5a-acd1-a50a9387dffd,c680e090-e89a-52d8-a2f6-d0d02992ffd0,19,19,እግዚአብሔር ቸል ባላቸው ጊዜ በአንድ ወገን እንደ አሉ አንድ ጊዜ ይጠፋሉ፤ እግዚአብሔርም ወደ ንስሓ ይመለሱ እንደ ሆነ ይታገሣቸዋል እንጂ ለማጥፋት አይቸኩልምና በጊዜው ይጠፋሉ።
269c3ea2-4c61-597a-acbc-caeba229275e,1bf1909c-2285-5e5a-acd1-a50a9387dffd,c680e090-e89a-52d8-a2f6-d0d02992ffd0,20,20,ወደ ንስሓ ባይመለሱ ግን ከእነርሱ አስቀድሞ እንደ ነበሩ፥ የእግዚአብሔርን ትእዛዝ በሚገባ እንዳልጠበቁ ከእነርሱ በፊት እንደ ነበሩት ቀደምት ያጠፋቸዋል።
fa321480-1da4-53d8-a74c-5981fa234ab2,1bf1909c-2285-5e5a-acd1-a50a9387dffd,c680e090-e89a-52d8-a2f6-d0d02992ffd0,21,21,የሰው ሥጋ የሚበሉና የሰው ደም የሚጠጡ ናቸው፤ ወደ ኀጢኣት ለመሔድ ግፍን ይታጠቃሉና በፊታቸው ሁልጊዜ እግዚአብሔርን መፍራት የለም፤ ከመኝታቸው ከተነሡ በኋላ ዐመፅ ለመሥራት አያርፉም።
fa206c1d-39dc-5075-abeb-301995e0bb4e,1bf1909c-2285-5e5a-acd1-a50a9387dffd,c680e090-e89a-52d8-a2f6-d0d02992ffd0,22,22,በምድርም ላይ የብዙ ሰዎችን ሕይወት ያጠፉ ዘንድ፥ ሥራቸው መብላትና መጠጣት፥ ወደ ክፋትና ወደ ጥፋትም መሮጥ ነው።
11ebd3dc-b4b7-5de9-a49f-7c25e6f2698c,2e026591-197b-5ad4-adfb-669ef6938c48,bf5df40d-fd73-5213-af61-571b117472b2,1,1,መንገዳቸው ጠማማ ነውና፥ ሁሉም የሚሄዱት በሚያስተው በሰይጣን መንገድ ነውና ሁሉን የሚገዛ እግዚአብሔር “በቍጣዬ በያዝኋት ጊዜ ለሰውነታቸው ወዮላት” ይላል።
d645bdaf-ce62-582a-a5b2-8d16ff1961e5,2e026591-197b-5ad4-adfb-669ef6938c48,bf5df40d-fd73-5213-af61-571b117472b2,2,2,የእግዚአብሔርን መንገድ ግን አያውቁም፤ ወደ ኋላቸውም መልሰውታል፤ ሕጌንም ቸል ብለዋል።
2d28dac7-3194-5519-a4ce-f5457930edc7,2e026591-197b-5ad4-adfb-669ef6938c48,bf5df40d-fd73-5213-af61-571b117472b2,3,3,እኔም ኋላ በፍጻሜ ዘመን እንደ ሥራቸው ክፋት እከፍላቸዋለሁ። በፍርድ ቀንም የሥራቸው ክፋት በእኔ ዘንድ እንደ ተጻፈ እበቀላቸዋለሁ፤ የምገድል፥ የማድንም፥ የምገርፍ፥ ይቅር የምልም እኔ እግዚአብሔር ነኝና ከእጄ አያመልጡም።
a4bc5774-bed1-51e4-a97b-d6fcbfeaaa40,2e026591-197b-5ad4-adfb-669ef6938c48,bf5df40d-fd73-5213-af61-571b117472b2,4,4,እኔ እግዚአብሔር ከአድማስ እስከ አድማስ ምሉ ነኝና፥ ፍጥረቱም ሁሉ በእጄ ነውና ከምድር በታችና ከሰማይ በላይ፥ በባሕርና በውኃዎችም ጥልቅ ከእጄ የሚያመልጥ የለም።
ea990c85-60b4-5b8f-a037-0bfa724b6efd,2e026591-197b-5ad4-adfb-669ef6938c48,bf5df40d-fd73-5213-af61-571b117472b2,5,5,በምድር በታች እባብን፥ በባሕርም ውስጥ ዓሣን፥ በአየርም ያሉ ወፎችን፥ በምድረ በዳም የሜዳ አህያውን አዝዛለሁ። ከአድማስ ጀምሮ እስከ አድማስ ድረስ የእኔ ነውና።
1c228205-d13c-533b-a1b6-b7bee8fe46a7,2e026591-197b-5ad4-adfb-669ef6938c48,bf5df40d-fd73-5213-af61-571b117472b2,6,6,በፊቴ ድንቅ ሥራንና ታምራትን የማደርግ እኔ ነኝና በላይ በሰማይ፥ በታችም በምድር ከእጄ የሚያመልጥ የለም፤ ወዴት ትሔዳለህ? ምንስ ትሠራለህ? የሚለኝም የለም።
faad2115-3ee7-5559-a0ff-737a72917a25,2e026591-197b-5ad4-adfb-669ef6938c48,bf5df40d-fd73-5213-af61-571b117472b2,7,7,እኔም በመላእክት አለቆችና ሠራዊት ላይ አዝዛለሁ፤ የሚጠራው ስም ሁሉ የእኔ ነው፤ የሰማይ ወፎችም ሁሉ፥ የዱር አራዊትና እንስሳትም ሁሉ የእኔ ናቸው።
e024f8bd-f57d-505e-a220-396874293348,2e026591-197b-5ad4-adfb-669ef6938c48,bf5df40d-fd73-5213-af61-571b117472b2,8,8,የአዜብ ነፋስ የመስዕም ሐሩር ይነሣል፤ የኤርትራ ባሕርም በኋላ ዘመን ወደ እርሷ ከሚመጣው ግርማ የተነሣ ትደረፃለች።
1b69dcf4-6d68-59da-a9df-830500ee16cb,2e026591-197b-5ad4-adfb-669ef6938c48,bf5df40d-fd73-5213-af61-571b117472b2,9,9,እርሱ ሕያዋንንና ሙታንን ከኖባና ከሳባ፥ ከኢትዮጵያና ከሕንደኬ፥ ከአውራጃዎቻቸውና ከወሰናቸው ሁሉ ጋር ይገዛልና።
13eee548-75a0-5fd9-a62b-de04b9e6e69f,2e026591-197b-5ad4-adfb-669ef6938c48,bf5df40d-fd73-5213-af61-571b117472b2,10,10,በእጁ ባለው በትርም በየዋህነት ሁሉን ይጠብቃል፤ ብትሩም ከበትሮች ሁሉ ይበልጣልና በጎቹን በበትሩ ይጠብቃል።
e9339741-7f30-5979-a13a-0f666b875dac,2e026591-197b-5ad4-adfb-669ef6938c48,bf5df40d-fd73-5213-af61-571b117472b2,11,11,ቀንዱም ከቀንዶች ሁሉ ይበልጣል። መንግሥቱም ከመንግሥት ሁሉ ከፍ ይላል። ሥልጣኑም ዓለሙን ሁሉ የሚገዛ ነው፤ ሁሉንም የሚችል ነው፤ የሚሳነውም የለም።
1ba7fd56-4dc2-52f8-a097-a8beb932d876,2e026591-197b-5ad4-adfb-669ef6938c48,bf5df40d-fd73-5213-af61-571b117472b2,12,12,በላይ ደመናዎችን ያዝዛል፤ በታች ለእንስሳት ሣርን ያበቅላል፥ በዝርዝሩም ላይ ፍሬን ይሰጣል።
ffa31ca0-df80-57e1-afbd-7b3029beac07,2e026591-197b-5ad4-adfb-669ef6938c48,bf5df40d-fd73-5213-af61-571b117472b2,13,13,እንደ ወደደ ለሁሉ በየወገኑ ይመግባል፤ በየፍሬውም፥ በየምግቡም የፈጠረውን ሁሉ ይመግባል፤ በምድር በታችም ለገብረ ጕንዳን፥ ለኵብኩባ፥ ከምድር በላይም ለአውሬዎችና ለእንስሳት ይመግባቸዋል፤ ለሚጸልይም ጸሎቱን ይሰጠዋል፤ የባልቴቶችንና የሙት ልጆችን ልመና ቸል አይልም።
bc2daba3-d8b3-587c-a889-56d52c077505,2e026591-197b-5ad4-adfb-669ef6938c48,bf5df40d-fd73-5213-af61-571b117472b2,14,14,ይልቁንም በየጊዜው ወደ እርሱ የሚለምኑ የንጹሓንን ጸሎት ይቀበላል። የክፉ ሰዎች ወንጀላቸው እንደ ጥቅል ነፋስ፥ የበደለኞችም ጉባኤያቸው እንደ ጉም ሽንት ነውና።
2a8160e2-d6be-59fa-ab28-5ea528767c42,2e026591-197b-5ad4-adfb-669ef6938c48,bf5df40d-fd73-5213-af61-571b117472b2,15,15,ደስታቸውም እንደምትበር ወፍ ነውና፥ የብርና የወርቅ የሚሆን የመልካቸውም ደም ግባት በምድር ጠፊ ነውና ለዝንጉዎች መመርመሪያቸው ነው እንጂ ወርቃቸው አይጠቅማቸውም፤ ልብሳቸውንም ብል ይበላዋል።
a4c5d33a-df68-59e4-adb7-144e11894abf,2e026591-197b-5ad4-adfb-669ef6938c48,bf5df40d-fd73-5213-af61-571b117472b2,16,16,የእህሉና የስንዴው ድልብም በትልና በነቀዝ ይበላል፤ ሁሉም ትናንትና እንዳለፈችው ቀን ያልፋል፤ ከአፍ የወጣ ቃልም እንደማይመለስ የኃጥአን ብዕላቸው እንደዚሁ ነው፤ የአማረ አኗኗራቸውም እንደሚያልፍ ጥላ ነው፤ የኃጥኣንም ብዕላቸው በእግዚአብሔር ፊት እንደ ተውሶ ልብስ ነው።
432b1f80-5ac3-55fa-ab73-945fb95739ee,2e026591-197b-5ad4-adfb-669ef6938c48,bf5df40d-fd73-5213-af61-571b117472b2,17,17,ጻድቃን ግን ቢበለጽጉ እግዚአብሔር ቸል አይላቸውም፤ ለድሃ እየራሩ፥ የሙት ልጆችንና የችግረኞችን ፍርድ እያዳመጡ፥ ከልብሳቸውም ለተራቆቱት እያለበሱ፥ እግዚአብሔር ከሰጣቸው ከቤታቸው ጥሪት ቸል ሳይሉ ለስደተኛውና ለጦም አዳሪው ይሰጡ ዘንድ በልጽገዋልና።
6881b69f-ac38-5fbc-a241-3e992a1e0c64,2e026591-197b-5ad4-adfb-669ef6938c48,bf5df40d-fd73-5213-af61-571b117472b2,18,18,የመሃይምናንንም ፍርድ አያደሉም፤ የምንደኛውንም ደመወዝ አያሳድሩም፤ የእግዚአብሔር ነገር አፉ ሁለት እንደ ሆነ ሰይፍ እውነትና ክቡር ነውና በወራቶቻቸው ቍጥር፥ በሚዛናቸውም ልክ ዐመፅን አያደርጉም።
919013a2-68ba-53ba-a0f2-f3689dfe4212,0ac55b91-002b-57e3-af49-cea7b9c1b229,769dff44-991b-53a5-a1ad-ba8140407411,1,1,ድሆች ግን ዳግመኛ በመኝታቸው ያስባሉ፤ ባለጠጎች ካልተቀበሏቸውም ልምላሜ እንደሌለው እንደ ደረቅ እንጨት ይሆናሉ፤ ርጥበትም ከሌለ ሥር አይለመልምም፤ ሥርም ከሌለ ቅጠሉ አይለመልምም።
2ad806e6-5f7c-53e2-a01b-60582d2c45b0,0ac55b91-002b-57e3-af49-cea7b9c1b229,769dff44-991b-53a5-a1ad-ba8140407411,2,2,ቅጠል ለፍሬ ጌጥ ያገለግላልና ቅጠሉ ካልለመለመ ፍሬ አያፈራም፤ የሰው ራሱ የጽድቅ ፍሬ ነውና ፍሬ የሌለው በጎ ሥራ የለውም።
bb0a26f6-22f8-5117-abb3-5556386d13c1,0ac55b91-002b-57e3-af49-cea7b9c1b229,769dff44-991b-53a5-a1ad-ba8140407411,3,3,ጽድቅን ቢሠራ ቅንነትን ያፈራል፤ እግዚአብሔርም እውነትንና ቅንነትን በሚሠራ ሰው ደስ ይለዋል።
dbc83117-3c14-5421-a0ed-05705dda9acd,0ac55b91-002b-57e3-af49-cea7b9c1b229,769dff44-991b-53a5-a1ad-ba8140407411,4,4,ለሚጸልይም ጸሎቱንና የአንደበቱን ዋጋ ይሰጠዋል፤ ጻድቁንም ስለ ሠራው ጽድቅ አይበድለውም።
103a5367-249f-5730-ae4f-f529b5038e59,0ac55b91-002b-57e3-af49-cea7b9c1b229,769dff44-991b-53a5-a1ad-ba8140407411,5,5,እግዚአብሔር ጻድቅ ነውና፤ ጽድቅንም ይወድዳልና ኃጥኡን ስለ ሠራው ክፉ ሥራ ያለ ንስሓ አያጸድቀውም፤ የሰውም ሁሉ ነፍስ በእጁ ተይዟልና፥ ሰማይንና ምድርንም የሚገዛ ነውና በፍርድ ለባለጠጋና ለድሃ ፊት አያዳላም።
15742550-a809-53b5-a4e3-f5602329dbb2,f71712c5-b3ec-50ae-a796-03582f287120,9760ef1a-21c1-5567-ac7e-64a50d220f17,1,1,ዓለሙን ሁሉ ከአለመኖር ፈጠረ፤ ተራሮችንና ኮረብቶችንም ፈጽሞ አዘጋጀ፥ ምድርንም በውኃ ላይ አጸናት፤ እንዳትነዋወጥም በአሸዋ ወሰናት፤ በመጀመሪያ የእግዚአብሔር ቃሉ “ብርሃን ይሁን” ብሏልና።
26b3e739-063d-57fe-ad9e-5828ff8a66ed,f71712c5-b3ec-50ae-a796-03582f287120,9760ef1a-21c1-5567-ac7e-64a50d220f17,2,2,ዓለም በጨለማ ሳለ ብርሃን ሆነ፤ እግዚአብሔርም ሥራውን ሠራ፤ በሚገባና በተስተካከለ ዓለምን አዘጋጅቶ አጸናት፤ ምሽትና ጨለማ ይሁን አለ፤ ምሽትና ጨለማም ሆነ።
3ec3cad2-9943-53d7-a92b-0f0dd8d68e4c,f71712c5-b3ec-50ae-a796-03582f287120,9760ef1a-21c1-5567-ac7e-64a50d220f17,3,3,ዳግመኛም እግዚአብሔር ብርሃን ይሁን አለ፤ ነጋ፤ ብርሃንም ሆነ፤ የላይኛውንም ውኃ ወደ ሰማይ ከፍ ከፍ አደረገው።
8048a258-6bea-5ff4-afbb-f1282244b4d5,f71712c5-b3ec-50ae-a796-03582f287120,9760ef1a-21c1-5567-ac7e-64a50d220f17,4,4,እንደ ድንኳንም ዘረጋው፤ በነፋስም አጸናው፤ የታችኛውንም ውኃ በባሕሩ ጥልቅ በታች አኖረው።
6118abcb-dbe8-5c4f-a95b-63e174e4eb4b,f71712c5-b3ec-50ae-a796-03582f287120,9760ef1a-21c1-5567-ac7e-64a50d220f17,5,5,የባሕሩንም ቍልፍ በአሸዋ ዘጋው፤ ወደ ታችም እንዳይሰጥሙ በመንፈሱ አጸናቸው፤ አራዊትንና እንስሳትንም በውስጧ አኖራቸው፤ ታላላቆች እንስሳትንም፤ ቍጥር የሌላቸው የሚታዩና የማይታዩትንም በውስጧ አኖራቸው።
3e2d1c19-64bc-56ae-ab6f-3111e7f390db,f71712c5-b3ec-50ae-a796-03582f287120,9760ef1a-21c1-5567-ac7e-64a50d220f17,6,6,በሦስተኛው ቀን እግዚአብሔር በምድር ላይ አትክልትን፥ ሣሩን ሁሉ፥ እንጨቶችን፥ በየወገናቸው የሚያፈሩ ፍሬዎችንም፥
0202b1ce-c06e-5f3c-a8db-48d327d04f01,f71712c5-b3ec-50ae-a796-03582f287120,9760ef1a-21c1-5567-ac7e-64a50d220f17,7,7,ሊያዩትም ያማረ፥ ሊበሉትም የጣፈጠ ፈጠረ፤ የሕይወት ዛፍን፥ ሣርንም፥ ዘሩ ከውስጡ የሚገኝ ተክልንም ሁሉ ፈጠረ። ለከብቶችና ለአውሬዎች፥ ለወፎችም መብልን ፈጠረ፤ ለፈጠረውም ሁሉ ምግብን ሰጠ።
cf44edff-7b92-55f0-a69b-c53db849afe0,f71712c5-b3ec-50ae-a796-03582f287120,9760ef1a-21c1-5567-ac7e-64a50d220f17,8,8,ማታም ሆነ፤ ነጋም፤ በአራተኛዪቱም ቀን እግዚአብሔር በሰማይ ጠፈር ብርሃን ይሁን አለ፤ እግዚአብሔርም ፀሐይን፥ ጨረቃንና ከዋክብትን ፈጠረ። በምድር ላይ ያበሩ ዘንድ፥ መዓልትና ሌሊትንም ይመግቧቸው ዘንድ በሰማይ ጠፈር ሾማቸው።
6cd9f78a-9fce-5a75-ae1a-86279fe2917d,f71712c5-b3ec-50ae-a796-03582f287120,9760ef1a-21c1-5567-ac7e-64a50d220f17,9,9,ከዚህም በኋላ ፀሐይ፥ ጨረቃና ከዋክብት፥ መዓልትና ሌሊትም ተፈራረቁ።
8fe7620f-bf3e-5876-a97a-e72838530a10,f71712c5-b3ec-50ae-a796-03582f287120,9760ef1a-21c1-5567-ac7e-64a50d220f17,10,10,በአምስተኛዪቱም ቀን እግዚአብሔር በውኃ ውስጥ የሚኖሩ አራዊትንና እንስሳትን ሁሉ ፈጠረ፤ በሰማይ ላይ የሚበሩ ወፎችንም ሁሉ፥ የሚታየውንና የማይታየውን፥ ይህንም ሁሉ እግዚአብሔር ፈጠረ።
079b30b7-4b11-5f44-a3af-c43146e7a11b,f71712c5-b3ec-50ae-a796-03582f287120,9760ef1a-21c1-5567-ac7e-64a50d220f17,11,11,በስድስተኛዪቱም ቀን አውሬዎችንና እንስሳትን፥ ትሎችንም ፈጠረ፤ ሁሉንም ፈጥሮና አዘጋጅቶ አዳምን በአርአያውና በምሳሌው ፈጠረው።
5443b55c-3a60-5d11-a29e-d2dd71d80b77,f71712c5-b3ec-50ae-a796-03582f287120,9760ef1a-21c1-5567-ac7e-64a50d220f17,12,12,የፈጠራቸውን እንስሳትና አውሬዎችን ሁሉ ይነግሥባቸው ዘንድ ሰጠው፤ ዳግመኛም እንስሳትንና አራዊትን ሁሉ፥ ዓሣዎችንም ሁሉ፥ በባሕር ያሉ ዓሣ አንበሪዎችንም ሁሉ ሰጠው።
bebc6bf5-60d0-5166-a750-39d3fcfd213f,f71712c5-b3ec-50ae-a796-03582f287120,9760ef1a-21c1-5567-ac7e-64a50d220f17,13,13,በምድር ላይ ያሉ ላሞችን ሁሉና በጎችንም፥ የሚታየውንና የማይታየውን እንስሳ ሁሉ ሰጠው።
3c4fd657-d565-5f03-a23e-fad3d910e55a,f71712c5-b3ec-50ae-a796-03582f287120,9760ef1a-21c1-5567-ac7e-64a50d220f17,14,14,በመልኩና በምሳሌው የፈጠረው አዳምንም በገነት አኖረው፤ ይበላ ዘንድ፥ ገነትንም ይኰተኵታት ዘንድ፥ በዚያ እግዚአብሔርን ያመሰግነው ዘንድ አዘዘው።
25931813-13dc-570e-a9d9-e28393862790,f71712c5-b3ec-50ae-a796-03582f287120,9760ef1a-21c1-5567-ac7e-64a50d220f17,15,15,የእግዚአብሔርንም ትእዛዝ እንዳያፈርስ ሞትን ከሚያመጣ፥ ክፉና በጎንም ከሚያሳውቅ ዛፍ እንዳይበላ አዘዘው።
bbb50df7-49e3-5b74-ae24-73c74bf1d588,f71712c5-b3ec-50ae-a796-03582f287120,9760ef1a-21c1-5567-ac7e-64a50d220f17,16,16,“ከዚያ ዛፍ በበላችሁ ጊዜ ሞትን ትሞታላችሁ” ብሏልና።
682abc12-27b7-5cd3-a021-e30811842c01,f71712c5-b3ec-50ae-a796-03582f287120,9760ef1a-21c1-5567-ac7e-64a50d220f17,17,17,እናታችን ሔዋን በእባብ ማሳት ተሸንግላ ከዚያ ከዕፀ በለስ በላች፤ ለአባታችን ለአዳምም ሰጠችው።
6447feb6-845f-5886-a137-af312a472d82,f71712c5-b3ec-50ae-a796-03582f287120,9760ef1a-21c1-5567-ac7e-64a50d220f17,18,18,ከዚያም ዛፍ በላ፤ በራሱና በልጆቹም ላይ ሞትን አመጣ።
90ee3ac7-68a0-50c6-a2ca-0b83ccb1fb2e,f71712c5-b3ec-50ae-a796-03582f287120,9760ef1a-21c1-5567-ac7e-64a50d220f17,19,19,ትእዛዙን አፍርሷልና፥ እግዚአብሔር ከእርሱ አትብላ ብሎ ካዘዘው ከዚያም ከዕፀ በለስ በልትዋልና እግዚአብሔር በአባታችን በአዳም ላይ ተቈጣ፤ ከገነትም አስወጥቶ ሰደደው፤ ያርሳት ዘንድ፥ በፊቱም ወዝ የድካሙን ዋጋ ይበላ ዘንድ ትእዛዙን በአፈረሰ ጊዜ ስለ እርሱ የረገማትን፥ አሜከላና እሾህን የምታበቅል ያችን ምድር ሰጠው።
d1a6cd25-9b06-5bc5-a264-37c7729753c7,f71712c5-b3ec-50ae-a796-03582f287120,9760ef1a-21c1-5567-ac7e-64a50d220f17,20,20,እግዚአብሔርም ወደዚች ምድር በአወጣው ጊዜ አዳም ወደ ኀዘንና ወደ ልብ ትካዜ ተመለሰ። ምድርንም ያርሳት ዘንድ፥ በፊቱ ወዝ፥ በልፋትና በድካምም ይበላ ጀመር።
e7f250c0-ef6e-5704-a4ca-f29a1b392b6b,81bac29b-39be-58db-a662-ceac83d812fa,1b6020e4-2a0f-5253-abe2-1407c01f02a0,1,1,ከዚህም በኋላ ልጆቹ በዙ፤ ከእነርሱም እግዚአብሔርን የሚያመሰግኑትና የሚያከብሩት፥ ትእዛዙንም የማያፈርሱ ነበሩ።
e85e4082-db47-5f47-ad34-13fac6449b70,81bac29b-39be-58db-a662-ceac83d812fa,1b6020e4-2a0f-5253-abe2-1407c01f02a0,2,2,የሆነውንና የሚሆነውን የሚናገሩ ነቢያትም ነበሩ፤ ከልጆቹም ሐሰት የሚናገሩ፥ ሰውንም የሚበድሉ ኀጢአተኞች ነበሩ፤ የአዳም የበኸር ልጁ ቃየል ክፉ ሆነ፤ ወንድሙ አቤልንም ገደለው።
35fc4149-369d-5a91-ae67-4d9039b5956c,81bac29b-39be-58db-a662-ceac83d812fa,1b6020e4-2a0f-5253-abe2-1407c01f02a0,3,3,ወንድሙን አቤልንም ስለ ገደለ እግዚአብሔር በቃየል እጅግ ተቈጣ፤ ደሙንም ስለ ጠጣች እግዚአብሔር ምድርን ተቈጣት።
67cbb04b-a17c-5f72-a5c8-a3bfe0aeab4c,81bac29b-39be-58db-a662-ceac83d812fa,1b6020e4-2a0f-5253-abe2-1407c01f02a0,4,4,እግዚአብሔርም ቃየልን፥ “ወንድምህ አቤል ወዴት አለ?” አለው ቃየልም በልቡ ትዕቢት “የወንድሜ የአቤል ጠባቂ እኔ ነኝ?” አለ።
e6894426-a5c2-579b-aa0d-284f2a7eeb86,81bac29b-39be-58db-a662-ceac83d812fa,1b6020e4-2a0f-5253-abe2-1407c01f02a0,5,5,አቤልም ጻድቅ ነበረ፤ ቃየል ግን ደጉን ሰው ወንድሙን አቤልን በመግደል ኃጥእ ሆነ።
ac820ae8-ad58-5058-a368-f3d7b1f62a9e,81bac29b-39be-58db-a662-ceac83d812fa,1b6020e4-2a0f-5253-abe2-1407c01f02a0,6,6,ዳግመኛም ጻድቅ ሴት ተወለደ፤ አዳም ሠላሳ ሴቶችንና ሠላሳ ወንዶችን ወልዷልና። ከእነርሱም ደጋጎች ነበሩ፤ ክፉዎችም ነበሩ።
139530ae-e316-5ce9-a9ff-d122c3a3bae6,81bac29b-39be-58db-a662-ceac83d812fa,1b6020e4-2a0f-5253-abe2-1407c01f02a0,7,7,ከእነርሱም ነቢያትና ጻድቃን ነበሩ፥ ከእነርሱም ኃጥኣንና ሸንጋዮች ነበሩ።
0f8c62cc-6c32-5589-ae95-96ce7ee18a38,81bac29b-39be-58db-a662-ceac83d812fa,1b6020e4-2a0f-5253-abe2-1407c01f02a0,8,8,ከእነርሱም የአባታቸውን የአዳምን ፈቃድ፥ ከአዳም ጀምሮ የእግዚአብሔርን ትእዛዝ እስከ ጠበቀ እስከ ጻድቁ ኖኅ ድረስ፥ ለልጁ ለሴት የነገረውንም ሁሉ የሚፈጽሙ ደጋጎችና ቡሩካን ነበሩ።
a468acab-2c92-54cb-a9fd-8c0ecc7cfc90,81bac29b-39be-58db-a662-ceac83d812fa,1b6020e4-2a0f-5253-abe2-1407c01f02a0,9,9,እርሱም ለልጆቹ የእግዚአብሔርን ሕግ አስጠበቃቸው፤ የእግዚአብሔርንም ሕግ እንዳያፈርሱ አባታቸው ኖኅ እንደ ነገራቸው እነርሱም ለልጆቻቸው ይነግሩ ዘንድ፥ የእግዚአብሔርንም ሕግ ይጠብቁ ዘንድ አደራ አላቸው።
23a2d94c-3888-525f-afc0-20664fa7bce2,81bac29b-39be-58db-a662-ceac83d812fa,1b6020e4-2a0f-5253-abe2-1407c01f02a0,10,10,እነርሱም ከእነርሱ በኋላ ለልጆቻቸው እያስተማሯቸው ኖሩ።
6616d254-5040-591b-ad86-1d5b64b62652,81bac29b-39be-58db-a662-ceac83d812fa,1b6020e4-2a0f-5253-abe2-1407c01f02a0,11,11,ሰይጣን ግን አባቶቻቸውን ለመቃብር በአደረሱ፥ ሥዕል ባለባቸው ጣዖታት አድሮ፥ እሺ የሚሉትን ሰዎች ሲወጋቸውና ሲናገራቸው ኖረ፤ ያም የክፋት መምህር ያዘዛቸውን ሁሉ ሲያደርጉ ኖሩ።
351a6bda-eba3-507c-af38-5396c5dd3995,81bac29b-39be-58db-a662-ceac83d812fa,1b6020e4-2a0f-5253-abe2-1407c01f02a0,12,12,የእግዚአብሔርንም ፈቃድ የሚፈጽም ጻድቅ አብርሃም እስኪነሣ ድረስ እንደ ሥርዐታቸው ጣዖቱን ሲያመልኩ ኖሩ።
099c20af-04ea-5364-afa5-d84d4a0e1bf9,81bac29b-39be-58db-a662-ceac83d812fa,1b6020e4-2a0f-5253-abe2-1407c01f02a0,13,13,እግዚአብሔርም ከእርሱ ጋራ በእሳትና በአውሎ ቃል ኪዳን አደረገ። ከዘመዶቹ ተለይቶ በጽድቅ መንገድ መሔድን እርሱ ቀድሞአልና።
a60d494a-39a6-5efb-a413-5d682cb04ab6,81bac29b-39be-58db-a662-ceac83d812fa,1b6020e4-2a0f-5253-abe2-1407c01f02a0,14,14,እግዚአብሔርም ለእርሱና ለልጆቹ ምድረ ርስትን እስከ ዘለዓለም ድረስ ይሰጣቸው ዘንድ ማለለት።
062b668e-059b-5cf2-a59f-9ce745808ed3,81bac29b-39be-58db-a662-ceac83d812fa,1b6020e4-2a0f-5253-abe2-1407c01f02a0,15,15,እንዲሁም ለይስሐቅ የአባቱን የአብርሃምን ርስት ይሰጠው ዘንድ ማለለት፤ ለያዕቆብም እንዲሁ የአባቱን የይስሐቅን ርስት ይሰጠው ዘንድ ማለለት፤
b54ef382-6cb8-533a-a6f4-0155acad74fa,81bac29b-39be-58db-a662-ceac83d812fa,1b6020e4-2a0f-5253-abe2-1407c01f02a0,16,16,ከእነርሱም በኋላ ዘራቸውን የያዕቆብን ልጆች ከዐሥራ ሁለቱ ነገደ እስራኤል ነገሥታትና ካህናት አደረጋቸው፤ ባረካቸው፤ “ብዙ፥ የብዙ ብዙም ሁኑ” አላቸው።
74cd805c-a0eb-501c-a9c6-dd971fbc55be,81bac29b-39be-58db-a662-ceac83d812fa,1b6020e4-2a0f-5253-abe2-1407c01f02a0,17,17,የአባቶቻቸውንም ርስት ሰጣቸው፤ ነገር ግን እየመገባቸው፥ በሁሉም እየወዳደቸው ሳለ እግዚአብሔርን ማሳዘን አልተዉም።
ca11ec8b-1c6f-5fb7-af23-5bf97761cf5d,81bac29b-39be-58db-a662-ceac83d812fa,1b6020e4-2a0f-5253-abe2-1407c01f02a0,18,18,ባጠፋቸውም ጊዜ ያንጊዜ ይፈልጉታል፤ ተመልሰውም ወደ እግዚአብሔር ይገሠግሣሉ፤ እግዚአብሔርም ይወድዳቸዋልና ይቅር ይላቸዋል።
685a2a29-4f38-59d3-a2df-dac2b6a2fe6d,81bac29b-39be-58db-a662-ceac83d812fa,1b6020e4-2a0f-5253-abe2-1407c01f02a0,19,19,ስለ ራሳቸውም አይደለም፤ ስለ አባቶቻቸው ነው እንጂ፥ ለፈጠረው ሁሉ መሓሪና ይቅር ባይ ነውና።
93d48d6b-4e4c-50a8-a3b6-be2da4e398ee,81bac29b-39be-58db-a662-ceac83d812fa,1b6020e4-2a0f-5253-abe2-1407c01f02a0,20,20,የተራበች ሰውነትንም ያጠግብ ዘንድ ቀኝ እጁን በበረከት ይዘረጋል፤ ለምግብ እህልን ያበዛ ዘንድ ለምሕረት ዐይኑን ይገልጣል።
7fc6f3d9-471b-51ec-a6d8-de9872d57f8c,81bac29b-39be-58db-a662-ceac83d812fa,1b6020e4-2a0f-5253-abe2-1407c01f02a0,21,21,ለቍራዎች ጫጩቶችና ለሚጠሩት ሁሉ ምግብን ይሰጣቸዋል፤ ወደ እርሱም በጮሁ ጊዜ፥ የእስራኤልን ልጆች ከጠላቶቻቸው እጅ ያድናቸዋል።
8413ddf6-938f-5d3c-a1ab-986a34a202cf,81bac29b-39be-58db-a662-ceac83d812fa,1b6020e4-2a0f-5253-abe2-1407c01f02a0,22,22,ዳግመኛም ያሳዝኑት ዘንድ ይመለሳሉ፤ እርሱም በዙሪያቸው ያሉ ጠላቶቻቸውን አሕዛብን ልኮ ያጠፏቸዋል፥ ይገድሏቸዋል፥ ይማርኳቸዋልም።
5d3f975d-904f-5126-a37a-334008f391fe,81bac29b-39be-58db-a662-ceac83d812fa,1b6020e4-2a0f-5253-abe2-1407c01f02a0,23,23,ዳግመኛም በጩኸትና በልቅሶ ወደ እግዚአብሔር ይጮኻሉ፤ እርሱም ረዳትን ይልክላቸዋል፤ በነቢያት እጅም ያዳነበት ጊዜ አለ።
624a54d3-85b2-5f7e-aa01-1a94309857e5,81bac29b-39be-58db-a662-ceac83d812fa,1b6020e4-2a0f-5253-abe2-1407c01f02a0,24,24,በመሳፍንትም እጅ ያዳነበት ጊዜ አለ፤ እግዚአብሔርንም ባሳዘኑት ጊዜ ጠላቶቻቸው አስገበሯቸው፤ ማረኳቸውም።
134c2bcd-c701-5882-ac3f-79f747030489,81bac29b-39be-58db-a662-ceac83d812fa,1b6020e4-2a0f-5253-abe2-1407c01f02a0,25,25,ዳዊትም ተነሥቶ ከኢሎፍላውያን እጅ አዳናቸው፤ ዳግመኛም እግዚአብሔርን አሳዘኑት፤ የሚያስጨንቋቸውንም አስነሣባቸው።
8dedec38-9990-56b9-a6aa-415df38cde10,81bac29b-39be-58db-a662-ceac83d812fa,1b6020e4-2a0f-5253-abe2-1407c01f02a0,26,26,በዮፍታሔም እጅ ያዳነበት ጊዜ አለ፤ ዳግመኛም ያዳናቸውን እግዚአብሔርን ዘነጉት። እግዚአብሔር ፍዳውን አምጥቶባቸዋልና ክፉ የሆኑ፥ መከራን የሚያጸኑባቸውን፥ ፈጽመውም የሚማርኳቸውን ጠላቶችን ይልክባቸዋል።
7b3c02fa-c0d0-596b-a0cc-f6d969921d7e,81bac29b-39be-58db-a662-ceac83d812fa,1b6020e4-2a0f-5253-abe2-1407c01f02a0,27,27,ዳግመኛም በተጨነቁ ጊዜ ወደ እርሱ ጮሁ፤ እርሱም በጌዴዎን እጅ አዳናቸው፤ ዳግመኛም በእጃቸው ሥራ እግዚአብሔርን አሳዘኑት።
583da9a8-24f8-5d8d-aa1f-d5a25ece7ae4,81bac29b-39be-58db-a662-ceac83d812fa,1b6020e4-2a0f-5253-abe2-1407c01f02a0,28,28,እርሱም ዳግመኛ የሚያሰቃዩአቸውን ላከባቸው፤ ተመልሰውም ወደ እግዚአብሔር አለቀሱ፤ ጮኹም።
757754ef-c613-5c90-ad87-d42baaec72cd,81bac29b-39be-58db-a662-ceac83d812fa,1b6020e4-2a0f-5253-abe2-1407c01f02a0,29,29,ዳግመኛም በሶምሶን እጅ አዳናቸው፤ ጥቂትም ዐረፉ። አስቀድመውም በሠሩት ክፋታቸው እግዚአብሔርን ያሳዝኑት ዘንድ ተነሡ።
dfec874b-f611-51d5-a3eb-b564e66eeccc,81bac29b-39be-58db-a662-ceac83d812fa,1b6020e4-2a0f-5253-abe2-1407c01f02a0,30,30,እርሱም ዳግመኛ የሚያስጨንቋቸውን ሌሎችን ላከባቸው። ዳግመኛም ረዳትን ይልክላቸው ዘንድ ወደ እግዚአብሔር ጮሁ፤ አለቀሱም፤ በባርቅና በዲቦራም እጅ አዳናቸው።
6abef87e-ca87-5a72-a535-4d4bc36ca8f5,81bac29b-39be-58db-a662-ceac83d812fa,1b6020e4-2a0f-5253-abe2-1407c01f02a0,31,31,ዳግመኛም እግዝአብሔርን እያመለኩት ጥቂት ዘመን ኖሩ፤ ዳግመኛም ረሱት፤ በቀደመ ክፋታቸውም እግዚአብሔርን አሳዝኑት።
11921ba6-46b0-54f5-a28c-599b5635b29a,81bac29b-39be-58db-a662-ceac83d812fa,1b6020e4-2a0f-5253-abe2-1407c01f02a0,32,32,እርሱም የሚያስጨንቋቸውን ሌሎችን ላከባቸው፤ ዳግመኛም በዮዲት እጅ አዳናቸው፤ ዳግመኛም ጥቂት ወራት ተቀምጠው እንደ ቀደመው እግዚአብሔርን በክፋታቸው ያሳዝኑት ዘንድ ተነሡ።
65a675bf-4b75-55d2-acb8-5da429a312c2,81bac29b-39be-58db-a662-ceac83d812fa,1b6020e4-2a0f-5253-abe2-1407c01f02a0,33,33,እርሱም የሚገዟቸው አሕዛብን አስነሣባቸው፤ እነርሱም ወደ እግዚአብሔር ጮሁ፤ አለቀሱም፤ በማታትዩና በልጆቹ እጅ በቤት ማዕዘን ላይ አዳናቸው።
f4cc67f5-9001-5868-aba2-812ca766fddc,81bac29b-39be-58db-a662-ceac83d812fa,1b6020e4-2a0f-5253-abe2-1407c01f02a0,34,34,የይሁዳን ሀገር ይወጋ ዘንድ የመጣው አሂሜሌክ የረዓይታዊውን ራስ መትቶታልና፤ ያም ራዓይታዊ በሞተ ጊዜ ሠራዊቱ ተበተኑ፤ ሸሹም፤ የእስራኤልም ልጆች እስከ ኢያቦቅ ወጉአቸው፤ ከእነርሱም አንድ እንኳ የሚሸሽ አላስቀሩም።
8fedb7ec-08e7-53bc-a0f1-77d3f6d45e4c,81bac29b-39be-58db-a662-ceac83d812fa,1b6020e4-2a0f-5253-abe2-1407c01f02a0,35,35,ከዚህ በኋላ ጥቂት ቈይተው እግዚአብሔርን ያሳዝኑት ዘንድ ተነሡ፤ እርሱም የሚገዟቸው አሕዛብን አስነሣባቸው፤ ዳግመኛም ወደ እግዚአብሔር ጮሁ፤ አለቀሱም፤ እግዚአብሔርም ሁልጊዜ አሳዝነውታልና፥ ሕጉንም ረስተዋልና እግዚአብሔር ጩኸታቸውንና ልቅሷቸውን ቸል አለ።
1e14b505-3ba6-51d0-a667-bbd92ebaa8b6,81bac29b-39be-58db-a662-ceac83d812fa,1b6020e4-2a0f-5253-abe2-1407c01f02a0,36,36,ማርከውም ከካህናቶቻቸው ጋር ወደ ከለዳውያን ሀገር ወሰዷቸው።
d212cc67-2345-57cc-a66c-d6ce74175885,81bac29b-39be-58db-a662-ceac83d812fa,1b6020e4-2a0f-5253-abe2-1407c01f02a0,37,37,በዚያም ኀጢአትን እየሠሩ፥ ጣዖትንም እያመለኩ ከዳተኞች የእስራኤል ልጆች እግዚአብሔርን ማሳዘንን አልተዉም። ከማረኩዋቸው ከአሕዛብም ጋር ተቀላቀሉ።
0bdcd0d8-00c3-51dd-a1bd-46709a0f9f88,81bac29b-39be-58db-a662-ceac83d812fa,1b6020e4-2a0f-5253-abe2-1407c01f02a0,38,38,እግዚአብሔርም በዚያ በኀጢአታቸው አንድ ጊዜ ያጠፋቸው ዘንድ ተቈጣ፤ በንጉሡም ሣጥን እልፍ ወርቅን አግብቶ በታወቀች ቀን ያጠፋቸው ዘንድ በነገረው ጊዜ ከሕንደኬ ጀምሮ እስከ ኢትዮጵያ ድረስ በፋርስ ሀገር ልጆቻቸውን እንዳያስቀር በንጉሡ በአርጤክስስ ልቡና ቍጣን አሳደረ።
b63e7140-1841-5337-aefa-d8826c2f6e48,81bac29b-39be-58db-a662-ceac83d812fa,1b6020e4-2a0f-5253-abe2-1407c01f02a0,39,39,እንዲህም አደረገ፥ በንጉሡ ፈቃድ የመልእክት ደብዳቤ ጻፈ፤ ወደ ፋርስም ሀገር ያደርስ ዘንድ በእጁ ያለ ማኅተምን ሰጠው።
053f3b45-a5e7-5e1b-a855-cab8920f4def,81bac29b-39be-58db-a662-ceac83d812fa,1b6020e4-2a0f-5253-abe2-1407c01f02a0,40,40,ንጉሥ እንዳዘዘ ሊያጠፋቸው በወደደባት ባንዲት ቀን ያጠፋቸው ዘንድ ማኅተምን ሰጠው፤ ብዝበዛቸውን ወርቁንና ብሩን ግን ወደ ንጉሡ ሣጥን ያገቡ ዘንድ አዘዘ።
a90b267a-017c-541f-a21e-c03b42264ab0,81bac29b-39be-58db-a662-ceac83d812fa,1b6020e4-2a0f-5253-abe2-1407c01f02a0,41,41,ያንጊዜም የእስራኤል ልጆች ይህን በሰሙ ጊዜ ወደ እግዚአብሔር ፈጽመው ጮሁ፤ አለቀሱም፤ ለመርዶክዮስም ነገሩት፤ መርዶክዮስም ለአስቴር ነገራት።
2b2e975f-158f-57d0-a9de-d783f591942f,81bac29b-39be-58db-a662-ceac83d812fa,1b6020e4-2a0f-5253-abe2-1407c01f02a0,42,42,አስቴርም“ጹሙ፤ ጸልዩም፤ የእስራኤል ልጆች ወገኖችም ሁሉ ባላችሁበት ቦታ ወደ እግዚአብሔር ጩሁ” አለች።
db598a3f-f64b-5a0c-ae38-de8015f3845a,81bac29b-39be-58db-a662-ceac83d812fa,1b6020e4-2a0f-5253-abe2-1407c01f02a0,43,43,መርዶክዮስም ማቅ ለበሰ፤ በራሱም ትቢያን ነሰነሰ፤ የእስራኤልም ልጆች ባሉበት ሀገር ጾሙ፤ ጸለዩም፤ ንስሓም ገቡ።
277d5613-1d5c-5322-ada9-b6ca3c351753,81bac29b-39be-58db-a662-ceac83d812fa,1b6020e4-2a0f-5253-abe2-1407c01f02a0,44,44,አስቴርም እጅግ አለቀሰች፤ ንግሥትም ስትሆን ማቅ ለበሰች፤ ትቢያንም ነሰነሰች፤ ራሷንም ተላጨች፤ የፋርስም ንግሥታት እንደሚያደርጉት ሽቱን አልተቀባችም፤ በጥልቅ ልቡናዋም ወደ አባቶችዋ ፈጣሪ ወደ እግዚአብሔር ጮኸች፤ አለቀሰችም።
862f562c-173f-57c9-a1b5-283f854f8493,81bac29b-39be-58db-a662-ceac83d812fa,1b6020e4-2a0f-5253-abe2-1407c01f02a0,45,45,ስለዚህም በፋርስ ንጉሥ በአርጤክስስ ፊት ሞገሰን ሰጣት፤ ስለ አባቶችዋም ፈጣሪ ታላቅ ግብዣን አደረገች።
5b370df3-e390-5a5c-a9ba-c4d797041501,81bac29b-39be-58db-a662-ceac83d812fa,1b6020e4-2a0f-5253-abe2-1407c01f02a0,46,46,ንጉሡና ሐማም አስቴር ወደ አዘጋጀችው ምሳ ገቡ፤ በዚያም በመርዶክዮስ ላይ ያደርግ ዘንድ እንደ ወደደ እግዚአብሔር ለሐማ ፍዳውን ከፈለው፤ በረጅም እንጨት ላይም ሰቀሉት።
41fb3c3a-f9a1-51e1-ac5c-467781091761,81bac29b-39be-58db-a662-ceac83d812fa,1b6020e4-2a0f-5253-abe2-1407c01f02a0,47,47,በፈቃዳቸው ሁሉ እንዳሉ እስራኤልን ይተዋቸው ዘንድ፥ እንዳያስገብሯቸውም፥ እንዳይቀሟቸውም፥ እንዳይበድሏቸውም፥ ገንዘባቸውንም እንዳይወስዱባቸው የንጉሡ ደብዳቤ ተላለፈ።
59e9ab5a-a5d2-5b01-abe4-f41fcc74531b,81bac29b-39be-58db-a662-ceac83d812fa,1b6020e4-2a0f-5253-abe2-1407c01f02a0,48,48,ሀገራቸውን እንዳያጠፉ፥ ከብቶቻቸውንም እንዳይማርኩ፥ ነገር ግን በፋርስ ሀገር ሁሉ ይወድዷቸውና ያከብሯቸው ዘንድ ደብዳቤው ተላለፈ። በንስሓ ወደ እርሱ በለመኑና በጮኹ ጊዜ እግዚአብሔር እስራኤልን እንዲህ ይቅር ይላቸዋልና።
2149073d-32e4-582b-a60c-0bbe0afa138d,81bac29b-39be-58db-a662-ceac83d812fa,1b6020e4-2a0f-5253-abe2-1407c01f02a0,49,49,ባሳዘኑትም ጊዜ የሚያስጨንቋቸው አሕዛብን ያስነሣባቸዋል፤ ያንጊዜም ረዳታቸውን ይልክላቸው ዘንድ መከራ ከሚያጸኑባቸው ከአሕዛብም እጅ ያድናቸው ዘንድ ፈጽመው ያለቅሳሉ፤ ይጮኻሉም።
7b01e5bd-f64b-5ba9-af84-6530720fdb16,e367c938-9f89-587e-adf3-5a651efbe3e2,425d760b-a08a-5fd3-aa30-2ef28287b22a,1,1,የግብፅም ሰዎች የእስራኤልን ልጆች በጭንቅ፥ ጡብ በማሠራት፥ በሚያሠሩአቸውም ሥራ ሁሉ፥ ያለ ገለባ ጭቃ በማስረገጥ በአስጨነቋቸው ጊዜ፥
09de4b8d-c0fb-5739-ab59-3faa479d4612,e367c938-9f89-587e-adf3-5a651efbe3e2,425d760b-a08a-5fd3-aa30-2ef28287b22a,2,2,ሠሪዎችን የሚያፋጥኑ አለቆችንም በእነርሱ ላይ ሾመው ባሠሯቸው ጊዜ የግብፅን ጡብ ሁሉ ከመሥራት ያድናቸው ዘንድ ወደ እግዚአብሔር ጮሁ።
5f0502cb-998e-5068-a133-4a999a7ecf94,e367c938-9f89-587e-adf3-5a651efbe3e2,425d760b-a08a-5fd3-aa30-2ef28287b22a,3,3,የዚያን ጊዜም የሚረዷቸውን ሙሴንና አሮንን ላከላቸው፤ ከግብፅ ንጉሥ ከፈርዖን አገዛዝ ቤት ወገኖቹን ያወጡ ዘንድ እግዚአብሔር ልኳቸዋልና ከጡብ ሥራ አዳኗቸው፤ ለእግዚአብሔር እንዳይገዙ፥ በምድረ በዳም መሥዋዕት እንዳይሠዉ በትዕቢቱ እስራኤልን ማሰናበት እንቢ ብሏልና።
e7216d3a-156e-5c80-a99b-ddb521ebb47e,e367c938-9f89-587e-adf3-5a651efbe3e2,425d760b-a08a-5fd3-aa30-2ef28287b22a,4,4,እግዚአብሔርም ትዕቢተኞችን ቸል ይላቸዋልና ፈርዖንን ስለ ትዕቢቱ ከሠራዊቱ ጋር በኤርትራ ባሕር አሰጠመው።
bf5aa169-6348-56d4-af74-ba4a8b6350c9,e367c938-9f89-587e-adf3-5a651efbe3e2,425d760b-a08a-5fd3-aa30-2ef28287b22a,5,5,እንዲሁም ነገሥታትና መኳንንት ሲሆኑ የእግዚአብሔርን ቃል ቸል የሚሉ፥ ፈቃዱንም ይፈጽሙለት ዘንድ፥ በበጎም ነገር ለሚያገለግሉ ሰዎች ደመወዛቸውን ይሰጧቸው ዘንድ፥ ገናና ስሙንም ያከብሩ ዘንድ በሾማቸውና በአነገሣቸው ሁሉ መልካም ያልሠሩትን ቸል ይላቸዋል።
597ebc94-b584-51ea-a987-0c769606cadd,e367c938-9f89-587e-adf3-5a651efbe3e2,425d760b-a08a-5fd3-aa30-2ef28287b22a,6,6,“መንግሥቴን ቢያቀኑ መንግሥታቸውን አቀናላቸዋለሁ ይላል ሁሉን የሚችል እግዚአብሔር።
b9fce4e0-9708-5660-a4ed-2b27a22a63b5,e367c938-9f89-587e-adf3-5a651efbe3e2,425d760b-a08a-5fd3-aa30-2ef28287b22a,7,7,መልካም አድርጉልኝ፤ እኔም መልካም አደርግላችኋለሁ፤ ትእዛዜን ጠብቁ፤ እኔም ሰውነታችሁን እጠብቃለሁ፤ በትእዛዜ ሒዱ፤ እኔም እንደ ልቡናችሁ እሔዳለሁ።
8a4dc4eb-cebf-50bc-ac71-23899dbe9e87,e367c938-9f89-587e-adf3-5a651efbe3e2,425d760b-a08a-5fd3-aa30-2ef28287b22a,8,8,እኔን ውደዱ፤ እኔም ሕይወታችሁን እወድዳለሁ፤ ወደ እኔ ተጠጉ፥ እኔም አጸናችኋለሁ።
4d37b915-d0f0-5ac3-a947-25acf6314cd8,e367c938-9f89-587e-adf3-5a651efbe3e2,425d760b-a08a-5fd3-aa30-2ef28287b22a,9,9,በእኔ እመኑ፤ እኔም አድናችኋለሁ ይላል ሁሉን የሚችል እግዚአብሔር።
c57bb915-96b3-51c6-a854-7bdfa5d617d1,e367c938-9f89-587e-adf3-5a651efbe3e2,425d760b-a08a-5fd3-aa30-2ef28287b22a,10,10,እናንተ አግድም አግድም አትሒዱ፤ እናንተ ቅረቡኝ፤ እኔም እቀርባችኋለሁ፤ ቀና መንገዶችን እወድዳለሁና ይላል ሁሉን የሚችል እግዚአብሔር። ኃጥኣንና ከዳተኞች፥ እጆቻችሁን አንጹ፤ የልቡናችሁንም ክፋት አስወግዱ፤
c34dbc85-31af-5348-af51-c928a75a678d,e367c938-9f89-587e-adf3-5a651efbe3e2,425d760b-a08a-5fd3-aa30-2ef28287b22a,11,11,እኔም ቍጣዬን ከእናንተ አርቃለሁ፤ በይቅርታና በምሕረትም እመለስላችኋለሁ።
2432fdc6-65af-5f3c-ae49-26b99b8b3484,e367c938-9f89-587e-adf3-5a651efbe3e2,425d760b-a08a-5fd3-aa30-2ef28287b22a,12,12,በደልን የሚሠሩ ወንጀለኞች ጠላቶችንም ከእናንተ አርቃለሁ፤ ባሪያዬ ዳዊትን ከተገናኙት ከጠላቶቹ ከብዙ ተንኰላቸው፥ አርበኛ ከሆነ ከጎልያድም እጅ፥ ይገድለውም ዘንድ ከፈለገው ከሳኦል እጅ፥ መንግሥቱን ይወስድ ዘንድ ከወደደ ከልጁ ከአቤሴሎምም እጅ እንዳዳንሁት፥
f3b03e66-6bbd-53b9-ab1f-b12ec9ff59f8,e367c938-9f89-587e-adf3-5a651efbe3e2,425d760b-a08a-5fd3-aa30-2ef28287b22a,13,13,ሕጌን የሚጠብቁ፥ ፈቃዴንም የሚፈጽሙ ሰዎችንም እንደ እርሱ አድናቸዋለሁ፤ ክብርንም አወርሳቸዋለሁ፤ በዚህም ዓለም በሚመጣውም ዓለም ደስ ይላቸው ዘንድ በሁሉ ላይ አነግሣቸዋለሁ።”
86e7c8e0-7ebf-5ecc-a48b-56fd8243c522,e367c938-9f89-587e-adf3-5a651efbe3e2,425d760b-a08a-5fd3-aa30-2ef28287b22a,14,14,እርሱ ሕጻን ሆኖ ሳለ ከሕጻንነቱ ጀምሮ በአማረ አኗኗሩ እግዚአብሔር እንደ መረጠው እንደ ሳሙኤል በአማረ አኗኗራቸው እግዚአብሔርን ካገለገሉ ቡሩካን ነገሥታት ጋር አንድ ይሆናሉ።
c34ae4eb-e15d-5a91-a22d-a7e2fa9ff070,e367c938-9f89-587e-adf3-5a651efbe3e2,425d760b-a08a-5fd3-aa30-2ef28287b22a,15,15,ሥራው መልካም ለሆነ ለአረጋዊው ካህን ለኤሊ ይነግረው ዘንድ በእግዚአብሔር አምላክ ማደሪያ ሲያገለግል ለነቢዩ ሳሙኤል ነገረው።
5f7b1bc1-0b10-5b41-a83c-4bfcf366081f,e367c938-9f89-587e-adf3-5a651efbe3e2,425d760b-a08a-5fd3-aa30-2ef28287b22a,16,16,በእግዚአብሔርም ቤት እያገለገለ በአደገ ጊዜ በእግዚአብሔር ትእዛዝ ሕዝቡን እንዲሾምና ነገሥታቱን እንዲቀባ አደረገው። እግዚአብሔርም ከእስራኤል ልጆች የመረጠውን ወገን ይሾም ዘንድ ወድዶታልና የፈጠረው የእግዚአብሔርን ፈቃድ በፈጸመ ጊዜ በእጁ ቅብዐ መንግሥትን ሰጠው።
9b122a93-c6ab-5235-ae94-b1f86b628e58,e367c938-9f89-587e-adf3-5a651efbe3e2,425d760b-a08a-5fd3-aa30-2ef28287b22a,17,17,ሳኦልም በመንግሥቱ ሳለ እግዚአብሔር ነቢዩ ሳሙኤልን እንዲህ አለው፥ “ከይሁዳ ወገን የተወለደ የዕሤይ ልጅ ዳዊትን ወድጄዋለሁና ሒድና ቅባው።”
0bd1f798-1821-5c75-a04b-c0cafc857f1f,f45bbed4-6af3-5ca7-a821-369fc78fe269,cba2ba9e-192f-5960-aaa4-f709e5a2115e,1,1,“ቃሌን ስለ ተላለፈ አሳዝኖኛልና የሳኦልን ወገን ጠላሁ።
5b703185-e697-57fe-a2ad-3d8555a156cf,f45bbed4-6af3-5ca7-a821-369fc78fe269,cba2ba9e-192f-5960-aaa4-f709e5a2115e,2,2,እኔም ቸል አልሁት፤ ዳግመኛም ቃሌን አልጠበቀምና ከወገኑ አላነግሥም።
5f653e6f-7641-5b37-ab36-86c23e980dc7,f45bbed4-6af3-5ca7-a821-369fc78fe269,cba2ba9e-192f-5960-aaa4-f709e5a2115e,3,3,እንደዚሁም ቃሌን ከማይጠብቁ፥ በሕጌና በሥርዐቴ ከማይሔዱ መንግሥቴንና ስጦታዬን እስከ ዘለዓለሙ ድረስ ከልጆቻቸው እከለክላለሁ።
c2566c79-f23b-58de-a4c8-88d94bf15f26,f45bbed4-6af3-5ca7-a821-369fc78fe269,cba2ba9e-192f-5960-aaa4-f709e5a2115e,4,4,ባገነንኋቸው ጊዜ አያገኑኝምና፥ በአከበርኳቸውም ጊዜ አያከብሩኝምና አጠፋቸዋለሁ እንጂ ደግሜ ላከብራቸው አልመለስም።
d1aa9931-57eb-5009-a884-5a5704b37a0c,f45bbed4-6af3-5ca7-a821-369fc78fe269,cba2ba9e-192f-5960-aaa4-f709e5a2115e,5,5,በጎ ነገርን ባደረግሁላቸውም ጊዜ አያደርጉልኝም፤ ይቅር ባልኋቸውም ጊዜ ይቅር አይሉልኝም።
89d0b9ee-d87b-5180-a315-11d19fbb79c0,f45bbed4-6af3-5ca7-a821-369fc78fe269,cba2ba9e-192f-5960-aaa4-f709e5a2115e,6,6,በሁሉም ላይ ገዢ ባደረግኋቸው ጊዜ ገዢ አላደረጉኝም፤ ከሁሉ ይልቅ ባከበርኋቸውም ጊዜ አያከብሩኝም፤ ትእዛዜንም አይጠብቁም።
a4d59793-bce3-5b8f-ac29-d67e1e3d0d42,f45bbed4-6af3-5ca7-a821-369fc78fe269,cba2ba9e-192f-5960-aaa4-f709e5a2115e,7,7,“እኔም የሰጠኋቸውን ስጦታ ነሳኋቸው፤ በቍጣዬም እንደ ማልሁ አልመልስላቸውም፤ ሁሉን የሚችል እግዚአብሔር እንዲህ ይላል፦ ያከበረኝን አከብረዋለሁ፤ የወደደኝንም እወድደዋለሁ።
79f56e07-c735-564d-a463-49c057089e5d,f45bbed4-6af3-5ca7-a821-369fc78fe269,cba2ba9e-192f-5960-aaa4-f709e5a2115e,8,8,ያላከበሩኝን፥ ሕጌንም ያልጠበቁትን ከሰጠኋቸው ስጦታ እለያቸዋለሁ።
d291af8a-e112-568d-a3a7-eb73f2c83ba6,f45bbed4-6af3-5ca7-a821-369fc78fe269,cba2ba9e-192f-5960-aaa4-f709e5a2115e,9,9,ሁሉን የሚችል እግዚአብሔር እንዲህ ይላል፦ የወደደኝን እወድደዋለሁ፤ ያገነነኝንም አገንነዋለሁ፤
a680bbe4-3a7d-592a-a6a1-777d03e9967d,f45bbed4-6af3-5ca7-a821-369fc78fe269,cba2ba9e-192f-5960-aaa4-f709e5a2115e,10,10,እኔ እግዚአብሔር ሁሉን የምችል ነኝና በላይ በሰማይ፥ በታችም በምድር ከእጄ የሚያመልጥ የለም፤ የምገድል፥ የማድንም፥ የምገርፍ፥ ይቅርም የምል እኔ እግዚአብሔር ነኝና።
cbc43401-dfd1-5319-ac3b-55976c359cd3,f45bbed4-6af3-5ca7-a821-369fc78fe269,cba2ba9e-192f-5960-aaa4-f709e5a2115e,11,11,ክብርና ገናናነትም የእኔ ነው፤ የወደድሁትን አከብረዋለሁ፤ የጠላሁትንም አዋርደዋለሁ፤ የምፈርድና የምበቀል እኔ ነኝና።
77f34b5f-9198-5e1e-a77d-1963c3f1f6b2,f45bbed4-6af3-5ca7-a821-369fc78fe269,cba2ba9e-192f-5960-aaa4-f709e5a2115e,12,12,“የሚወድዱኝንና ስሜን ሁልጊዜ የሚጠሩትን ይቅር የምል እኔ ነኝ፤ ለባለጠጋውና ለድሃው ምግብ የምመግብ እኔ ነኝ።
8a3431e9-934e-508e-a32b-650a18c33900,f45bbed4-6af3-5ca7-a821-369fc78fe269,cba2ba9e-192f-5960-aaa4-f709e5a2115e,13,13,ሰውን ብቻ አይደለም፤ ነገር ግን ወፎችንና እንስሶችን፥ በባሕር ያሉ ዓሣዎችንና አውሬዎችን፥ እባቦችንም እመግባለሁ።
a4d8b353-a835-5567-afb3-0d982b1b375e,f45bbed4-6af3-5ca7-a821-369fc78fe269,cba2ba9e-192f-5960-aaa4-f709e5a2115e,14,14,አዞዎችንና ዓሣ አንበሪዎችን፥ ሽኮኮዎችንና ጉማሬዎችን፥ አቈስጣንም እመግባለሁ።
e2883b55-ec8a-55ff-a453-5890a4efc542,f45bbed4-6af3-5ca7-a821-369fc78fe269,cba2ba9e-192f-5960-aaa4-f709e5a2115e,15,15,በውኃ ውስጥ የሚንቀሳቀሰው ሁሉ፥ በአየር ላይ የሚበርረውም ሁሉ የኔ ነው።
d415746c-ed7a-523d-a05e-d5be7801f87b,f45bbed4-6af3-5ca7-a821-369fc78fe269,cba2ba9e-192f-5960-aaa4-f709e5a2115e,16,16,በሚገባና በሚያስፈልግ ሁሉ እኔን ለሚፈልጉኝ ሁሉ የምመግብ እኔ ነኝ።
d9a872a4-f6d5-5acd-a435-8aec66f269ed,2d0c939b-c620-52be-ae3a-1858f353217f,e143405c-8e01-52eb-aea9-b7abffa94189,1,1,“ነገሥታት ያለ እኔ ፈቃድ አይነግሡም፤ ጦም አዳሪዎችም ያለ ትእዛዜ አይደኸዩም፤ ኀይለኞችም ያለ ትእዛዜ አይበረቱም።
458578e2-952e-5617-a92a-c1d884def745,2d0c939b-c620-52be-ae3a-1858f353217f,e143405c-8e01-52eb-aea9-b7abffa94189,2,2,እኔ ለዳዊት ባለሟልነትን ለሰሎሞንም ጥበብን ሰጠሁት፤ ለሕዝቅያስም ዘመኖችን ጨመርሁለት።
52753d57-3d2d-584c-a08d-7203c3c885d5,2d0c939b-c620-52be-ae3a-1858f353217f,e143405c-8e01-52eb-aea9-b7abffa94189,3,3,የጎልያድንም ዘመን አሳነስሁ፤ ለሶምሶንም ኀይልን ሰጠሁት፤ ዳግመኛም ኀይሉን አደከምሁ።
4a7425c0-6700-5870-a92d-01ecc2ff2b0b,2d0c939b-c620-52be-ae3a-1858f353217f,e143405c-8e01-52eb-aea9-b7abffa94189,4,4,ባርያዬ ዳዊትንም ከረዓይታዊው ከጎልያድ እጅ አዳንሁት።
18f581f5-95ef-5026-a160-2f6e01565552,2d0c939b-c620-52be-ae3a-1858f353217f,e143405c-8e01-52eb-aea9-b7abffa94189,5,5,“ዳግመኛም ከንጉሡ ከሳኦል እጅ፥ እንደዚሁም ከሚቃወመው ከሌላው ረዓይታዊ እጅ፥ ከሚቃወሙትና ከሚጠሉትም ሁሉ እጅ አዳንሁት፤ ትእዛዜን ጠብቋልና።
4d340d47-3ee1-5e71-adaf-a4f8c091f8e4,2d0c939b-c620-52be-ae3a-1858f353217f,e143405c-8e01-52eb-aea9-b7abffa94189,6,6,እኔም እርሱን ወደድሁ፤ ትእዛዜን የሚጠብቁ ነገሥታትንና መኳንንትንም እወዳድቸዋለሁ፤ እነርሱም ደስ አሰኝተውኛልና በጠላቶቻቸው ላይ ኀይልንና ድልን እሰጣቸዋለሁ።
117453ba-6773-5ece-ab99-147fb2cb0665,2d0c939b-c620-52be-ae3a-1858f353217f,e143405c-8e01-52eb-aea9-b7abffa94189,7,7,ዳግመኛም የአባቶቻቸውን ምድር ይወርሱ ዘንድ ለአባቶቻቸው የማልሁላቸውን የነጻችና የበራች ምድረ ርስትን እሰጣቸዋለሁ።
af5dc31b-132c-5090-a525-1642b1cadd21,cab9bafb-a24e-5663-af56-533c98019d46,ab33f9e3-0c5a-5d3e-a08c-d0778beac5ca,1,1,“እናንተም ነገሥታትና መኳንንት፥ ቃሌን ስሙ፤ ትእዛዜንም ጠብቁ ይላል ሁሉን የሚችል እግዚአብሔር። የጠበቅኋቸውና ያዳንኋቸው፥ ከወላጆቻቸው ጀምሮ ያሳደግኋቸው፥ በሚፈልጉት ሁሉ የመገብኋቸው፥
228c5a6f-3005-551f-a249-501373b5d8fb,cab9bafb-a24e-5663-af56-533c98019d46,ab33f9e3-0c5a-5d3e-a08c-d0778beac5ca,2,2,ወደ ምድርም አዝመራ ያገባኋቸው፥ እንደሚገባም የምድርን በረከት የመገብኋቸው፥ ያልተከሉትን የወይኑን ተክልና የዘይቱን ፍሬ፥ ያልቈፈሩትን የጠራ የውኃ ጕድጓድ፥
ebc51676-8f7c-56a6-ac65-66892271d9cf,cab9bafb-a24e-5663-af56-533c98019d46,ab33f9e3-0c5a-5d3e-a08c-d0778beac5ca,3,3,የማሩን ወለላ፥ የበጊቱንም ወተት፥ ከስንዴው ፍትግ ጋር የጌጡን ልብስና ለእነርሱ የሚያስፈልገውን ሁሉ የሰጠኋቸው፥ አምላካቸው እግዚአብሔር ስሆን፥ እንደ አሳዘኑኝና ሌሎች አማልክትን እንደ አመለኩ እንደ እስራኤል ልጆች አታሳዝኑኝ።
9a49dd25-9b8e-5146-a07b-21d6378f0ba4,cab9bafb-a24e-5663-af56-533c98019d46,ab33f9e3-0c5a-5d3e-a08c-d0778beac5ca,4,4,ከለመኑኝም ያልሰጠኋቸው አልነበረም።
8ddcb079-8654-5ed8-a9d9-c21a9a0585ce,52981f81-7af4-5080-abe0-722366da864d,fc51f009-92ee-5dba-acd2-658d6b04a6e0,1,1,“ዳግመኛም ዳዊት፦ ሰዎች የመላእክትን እንጀራ በሉ ብሎ እንደ ተናገረ በምድረ በዳ መናን መገብኋቸው፤ በሚገባና በእውነት ያመልኩኝ ዘንድ ይኽን ሁሉ አደረግሁላቸው።
81a2b428-bf5c-5e00-a1f5-e937daf740b3,52981f81-7af4-5080-abe0-722366da864d,fc51f009-92ee-5dba-acd2-658d6b04a6e0,2,2,እነርሱ ግን አላመለኩኝም፤ እኔም ቸል አልኋቸው ይላል ሁሉን የሚችል እግዚአብሔር። አሳዘኑኝ የእኔም ባልሆነ መንገድ ሔዱ።
227d053a-f577-5979-a047-ed31d7fb66de,52981f81-7af4-5080-abe0-722366da864d,fc51f009-92ee-5dba-acd2-658d6b04a6e0,3,3,እኔም እንደ ሥራቸው እከፍላቸዋለሁ። አምልኮቴን ቸል ብለዋልና፥ በምክሬና በሥርዐቴም አልጸኑምና እንደ እጃቸው ሥራ ቸል አልኋቸው፤ ወደ ገሃነም ቅጣትም አወርዳቸዋለሁ።
9f1eaa00-e86f-5eaa-ac37-899a55816c67,52981f81-7af4-5080-abe0-722366da864d,fc51f009-92ee-5dba-acd2-658d6b04a6e0,4,4,ትእዛዜንም አልጠበቁምና፥ እኔም እቈጣቸዋለሁና በምድር ዘመናቸውን አሳንሳለሁ።
eb1901d7-f7f6-5332-a096-58221ff26547,52981f81-7af4-5080-abe0-722366da864d,fc51f009-92ee-5dba-acd2-658d6b04a6e0,5,5,ንጉሥ ሆይ! አንተም የምትሞትና የምትፈርስ፥ ነገ ትልና ብስባሽ ትቢያ የምትሆን ሰው አይደለህምን።
51d7b92e-51ae-5c98-a8cc-fb1769db0ee8,52981f81-7af4-5080-abe0-722366da864d,fc51f009-92ee-5dba-acd2-658d6b04a6e0,6,6,ዛሬ ግን ለዘለዓለም እንደማይሞት ሰው ትመካለህ፤ ትኰራለህም።
be326e46-3b7d-5c23-a999-1a3689bfcb7b,52981f81-7af4-5080-abe0-722366da864d,fc51f009-92ee-5dba-acd2-658d6b04a6e0,7,7,አንተስ ዛሬ ደኅና ሁነህ የምትታይ ነገ ግን የምትሞት ሰው ነህ ይላል ሁሉን የሚችል እግዚአብሔር።
05ddc695-7024-54e7-a408-6a86eeab2381,52981f81-7af4-5080-abe0-722366da864d,fc51f009-92ee-5dba-acd2-658d6b04a6e0,8,8,ትእዛዜንና ቃሌን ብትጠብቅ ግን ማደሪያቸው ብሩህ ከሆነ፥ ዘውዶቻቸውም ከአማሩ፥ ዙፋኖቻቸውም የብርና የወርቅ ከሆኑ፥ በእነርሱም ላይ የሚቀመጡ ሰዎች ያጌጡ ከሆኑና ፈቃዴን ከአደረጉ ከከበሩ ነገሥታት ጋራ ቅድስት ከተማን አወርስሃለሁ።
c4f45473-5f89-5496-a866-96fb81f30e4a,52981f81-7af4-5080-abe0-722366da864d,fc51f009-92ee-5dba-acd2-658d6b04a6e0,9,9,በጎ ሥራን ለሚሠሩ ሰዎች የቀረበች ማደሪያ በምትሆን በከተማውም ውስጥ ደስ ይላችኋል።
c6a78f20-c378-5e94-a38a-d34677dc690f,52981f81-7af4-5080-abe0-722366da864d,fc51f009-92ee-5dba-acd2-658d6b04a6e0,10,10,ክፋት ለሚሠሩ ሰዎች ግን ክቡራን ነገሥታት ወደሚገቡባት ወደዚያች ከተማ ይገቡ ዘንድ አይገባቸውም።
df9d00b2-9f17-537c-a29d-95f62eea1bb8,52981f81-7af4-5080-abe0-722366da864d,fc51f009-92ee-5dba-acd2-658d6b04a6e0,11,11,ቃሌንና ሥርዐቴን አልጠበቁምና ይላል ሁሉን የሚችል እግዚአብሔር።”
a607651a-8a4a-55af-a74a-488dba61c5ad,12a23260-7b9d-524f-a702-dcb09ba915e7,afbb34c3-b615-550f-acf0-63231cb54855,1,1,የሜዶን መንግሥት ትጠፋለች፤ የሮም መንግሥት ግን በመቄዶንያ መንግሥት ላይ ፈጽማ ትጸናለች፤ የነነዌም መንግሥት በፋርስ መንግሥት ላይ ትጸናለች።
01644b32-5963-5990-ad5d-07bb887a0d9b,12a23260-7b9d-524f-a702-dcb09ba915e7,afbb34c3-b615-550f-acf0-63231cb54855,2,2,የኢትዮጵያ መንግሥትም በእስክንድርያ መንግሥት ላይ ትጸናለች፤ የሞዓብም መንግሥት በአማሌቅ ላይ ትጸናለች።
b76d1e4d-4188-5acd-a56e-fd28db5f5c56,12a23260-7b9d-524f-a702-dcb09ba915e7,afbb34c3-b615-550f-acf0-63231cb54855,3,3,ወንድም በወንድሙ ላይ ይነሣል፤ ይተላለቁም ዘንድ እንደ ተናገረ እግዚአብሔር በቀልን ያደርጋል።
8cb61361-5b48-541b-aca5-8e53d30dfa89,12a23260-7b9d-524f-a702-dcb09ba915e7,afbb34c3-b615-550f-acf0-63231cb54855,4,4,እንዲህም አለ፥ “መንግሥት በመንግሥት ላይ፥ ሕዝብም በሕዝብ ላይ፥ ሀገርም በሀገር ላይ ይነሣል።
5b88ce57-a36c-5471-ac29-55ba4ac0e716,12a23260-7b9d-524f-a702-dcb09ba915e7,afbb34c3-b615-550f-acf0-63231cb54855,5,5,ክርክርም ይሆናል፤ ሰልፍ፥ ረኀብ ፥ ቸነፈር፥ ንውጥውጥታ፥ ድርቅም ይሆናል፤ ሰላምና ፍቅርም ይጠፋልና የእግዚአብሔር መቅሠፍት በእርሷ ላይ ይወርዳል።
f725de43-fe64-5718-a228-71d2df4a47ca,12a23260-7b9d-524f-a702-dcb09ba915e7,afbb34c3-b615-550f-acf0-63231cb54855,6,6,ከምሥራቅ እስከ ምዕራብ እንደሚታይ መብረቅም የምታስፈራ የእግዚአብሔር ቀን በድንገት በደረሰች ጊዜ፥
798966cc-e244-5265-ac4c-38b6cffa359e,12a23260-7b9d-524f-a702-dcb09ba915e7,afbb34c3-b615-550f-acf0-63231cb54855,7,7,የዚያን ጊዜ ሰው ሁሉ እንደ ሥራውና እንደ እጁ ድካም፥ እንደ ሥራውም ፍሬ ይቀበላል፤ እርሱ እግዚአብሔር እንዲህ ብሏልና፥ በፍርድ ቀንና እግራቸው በሚሰነካከልበት ቀን እበቀላቸዋለሁ፥ ለጥፋት የሚቈጠሩበት ቀን ደርሷልና።
f13e8037-cd4e-5b65-a7d1-1ff3068d681f,12a23260-7b9d-524f-a702-dcb09ba915e7,afbb34c3-b615-550f-acf0-63231cb54855,8,8,“የዚያን ጊዜ እግዚአብሔር በሕጉ የማይሄዱ ክፉ አድራጊዎችን በዘለዓለም ኵነኔ ያጠፋቸዋል፤ የይሁዳና የቆጵሮስ፥ የሰማርያና የደማስቆ፥ የባቢሎንም ሕዝብ፥
3599736a-572b-5c6e-ac16-4eee1ea0c2c3,12a23260-7b9d-524f-a702-dcb09ba915e7,afbb34c3-b615-550f-acf0-63231cb54855,9,9,በምዕራብ ደሴትም የሚኖሩ ሕንደኬና ኖባ፥ ሳባና ግብፅም፥ ኢትዮጵያም በእነርሱም የሚኖሩ ሁሉ።
96ab9efc-74f7-575f-a6b4-d8ddb493be68,12a23260-7b9d-524f-a702-dcb09ba915e7,afbb34c3-b615-550f-acf0-63231cb54855,10,10,ያንጊዜም ሰማይንና ምድርን የምገዛ፥ ክብርንና መወደድን የምሰጥ፥ የምገድልና የማድንም እኔ እግዚአብሔር እንደ ሆንሁ ያውቃሉ።
32b80a51-fa04-5070-a322-65197a4261c6,12a23260-7b9d-524f-a702-dcb09ba915e7,afbb34c3-b615-550f-acf0-63231cb54855,11,11,ፀሐይን የማወጣ፤ ወደ መግቢያውም የምልከው እኔ ነኝ፤ ክፉውንና በጎውንም የማመጣ እኔ ነኝ።
157b56bb-6716-5587-aae1-edac52620403,12a23260-7b9d-524f-a702-dcb09ba915e7,afbb34c3-b615-550f-acf0-63231cb54855,12,12,የደከማችሁበትን ገንዘብ፥ የላሞቻችሁንና የበጎቻችሁን መንጋም የሚበሉ የማታውቋቸውን አሕዛብ የማመጣ እኔ ነኝ።
a49c39db-9612-5bed-a8f9-15f8ac8c3242,12a23260-7b9d-524f-a702-dcb09ba915e7,afbb34c3-b615-550f-acf0-63231cb54855,13,13,“ልጆቻችሁንም በፊታችሁ እየቀጠቀጡ ይማርኳቸዋል፤ እነርሱንም ማዳን አትችሉም። የእግዚአብሔርም መንፈስ ስላላደረባችሁ፥ የሰማችሁትንም የእግዚአብሔርን ትእዛዝ አልፈራችሁምና ወዛችሁንና ልምላሜያችሁን ይበላሉ።
eb44b980-28f4-575f-af58-a926d949e292,12a23260-7b9d-524f-a702-dcb09ba915e7,afbb34c3-b615-550f-acf0-63231cb54855,14,14,በአንተ ላይ የእግዚአብሔርን መንፈስ አያለሁና ብሎ ናቡከደነፆር ለነቢዩ ዳንኤል እንደ ነገረው የእግዚአብሔር መንፈስ ያደረበት ሰው ሁሉን ያውቃል።
fcb6eea8-c4d2-5f69-af58-cd4b98b0928a,12a23260-7b9d-524f-a702-dcb09ba915e7,afbb34c3-b615-550f-acf0-63231cb54855,15,15,የእግዚአብሔርም መንፈስ ያደረበት ሰው ሁሉን ያውቃልና የተሰወረው ይገለጥለታል፤ የተገለጠውንና የተሰወረውንም ሁሉ ያውቃል እንጂ ከእግዚአብሔር መንፈስ የሚሰወር የለም።
b3c9ecb9-42ac-5066-ae5e-f5375c7a7d4a,12a23260-7b9d-524f-a702-dcb09ba915e7,afbb34c3-b615-550f-acf0-63231cb54855,16,16,እኛ ግን ነገ የምንሞት ሰዎች ነንና ሰውረን የሠራነው ሥራ ሁሉ ይገለጣል።
bb9e924c-b414-5152-ac82-014bdc586240,12a23260-7b9d-524f-a702-dcb09ba915e7,afbb34c3-b615-550f-acf0-63231cb54855,17,17,ወርቅንና ብርንም በእሳት እንደሚፈትኑት የእግዚአብሔርን ትእዛዝ አልጠበቁምና ኃጥኣን እንዲሁ በኋለኛዪቱ ቀን ይፈተናሉ።
15132463-718a-5df4-a158-41036689b934,12a23260-7b9d-524f-a702-dcb09ba915e7,afbb34c3-b615-550f-acf0-63231cb54855,18,18,የዚያን ጊዜም የእስራኤል ልጆች ሁሉና የአሕዛብ ሁሉ ሥራዎቻቸው ይፈተናሉ።
719f5adb-938f-5c38-ae13-76fb9b84af6f,d4caca93-f995-550f-a30e-8ffa3e31197d,f379d6cd-2f99-51f8-a858-3e4a1ca59716,1,1,“አባቱና እናቱ ለሞቱበት ልጅ እውነተኛ ፍርድ ስላልፈረዳችሁ እግዚአብሔር በእናንተ ላይ ይቈጣልና የእስራኤል ኀያላን ወዮላችሁ።
613dcd17-9bbe-53db-a706-b845289f2cf6,d4caca93-f995-550f-a30e-8ffa3e31197d,f379d6cd-2f99-51f8-a858-3e4a1ca59716,2,2,ጧትና ማታ ወደ መሸተኛ ቤት የምትሔዱና የምትሰክሩ፥ ፍርድንም የምታዳሉ፥ አባትና እናት የሞቱበትን ልጅና የባልቴቷን ፍርድንም የማትሰሙ፥ በኀጢአትና በመዳራትም የምትኖሩ ወዮላችሁ።”
c13cfd79-f285-5c7a-a521-46e5acf6c175,d4caca93-f995-550f-a30e-8ffa3e31197d,f379d6cd-2f99-51f8-a858-3e4a1ca59716,3,3,እግዚአብሔር የእስራኤልን ኀያላን እንዲህ ይላቸዋል፥ “በትእዛዜ ካልሄዳችሁ፥ ቃሌንም ካልጠበቃችሁ እኔ የምወደውንም ካልወደዳችሁ ወዮላችሁ!
c9eb3753-bfa1-59f4-a7af-75d7ee62d652,d4caca93-f995-550f-a30e-8ffa3e31197d,f379d6cd-2f99-51f8-a858-3e4a1ca59716,4,4,እኔም መቅሠፍትንና ጥፋትን፥ መከራንም አመጣባችኋለሁ፤ ነቀዝና ብልም እንደ በላው ትጠፋላችሁ፤ ፍለጋችሁም በአውራጃዎቻችሁ አይገኝም።
fa12c521-9798-564d-a40c-1e0dbe773a52,d4caca93-f995-550f-a30e-8ffa3e31197d,f379d6cd-2f99-51f8-a858-3e4a1ca59716,5,5,ሀገራችሁ ምድረ በዳ ትሆናለች፤ ቀድሞ ያያትም ሁሉ እጁን ያጨበጭባል፤ ይህች ሀገር በረከትንና መልካምን ሁሉ የተመላች አልነበረችምን? እግዚአብሔር፦ በሚኖሩባት ሰዎች ኀጢአት እንዲህ አደረጋትን?” እያለ በእርስዋ ይደነቃል።
cf993f71-4fa5-57e5-ab35-0c045d99afae,d4caca93-f995-550f-a30e-8ffa3e31197d,f379d6cd-2f99-51f8-a858-3e4a1ca59716,6,6,እግዚአብሔር በምድር ትቢያ እስኪያዋርዳት ድረስ ልቧን አኵርታለችና፤ ራሷንም ከፍ ከፍ አድርጋለችና፤ አንገቷንም አስረዝማለችና በውስጥዋም ስለሚኖሩት ሰዎች ትዕቢት ምድረ በዳ ሆናለችና፥ እሾህና አሜኬላም በቅሎባታልና ወዮላት።
cf868bea-164f-5b62-a22c-c6619d5a7206,d4caca93-f995-550f-a30e-8ffa3e31197d,f379d6cd-2f99-51f8-a858-3e4a1ca59716,7,7,ሙጃንና አስተናግርንም አበቀለች፤ ምድረ በዳና በረሃም ሆነች፤ አውሬዎችም በውስጧ ይኖሩባታል።
b63582b0-777d-5e36-a9d5-7d9574dfb905,d4caca93-f995-550f-a30e-8ffa3e31197d,f379d6cd-2f99-51f8-a858-3e4a1ca59716,8,8,በውስጥዋም ለሚያልፉ የምታስፈራ ሆነች፤ የእግዚአብሔር ቍጣ ወድቆባታልና፥ ስለ ልቡናዋ ትዕቢትና ስለሚኖሩባት ሰዎችም ክፋት ከመዓቱ ጽዋዕ ጠጥታለችና።
fb843057-b011-5400-a224-12cfcd48f3db,d8f8619f-5854-59f0-a4ad-51958483def1,df204e58-ca33-574a-a80f-5167276057d6,1,1,የመቄዶን ሰዎች፥ አትመኩ፤ አማሌቃውያንም፥ አንገታችሁን አታስግጉ፤ የሚበቀላችሁ እግዚአብሔር አለና።
cc12355a-88f6-55b2-ad40-6cdc5f1aba71,d8f8619f-5854-59f0-a4ad-51958483def1,df204e58-ca33-574a-a80f-5167276057d6,2,2,እስከ ሰማይ ከፍ ከፍ ብትሉ እስከ ሲኦል ትወርዳላችሁና።
eb485ef5-8412-513e-a4cf-dd1128ab5546,d8f8619f-5854-59f0-a4ad-51958483def1,df204e58-ca33-574a-a80f-5167276057d6,3,3,እስራኤል ቀድሞ በሞዓብና በሜዶን መንግሥት ወደ ግብፅ ሀገር በገቡ ጊዜ “ትገዳደሩት ዘንድ በእግዚአብሔር መገዳደር አይገባምና አትመኩ” አለ።
85994827-3c7d-5671-a26f-cb04a53bf7b0,d8f8619f-5854-59f0-a4ad-51958483def1,df204e58-ca33-574a-a80f-5167276057d6,4,4,“አንተም ይስማኤላዊ የባርያ ልጅ! ያንተ ወዳልሆነው አንገትህን ለምን ታስረዝማለህ? በምድርስ ይፈረድባት ዘንድ በተነሣ ጊዜ በፍርድ ቀን እግዚአብሔር እንደሚፈርድብህ አታስብምን?
89715a4b-157d-5c8d-a4f9-aba48d61caed,d8f8619f-5854-59f0-a4ad-51958483def1,df204e58-ca33-574a-a80f-5167276057d6,5,5,የዚያን ጊዜም እንደ እጅህ ሥራ ትቀበላለህ፤ ልቡናህንስ ለምን ከፍ ከፍ ታደርጋለህ? አንገትህንስ ለምን ታስረዝማለህ? ይላል ሁሉን የሚገዛ እግዚአብሔር።
b0d3a7bf-847e-511a-a126-8cac3c521302,d8f8619f-5854-59f0-a4ad-51958483def1,df204e58-ca33-574a-a80f-5167276057d6,6,6,ወገኖችህ ያልሆኑትን አንተ እንደ ተገዳደርህ እኔም አንተን እገዳደርሃለሁ፤ ክፉ ትሠራ ዘንድ የወደድኸውን ታደርጋለህና በላክሁህም ቦታ ቸል እልሃለሁ።
ae52acdc-219b-5427-aba7-9414958f37eb,d8f8619f-5854-59f0-a4ad-51958483def1,df204e58-ca33-574a-a80f-5167276057d6,7,7,እኔም በአንተ ላይ እንዲሁ አደርጋለሁ ይላል ሁሉን የሚችል እግዚአብሔር። አንተም በጎ ብታደርግ፥ እኔ የምወደውንም ብትወድድ የለመንኸኝን ሁሉ እሰማሃለሁ።
05e5fd84-6d65-5864-acee-05dd42946803,d8f8619f-5854-59f0-a4ad-51958483def1,df204e58-ca33-574a-a80f-5167276057d6,8,8,ፈቃዴንም ብታደርግ ፈቃድህን አደርጋለሁ፤ ጠላቶችህንም እቃወምልሃለሁ፤ ሥራህን፥ ዘርህንና ልጆችህንም እባርክልሃለሁ።
3bcccec3-22a8-5701-ad8b-0b0736742be6,d8f8619f-5854-59f0-a4ad-51958483def1,df204e58-ca33-574a-a80f-5167276057d6,9,9,የላሞችህንና የበጎችህን መንጋ እባርክልሃለሁ፤ በትእዛዜም ብትሄድ፥ እኔም የምወደውን ብታደርግ እጅህን ያኖርህበትን ሁሉ እባርካለሁ ይላል ሁሉን የሚችል እግዚአብሔር።
09c1be4e-7633-536d-a94e-f20b91496140,d8f8619f-5854-59f0-a4ad-51958483def1,df204e58-ca33-574a-a80f-5167276057d6,10,10,“ፈቃዴን ባታደርግ፥ በትእዛዜና በሕጌ ባትሔድ ግን ቀድሞ የተነገረው ይህ ሁሉ መከራ ያገኝሃል፤ በትእዛዜ አልታገሥህምና በሕጌም አልሔድህምና ሁልጊዜ ከምትመጣብህ ቍጣዬ ማምለጥ አትችልም።
31df719c-0625-55a4-a467-133d5b3002e8,d8f8619f-5854-59f0-a4ad-51958483def1,df204e58-ca33-574a-a80f-5167276057d6,11,11,እኔ የወደድሁትንም አልወደድህምና፤ እኔም ካለመኖር ወደ መኖር አምጥቼ የፈጠርሁህ ሲሆን እኔን ከማመስገንና ከማምለክ ቸል ብለሃል።
190ec024-967d-5734-a9d2-729320bef716,d8f8619f-5854-59f0-a4ad-51958483def1,df204e58-ca33-574a-a80f-5167276057d6,12,12,የወደድኸውን ሁሉ ታደርግ ዘንድ በበታችህ በአሉት ዘንድ ክብርንና ጌትነትን ሰጠሁህ። ትገድልና ታድን ዘንድ፥ ትሠራና ታፈርስም ዘንድ፥ ታከብርና ታዋርድም ዘንድ፥ ከፍና ዝቅም ታደርግ ዘንድ የአንተ ነበር።
f19e8a2a-2a57-5e32-a932-f3fca4682f56,d8f8619f-5854-59f0-a4ad-51958483def1,df204e58-ca33-574a-a80f-5167276057d6,13,13,የእግዚአብሔርንም ፈቃድ ብታደርግ፥ በትእዛዙም ብትሔድ፥ በጌትነቱ ከእርሱ ጋራ ደስ ይልህ ዘንድ ቅድስት ሀገርንም ከወረሱ ሰዎች ጋር ተካፋይ ትሆን ዘንድ ይወድድሃል።
8938d202-9a17-55e7-a1ec-5e7152a917c2,d8f8619f-5854-59f0-a4ad-51958483def1,df204e58-ca33-574a-a80f-5167276057d6,14,14,እርሱ እንዲህ ብሏልና፦ ቢታገሡኝ ክብርንና መወደድን አወርሳቸዋለሁ፥ በቤተ መቅደሴም ደስ አሰኛቸዋለሁ፤ እንደ ቍርባን መሥዋዕትም የተመረጡና የተወደዱ ይሆናሉ ይላል ሁሉን የሚችል እግዚአብሔር።”
ca2ecd07-82d4-57d6-ae55-cc58d24504f0,d8f8619f-5854-59f0-a4ad-51958483def1,df204e58-ca33-574a-a80f-5167276057d6,15,15,ከሞት ወደ ሕይወት ትሻገሩ ዘንድ መልካም ማድረግንና የድኅነት መንገድን ቸል አትበሉ።
81003ebe-a1ec-5790-a66d-461580b61c80,d8f8619f-5854-59f0-a4ad-51958483def1,df204e58-ca33-574a-a80f-5167276057d6,16,16,በጎ ሥራ የሚሠሩትን ግን እግዚአብሔር ከክፉ ሁሉ እንደ ጠበቀው እንደ ኢዮብ ባሮቹ ይሆኑ ዘንድ እግዚአብሔር በበጎው ሁሉ ይጠብቃቸዋል።
df51b6a7-8a12-598e-a7cb-c8abec26e41a,d8f8619f-5854-59f0-a4ad-51958483def1,df204e58-ca33-574a-a80f-5167276057d6,17,17,ነገሥታቱን በገደላቸው ጊዜ እንደ አዳነው እንደ አብርሃም፥ ጣዖት ያስመልኩት ዘንድ በማታና በጧት በቀንና በሌሊት ሰውነቱን ሲያውኳት ከነበሩ፥ አብርሃም ከኖረባቸው ከከናኔዎን እጅና ከፈርዖን እጅ እንዳዳነው እንደ ሙሴም፤
0c5cc187-ee3e-5544-a914-cc4c92dbc194,d8f8619f-5854-59f0-a4ad-51958483def1,df204e58-ca33-574a-a80f-5167276057d6,18,18,እርሱ ግን የእነርሱ ወደ ሆኑ ጣዖታቱ ሲስቡት እንቢ እያለ ይታገሥ ነበረ።
fca2baf5-9b93-5b7b-aa17-30ff12b83f92,d8f8619f-5854-59f0-a4ad-51958483def1,df204e58-ca33-574a-a80f-5167276057d6,19,19,እርሱም እንቢ ይላቸው ነበረ፤ የፈጠረው እግዚአብሔርንም ያመልከው ነበረ። ከልጅነቱ ጀምሮ እርሱን ያመነው አብርሃም ለእግዚአብሔር የታመነ ወዳጁ ነበረና።
90dcaefb-84bd-5ca9-a1c9-03aa0d461e70,d8f8619f-5854-59f0-a4ad-51958483def1,df204e58-ca33-574a-a80f-5167276057d6,20,20,እግዚአብሔርን ፈጽሞ ይወደው ነበርና እስኪሞት ድረስ እግዚአብሔርን ማምለክን አላጓደለም፤ እስከሚሞትበትም ቀን ድረስ ከትእዛዙ አልተላለፈም፤ የእግዚአብሔርንም ትእዛዝ ይጠብቁ ዘንድ ለልጆቹ አስተማረ።
3037610c-cc35-5310-a40c-8b561e9abf5b,d8f8619f-5854-59f0-a4ad-51958483def1,df204e58-ca33-574a-a80f-5167276057d6,21,21,እነርሱም አባታቸው አብርሃም እንደ አደረገ ከአግዚአብሔር ትእዛዝ አልተላለፉም፤ “በምድር አብርሃም የሚባል ወዳጅ አለኝ” ብሎ ለመላእክት እንደ ነገራቸው እግዚአብሔር ስለ እነርሱ የተናገረላቸው ባሮቹ የአብርሃም ልጆች ይስሐቅና ያዕቆብ ከእግዚአብሔር ሕግ አልተላለፉም።
cfa55439-0103-5b60-a35c-760f7cf4df1d,d8f8619f-5854-59f0-a4ad-51958483def1,df204e58-ca33-574a-a80f-5167276057d6,22,22,“አብርሃም ወዳጄ ነው፤ ይስሐቅም ባለሟሌ ነው፤ ያዕቆብም ልቡናዬ የወደደችው ነው፤ በእነርሱም ዘንድ ተመሰገንሁ ይላል ሁሉን የሚችል እግዚአብሔር፤”
d84429f1-4dfa-5fbc-aa8d-dabc30188d69,d8f8619f-5854-59f0-a4ad-51958483def1,df204e58-ca33-574a-a80f-5167276057d6,23,23,የእስራኤልንም ልጆች ፈጽሞ ሲወድዳቸው እነርሱ ግን ዘወትር ሲያሳዝኑት ኖሩ፤ እርሱም ሲታገሣቸው፥ በምድረ በዳም መና ሲመግባቸው ኖረ።
85bbaf33-a90b-5ede-ae7f-6390702ad266,d8f8619f-5854-59f0-a4ad-51958483def1,df204e58-ca33-574a-a80f-5167276057d6,24,24,ልብሶቻቸውም አላረጁም፤ የዕውቀት እንጀራ መናንም ተመግበዋልና እግሮቻቸው አልነቁም።
ed979867-19f1-5b55-a7fb-2327a0ff64c2,d8f8619f-5854-59f0-a4ad-51958483def1,df204e58-ca33-574a-a80f-5167276057d6,25,25,ልቡናቸው ግን ሁል ጊዜ ከእግዚአብሔር ይርቅ ነበር፤ ከጥንትም ጀምሮ ክፋትን የሚሠሩ ነበሩና ለመዳን ተስፋ አልነበራቸውም።
131076d3-8318-5458-a69b-fdd50c90ec4e,d8f8619f-5854-59f0-a4ad-51958483def1,df204e58-ca33-574a-a80f-5167276057d6,26,26,እንደ ጠማማ ቀስትም ሆኑ እንጂ በአማረ አኗኗራቸው እግዚአብሔርን እንዳገለገሉት እንደ አባቶቻቸው እንደ አብርሃምና እንደ ይስሐቅ፥ እንደ ያዕቆብም አልሆኑም፤ በጣዖታቸው በተራራውና በኰረብታው ላይ ሁልጊዜ ያሳዝኑት ነበር፤ በተራራው ላይ፥ በዋሻውና በዛፎቹም ሥር ይበሉ ነበር።
f7c27de8-db54-5e5b-a59c-644acb39c517,d8f8619f-5854-59f0-a4ad-51958483def1,df204e58-ca33-574a-a80f-5167276057d6,27,27,ፍሪዳ ያርዱ ነበር፤ መሥዋዕትም ይሠዉ ነበር፤ በእጃቸውም ሥራ ደስ ይላቸው ነበር፤ ተረፈ መሥዋዕቱንም ይበሉ ነበር፤ የመጠጡንም ቍርባን ፍላቂ ይጠጡ ነበር፤ ከአጋንንትም ጋራ ይዘፍኑና ይጫወቱ ነበር።
e980f816-4aca-5387-ab03-7810c1374f8b,d8f8619f-5854-59f0-a4ad-51958483def1,df204e58-ca33-574a-a80f-5167276057d6,28,28,አጋንንትም ጨዋታቸውንና ዘፈናቸውን ሁሉ፥ ስካራቸውንም ሁሉ ያደንቁላቸው ነበር፤ ያለልክም ዝሙትን ይሠሩ ነበር፤ እግዚአብሔር የማይወደው ቅሚያንና ስስትንም ያደርጉ ነበር።
fc8b2645-51b6-50aa-a441-d32ed9745ee4,d8f8619f-5854-59f0-a4ad-51958483def1,df204e58-ca33-574a-a80f-5167276057d6,29,29,ለከነዓን ጣዖት ለበዓልና ለምድያም ጣዖት፥ ለኤሎፍሊ ጣዖታት ለዳጎንና ለአጵሎን፥ ለአርጤማዴስና ለሰራጵዮን፥
519f35a0-64a8-536b-aeb2-eb53529ff668,d8f8619f-5854-59f0-a4ad-51958483def1,df204e58-ca33-574a-a80f-5167276057d6,30,30,በዙሪያቸውም ላሉ ለአሕዛብም ጣዖታት ሁሉ መሥዋዕት ይሠዉ ነበር። አሕዛብም እንደሚያደርጉት በአዩትና በሰሙት ሁሉን ያመልኩ ነበር፤ አሕዛብም የሚያደርጉትን ጨዋታቸውንና ዘፈናቸውን፥ ድንፋታቸውንም ያደርጉ ነበር።
7c8e3f2e-d3c8-5a2c-a2f1-c97c04489bed,d8f8619f-5854-59f0-a4ad-51958483def1,df204e58-ca33-574a-a80f-5167276057d6,31,31,እግዚአብሔርን እናመልከዋለን የሚሉ የእስራኤል ሕዝብ እንደዚሁ ያደርጉ ነበር። የእግዚአብሔርን ትእዛዛት ይጠብቁ ዘንድ፥ ጣዖትንም ከማምለክ ይርቁ ዘንድ፥
74a00fe5-819a-5846-ac35-a57a45adfdd9,d8f8619f-5854-59f0-a4ad-51958483def1,df204e58-ca33-574a-a80f-5167276057d6,32,32,የሁዳዱን እህል ከመገባቸው፥ ወደ ምድሩም አዝመራ ካወጣቸው፥ ከማጓም ማሩን ከአጠገባቸው፥ መናውንም ከመገባቸው፥ ካባቶቻቸው ፈጣሪ በቀር ሌሎች አማልክትን እንዳያመልኩ ሙሴ በኦሪት የነገራቸውን ትእዛዙንና ሕጉን ግን አያደርጉም ነበር።
3a43593d-54ba-566d-acfc-dd0eaf37a8c7,d8f8619f-5854-59f0-a4ad-51958483def1,df204e58-ca33-574a-a80f-5167276057d6,33,33,የተመኙትንና የፈለጉትን አይነሳቸውም ነበር፤ እርሱም አምላካቸው ነውና የወደዱትን ይመግባቸው ነበር።
72ba416d-f5dc-5e89-ac0d-7a98f1713630,d8f8619f-5854-59f0-a4ad-51958483def1,df204e58-ca33-574a-a80f-5167276057d6,34,34,እነርሱ ግን እግዚአብሔርን ማሳዘን አልተዉም፤ ደስ ባሰኛቸው ጊዜ እግዚአብሔርን ይዘነጉት ነበር።
a2a47e17-6799-5c73-a504-4704463a62ea,d8f8619f-5854-59f0-a4ad-51958483def1,df204e58-ca33-574a-a80f-5167276057d6,35,35,መቅሠፍትንም ባመጣባቸው ጊዜ ወደ እርሱ ይጮሁ ነበር፤ ካገኛቸውም መከራ ያድናቸው ነበር፤ ዳግመኛም በግልጥ ደስ ይላቸው ነበር፤ ብዙ ዘመንም ይኖሩ ነበር።
8f01eccf-ec1d-5789-ae5d-bc3232c3ebf7,d8f8619f-5854-59f0-a4ad-51958483def1,df204e58-ca33-574a-a80f-5167276057d6,36,36,ወዲያውም እንደ ቀድሞው እግዚአብሔርን ያሳዝኑት ዘንድ ፈጽመው ልባቸውን ይመልሱ ነበር፤ ያጠፏቸውም ዘንድ በዙሪያቸው ያሉ አሕዛብን ያስነሣባቸው ነበር፤ አስጨንቀውም ያስገብሩአቸው ነበር።
06e0978a-0223-5309-a56e-e31601b03594,d8f8619f-5854-59f0-a4ad-51958483def1,df204e58-ca33-574a-a80f-5167276057d6,37,37,ዳግመኛም ተመልሰው ወደ ፈጣሪያቸው ወደ እግዚአብሔር ፈጥነው ይጮሁ ነበር።
4281454b-962f-51e4-a76d-b7eae979031f,d8f8619f-5854-59f0-a4ad-51958483def1,df204e58-ca33-574a-a80f-5167276057d6,38,38,እርሱም ይቅር ይላቸው ነበር፤ በአማረ አኗኗራቸው ከጥንት ጀምሮ እግዚአብሔርን ስለ አገለገሉትና መሐላውን ስለ አጸናላቸው ስለ አባቶቻቸው ስለ ኖኅ፥ ስለ አብርሃምና ስለ ይስሐቅ፥ ስለ ያዕቆብም ነው እንጂ ስለ ራሳቸው አይደለም።
978d57f1-04e5-510e-a3a0-e4a77d7bc335,d8f8619f-5854-59f0-a4ad-51958483def1,df204e58-ca33-574a-a80f-5167276057d6,39,39,እንደ ሰማይ ከዋክብትና እንደ ባሕር አሸዋ ዘራቸውን ያበዛ ዘንድ የወደዱትንና ትእዛዙን የጠበቁትን ወደዳቸው።
0cc998c2-deca-5045-a002-e4c9bf768c29,d8f8619f-5854-59f0-a4ad-51958483def1,df204e58-ca33-574a-a80f-5167276057d6,40,40,እንደ ባሕር አሸዋ ያላቸው በሙታን ትንሣኤ ጊዜ ከእስራኤል ልጆች ተለይተው ወደ ገሃነም የሚገቡ የኃጥኣን ነፍሳት ናቸው።
686d46b2-9cae-5bde-af9c-20b4b49dc21e,d8f8619f-5854-59f0-a4ad-51958483def1,df204e58-ca33-574a-a80f-5167276057d6,41,41,በሰማይ ላይ እንደሚያበሩ ከዋክብት ናቸው የተባሉት ግን ከእስራኤል ልጆች ወገን የጻድቃን ነፍሳት ናቸው። እግዚአብሔር አብርሃምን እንዲህ ብሎታልና፥ “ሌሊት ወደ ሰማይ እይ፤ መቍጠርም ትችል እንደ ሆነ የሰማይን ከዋክብት ቍጠራቸው፤ እንደዚሁም ልጆችህ ጻድቃን እንደ ሰማይ ከዋክብት በመንግሥተ ሰማይ ያበራሉ።
55b42c6f-836a-527a-a3e6-f4319fc985f0,d8f8619f-5854-59f0-a4ad-51958483def1,df204e58-ca33-574a-a80f-5167276057d6,42,42,“ዳግመኛም ወደ ባሕሩና ወደ ወንዙ ዳርቻ ተመልከት፤ በአሸዋው ውስጥ ያለውንም እይ፤ መቍጠርም ትችል እንደ ሆነ ቍጠር፤ በሙታን ትንሣኤ ጊዜ ወደ ገሃነም የሚወርዱ ልጆችህ እንደዚሁ ናቸው፤”
fc387e49-0188-5416-a60e-6f94e22e495d,d8f8619f-5854-59f0-a4ad-51958483def1,df204e58-ca33-574a-a80f-5167276057d6,43,43,አብርሃምም በእግዚአብሔር አመነ፤ ስለዚህም ጽድቅ ሆኖ ተቈጠረለት፤ በምድርም ተስፋው ደረሰለት፤ ሚስቱ ሳራም ከአረጀች በኋላ ወንድ ልጅ ይስሐቅን አገኘች።
2ecaa245-7b94-5847-a4f1-23d3f366271f,d8f8619f-5854-59f0-a4ad-51958483def1,df204e58-ca33-574a-a80f-5167276057d6,44,44,ዳግመኛም ስለ እምነቱ በሰማያት መንግሥትን ያገኛል። ሙታን እንደሚነሡ፤ በጎ ሥራን የሠሩም ወደ ዘለዓለም ሕይወት፥
6151dc59-1ab0-5433-a525-10da93775742,d8f8619f-5854-59f0-a4ad-51958483def1,df204e58-ca33-574a-a80f-5167276057d6,45,45,ክፉ የሠሩም በሙታን ትንሣኤ ጊዜ ወደ ዘለዓለም ቅጣት እንደሚሔዱ አምኖአልና። በጎ ሥራ የሠሩ ጻድቃን ግን ከእርሱ ጋር ለዘለዓለም ይነግሣሉ።
6c0cc280-b037-57ce-a310-1b29bf34c2e9,d8f8619f-5854-59f0-a4ad-51958483def1,df204e58-ca33-574a-a80f-5167276057d6,46,46,ክፉ የሠሩም ለዘለዓለም ይፈረድባቸዋል አሜን፥ አሜን።
46e4d6e3-5c54-5018-a27a-d0bc1581c5f5,2f76e6ba-4cc1-51e3-a928-5736026982ce,276c001e-f228-5617-a44a-d0a5f9005f57,1,1,መቃቢስ አይሁድን በሶርያ በሁለቱ ወንዞች መካከል አግኝቶ ከኢያቦቅ ጀምሮ እስከ ኢየሩሳሌም አደባባይ ድረስ በሸለቆዎቻቸው እንደ ገደላቸው፥ ቅድስቲቱንም ከተማ እንዳጠፋት የሚናገር መጽሐፍ ይህ ነው።
677afb5e-28e4-5f08-adea-3bcae771b000,2f76e6ba-4cc1-51e3-a928-5736026982ce,276c001e-f228-5617-a44a-d0a5f9005f57,2,2,ከሰማርያ ጀምሮ እስከ ኢየሩሳሌም አደባባይ ድረስ፥ እስከ አውራጃዋም ሁሉ ድረስ ሰፍረዋልና ከጥቂቶች በቀር ሳያስቀሩ በጦር ገደሉ። ኤዶማውያንና ሶርያውያን፥ አማሌቃውያንም የኢየሩሳሌምን ከተማ ካጠፋው ከሞዓብ ሰው ከመቃቢስ ጋር አንድ ሆነዋልና።
ccf0f0dc-9f44-578d-a9ad-ff1afb195205,2f76e6ba-4cc1-51e3-a928-5736026982ce,276c001e-f228-5617-a44a-d0a5f9005f57,3,3,የእስራኤልም ልጆች በበደሉ ጊዜ ሞዓባዊውን መቃቢስን አስነሣባቸው፤ እርሱም ሁሉን በሰይፍ ገደላቸው።
00dbf5ef-3558-5445-a82f-ec62b8cebb33,2f76e6ba-4cc1-51e3-a928-5736026982ce,276c001e-f228-5617-a44a-d0a5f9005f57,4,4,ስለዚህም ነገር የእግዚአብሔር ጠላቶች በቅድስት ከተማው ላይ ደነፉ፤ በወንጀላቸውም ተማማሉ።
11fe5adb-fda9-56ad-a2c2-5c36c3b88437,2f76e6ba-4cc1-51e3-a928-5736026982ce,276c001e-f228-5617-a44a-d0a5f9005f57,5,5,ኤዶማውያንና ኢሎፍላውያንም ሰፈሩ፤ የእግዚአብሔርን ቃል ስለ ተገዳደሩ እርሱ ልኳቸዋልና የእግዚአብሔርን ከተማ ይበቀሉ ጀመር።
941326d8-f747-59f5-a36a-68b2fde1033a,2f76e6ba-4cc1-51e3-a928-5736026982ce,276c001e-f228-5617-a44a-d0a5f9005f57,6,6,የዚያም የመቃቢስ ሀገሩ የሞዓብ ሬማት ናት፤ ከሀገሩም በኀይል ተነሥቶ አብረውት ከአሉ ሰዎች ጋራ ተማማለ።
e6648819-348d-5a9c-a563-968b305bba97,2f76e6ba-4cc1-51e3-a928-5736026982ce,276c001e-f228-5617-a44a-d0a5f9005f57,7,7,የእግዚአብሔርንም ከተማ ያጠፉ ዘንድ በመስጴጦምያ-ጌላቡሄ ሸለቆዎች እስከ ሶርያ ድረስ ሰፈሩ፤ በዚያም ኢሎፍላውያንንና አማሌቃውያንን ለመነ፤ በወንጀልም ከእርሱ ጋራ አንድ ይሆኑ ዘንድ ብዙ ወርቅንና ብርን፥ ፈረሶችንና ሠረገላዎችን ሰጣቸው።
79df55e2-847e-5441-aabf-0ae2b0af9c92,2f76e6ba-4cc1-51e3-a928-5736026982ce,276c001e-f228-5617-a44a-d0a5f9005f57,8,8,በአንድነትም መጥተው አንባዪቱን ናዷት፤ በውስጧ የሚኖሩ ሰዎች ደምንም እንደ ውኃ አፈሰሱ።
bae1b8ff-2a83-5175-a7bb-8b9b836558ae,2f76e6ba-4cc1-51e3-a928-5736026982ce,276c001e-f228-5617-a44a-d0a5f9005f57,9,9,ኢየሩሳሌምንም እንደ ተክል ጠባቂ ጎጆ አደረጓት፤ በውስጧም ድምፅ አሰማባት፤ እግዚአብሔርም የማይወድደውን የክፋት ሥራ ሁሉ አደረገ፤ ጽድቅንና ቅድስናን የተመላች የእግዚአብሔርንም ከተማ አረከሱ።
74e165f3-6f21-5e32-aba8-0e6d2779436c,2f76e6ba-4cc1-51e3-a928-5736026982ce,276c001e-f228-5617-a44a-d0a5f9005f57,10,10,“የባሮችህን እሬሳ ለሰማይ ወፎች ምግብ አደረጉ። የጻድቃንህንም ሥጋ ለምድረ በዳ አራዊት መብል አደረጉ።”
173a222a-436d-5a7d-ab0a-9aff77e7c3c2,2f76e6ba-4cc1-51e3-a928-5736026982ce,276c001e-f228-5617-a44a-d0a5f9005f57,11,11,ባልቴቲቱንና የሙት ልጁን ቀሙ፤ ሰይጣን እንዳስተማራቸው እግዚአብሔርን ሳይፈሩ አድርገዋልና ኵላሊትንና ልቡናን የሚመረምር እግዚአብሔር እስኪቈጣ ድረስ በፀነሱ ሴቶች ሆድ ያለውን ፅንስ አወጡ።
dad9e767-ada7-5b32-a129-9394444797aa,2f76e6ba-4cc1-51e3-a928-5736026982ce,276c001e-f228-5617-a44a-d0a5f9005f57,12,12,በእግዚአብሔር ሕዝብም ላይ ክፉን ስለ አደረጉ ደስ እያላቸው ወደ ሀገራቸው ተመለሱ፤ ከቅድስት ከተማ የማረኩትንም ምርኮ ወሰዱ።
d5d2a24c-e7b6-54a7-a8f7-072499fe7b41,2f76e6ba-4cc1-51e3-a928-5736026982ce,276c001e-f228-5617-a44a-d0a5f9005f57,13,13,ተመልሰውም ወደ ቤታቸው በገቡ ጊዜ ደስታን፥ ዘፈንንና ጭብጨባን አደረጉ።
300059d1-4579-55fe-a889-dce805b3acc9,49072399-1063-557a-a045-873ce4e2acbe,59491c32-1775-5b7c-a3c5-44459f67a308,1,1,ረአይ የሚሉት ነቢይ እንዲህ አለው፥ “በጊዜው ብርሃን ዛሬ ጥቂት ደስ ይበልህ፤ የእስራኤል ቅዱስ እግዚአብሔርም ባልተጠራጠርኸው መቅሠፍት ይበቀልህ ዘንድ አለው።
269251ef-83c0-59f2-a809-21790015e51d,49072399-1063-557a-a045-873ce4e2acbe,59491c32-1775-5b7c-a3c5-44459f67a308,2,2,ፈረሶች ፈጣኖች ናቸው፤ ስለዚህም በሩጫ አመልጣለሁ ትላለህን?
edf0ce1b-e15a-5dfa-ab89-e9f1ea92e0a5,49072399-1063-557a-a045-873ce4e2acbe,59491c32-1775-5b7c-a3c5-44459f67a308,3,3,እኔስ የሚከተሉህ ሰዎች ከአሞሮች ይፈጥናሉ፤ ከጥፋትና ከሚመጣብህ ከእግዚአብሔር ቍጣ አታመልጥም እልሃለሁ።
eceda6e6-1c78-5b80-ae7f-935380d968d9,49072399-1063-557a-a045-873ce4e2acbe,59491c32-1775-5b7c-a3c5-44459f67a308,4,4,የብረት ልብስ እለብሳለሁ፤ የጦር መወርወርና የቀስትም መንደፍ አይችለኝም ትላለህን? የእስራኤል ቅዱስ እግዚአብሔርም የምበቀልህ በጦር መወርወር አይደለም ይላል፤ ነገር ግን ከጦር መወርወርና ከቀስት ንድፈት የሚከፋ ጽኑ የልብ በሽታን፥ እከክንና ቍርጥማትን አመጣብሃለሁ፤
e157674c-362e-562a-a7ed-6a8fd9b671a2,49072399-1063-557a-a045-873ce4e2acbe,59491c32-1775-5b7c-a3c5-44459f67a308,5,5,ቍጣዬን አነሣሥተሃልና፥ የልብ በሽታን አመጣብሃለሁ፤ የሚረዳህም ታጣለህ፤ ስም አጠራርህንም ከምድር እስካጠፋው ድረስ ከእጄ አታመልጥም።
02795e8a-08f5-529a-a200-32700b920e03,49072399-1063-557a-a045-873ce4e2acbe,59491c32-1775-5b7c-a3c5-44459f67a308,6,6,አንገትህን አደንድነሃልና ራስህንም በከተማዬ ላይ ከፍ ከፍ አድርገሃልና፥ ይህን ነገር እንደ ዐይን ጥቅሻ ፈጥኜ ባደረግሁ ጊዜ እኔ ፈጣሪህ እግዚአብሔር እንደ ሆንሁ ታውቀኛለህ፤ አንተ በፊቴ እሳት እንደሚበላው በነፋስ ፊት እንዳለ ሣር ነህና፥ ዓውሎ ነፋስም ከምድር አፍሶ እንደሚበትነው ትቢያ ነህና አንተ በእኔ ዘንድ እንዲሁ ነህ።
df1252ae-5ecc-573c-ae6a-b9e57c0c6021,49072399-1063-557a-a045-873ce4e2acbe,59491c32-1775-5b7c-a3c5-44459f67a308,7,7,ቍጣዬን አነሣሥተሃልና፥ ፈጣሪህንም አላወቅህምና እኔም የአንተ የሆነውን ሁሉ ቸል እለዋለሁ፤ በአንባህም ሁሉ ላይ የሚጠጋውን አላስቀርም።
df589d93-6035-5600-a5a0-22dceddad4af,49072399-1063-557a-a045-873ce4e2acbe,59491c32-1775-5b7c-a3c5-44459f67a308,8,8,አሁንም ከሠራኸው ክፋት ሁሉ ተመለስ፤ ብትመለስ፥ በእግዚአብሔርም ፊት ፈጽመህ በልቅሶና በኀዘን ብትናዘዝ፥ በንጹሕ ልቡናም ወደ እርሱ ብትለምን በፊቱ የሠራኸውን ኀጢአትህን ሁሉ እግዚአብሔር ይቅር ይልሃል።”
29a714f8-b272-513d-ad43-7fc950eb9384,49072399-1063-557a-a045-873ce4e2acbe,59491c32-1775-5b7c-a3c5-44459f67a308,9,9,የዚያን ጊዜም መቃቢስ ትቢያ ለብሶ ስለ ኀጢአቱ በእግዚአብሔር ፊት አለቀሰ። እግዚአብሔር ተቈጥቶታልና።
c263aaee-33ea-56e1-aec5-97c5e1dc8f3d,49072399-1063-557a-a045-873ce4e2acbe,59491c32-1775-5b7c-a3c5-44459f67a308,10,10,እግዚአብሔርም በነቢዩ ቃል የተናገረውን መቅሠፍት እንደማያዘገይ ዐወቀ። ዐይኖቹ የተገለጡ ናቸውና አይተኛም፤ ዦሮውም የተከፈተ ነውና ቸል አይልም፤ የተናገረውንም ቃል ሐሰት አያደርግምና በአንዲት ጊዜ እንደ ዐይን ጥቅሻ ፈጥኖ ያደርጋታል።
41cfa22d-b8c2-5700-a54e-f202b8582ce0,49072399-1063-557a-a045-873ce4e2acbe,59491c32-1775-5b7c-a3c5-44459f67a308,11,11,ልብሱንም ጥሎ ማቅ ለበሰ፤ በራሱም ላይ ትቢያ ነሰነሰ፤ ስለ ሠራውም ክፋት በፈጣሪው በእግዚአብሔር ፊት ጮኸ፤ አለቀሰም።
8fd32ca1-0e93-52d2-aa88-3730c390d791,8633880b-614f-50d2-a962-4cad898f656f,724d86a8-8cfb-5415-a5fa-e7ef7ef6eaf6,1,1,የሞዓብ ሬማት ለሶርያ ቅርብ ናትና ነቢዩ ነገረው።
c8e5410c-0bc1-5b54-ac15-fede83b7d3b4,8633880b-614f-50d2-a962-4cad898f656f,724d86a8-8cfb-5415-a5fa-e7ef7ef6eaf6,2,2,ጕድጓድም ቈፍሮ እስከ አንገቱ ገባ፤ መራራ ልቅሶንም አለቀሰ፤ በእግዚአብሔር ፊት ስለ ሠራው ኀጢአቱም ንስሓ ገባ።
d74af4a8-db89-59f8-a3fb-bcb7d622b866,8633880b-614f-50d2-a962-4cad898f656f,724d86a8-8cfb-5415-a5fa-e7ef7ef6eaf6,3,3,እግዚአብሔርም ነቢዩን እንዲህ አለው፤ “ከይሁዳ ሀገር ወደ ሬማት ወደ ሞዓቡ ሹም ወደ መቃቢስ ተመለስ። እግዚአብሔርም እንዲህ ይላል በለው፦ በኀይሌ ጽናትና በሠራዊቴ ቅድስቲቱን ከተማ አጠፋኋት እንዳትል ከተማዬን ታጠፋ ዘንድ የአንተ ፈጣሪ እኔ እግዚአብሔር በፈቃዴ ላክሁህ እንጂ ይህን ነገር ያደረግኸው አንተ አይደለህም፤
df50af69-8788-520e-a8fe-fd9a105868da,8633880b-614f-50d2-a962-4cad898f656f,724d86a8-8cfb-5415-a5fa-e7ef7ef6eaf6,4,4,በስስትዋ ሁሉ፥ በክዳትዋና በሴሰኝነትዋም አሳዝናኛለችና።
3d4e1916-4443-5830-a75b-f362bbf00479,8633880b-614f-50d2-a962-4cad898f656f,724d86a8-8cfb-5415-a5fa-e7ef7ef6eaf6,5,5,እኔም ቸል ብዬ በአንተ እጅ አሳልፌ ሰጠኋት፤ አንገትህን ስለ አደነደንህ፥ ከተማዪቱንም በእጄ ብርታት ከበብኋት ስለምትል ስለ አንተ አይደለም። አሁንም ስለ ወለድሃቸው ልጆችህ እግዚአብሔር ኀጢአትህን ይቅር አለህ።
b6ec9a4f-538e-5ba8-a832-2fb088fd2a51,8633880b-614f-50d2-a962-4cad898f656f,724d86a8-8cfb-5415-a5fa-e7ef7ef6eaf6,6,6,አሁንም በፍጹም ልቡናህ ጨክነህ ንስሓ ግባ። የሚጠራጠሩ ሰዎች ንስሓ ለመግባት አይጨክኑምና ተጠራጣሪ አትሁን።
dedfae98-5546-53e9-a8ad-f19486f73aa0,8633880b-614f-50d2-a962-4cad898f656f,724d86a8-8cfb-5415-a5fa-e7ef7ef6eaf6,7,7,ነገር ግን በፍጹም ልቡናቸው ንስሓ የሚገቡ፥ ስለ ክፋታቸውም ንስሓ በገቡበት ሁሉ ወደ ጥመትና ወደ ኀጢአት የማይመለሱ ሰዎች ብፁዓን ናቸው።
3f14390c-8fa9-5ae6-ada9-69a088331e74,8633880b-614f-50d2-a962-4cad898f656f,724d86a8-8cfb-5415-a5fa-e7ef7ef6eaf6,8,8,በልቅሶና በኀዘን፥ በብዙ ልመናና በስግደትም ወደ ፈጠራቸው ወደ እግዚአብሔር ለመመለስ የሚጨክኑም ብፁዓን ናቸው፤ ንስሓ የገቡትን ከሳታችሁ በኋላ ንስሓ የገባችሁ እናንተ የእኔ ናችሁ ብሏቸዋልና፤
78ad6109-b102-58aa-a025-eb4b6b35ee21,8633880b-614f-50d2-a962-4cad898f656f,724d86a8-8cfb-5415-a5fa-e7ef7ef6eaf6,9,9,ትዕቢተኛውንም ከሳተ በኋላ በንስሓ ወደ እርሱ በተመለሰ ጊዜ ስለ ፍርሀትህና ስለ ድንጋጤህ ኀጢአትህን ይቅር እልሃለሁ አለው፤ የአባትን ኀጢአት በልጆች ላይ እስከ ሦስተኛና እስከ አራተኛ ትውልድ የማመጣ፥ ለሚወድዱኝ፥ ሕጌንም ለሚጠብቁ ግን ለእነርሱ እስከ ሺህ ትውልድ ድረስ ምሕረትን የማደርግ ፈጣሪህ እግዚአብሔር እኔ ነኝና።
70ba835a-7c3f-5fef-a35f-a77e9e6d6bfc,8633880b-614f-50d2-a962-4cad898f656f,724d86a8-8cfb-5415-a5fa-e7ef7ef6eaf6,10,10,አሁንም ስለ ወለድኻቸው ስለ እነዚህ ልጆች ከአንተ ጋራ ያለውን ቃል ኪዳኔን እጠብቃለሁ፤ ስለ ሠራኸው ኀጢአትህም ያደረግኸውን ንስሓ እቀበላለሁ ይላል ሁሉን የሚችል የእስራኤል ቅዱስ እግዚአብሔር።”
1532c6f1-d951-54e4-a447-0662866ccd22,8633880b-614f-50d2-a962-4cad898f656f,724d86a8-8cfb-5415-a5fa-e7ef7ef6eaf6,11,11,ያንጊዜም ከጕድጓዱ ወጣ፤ “እኔ እግዚአብሔርን አሳዝኜዋለሁና የወደድኸውን አድርገኝ እንጂ ከአንተ እንዳልለይ እግዚአብሔር እንዲህና እንዲህ ያድርገኝ ብሎ ለነቢዩ ሰገደ፤ ለእኛ ሕግ የለንምና እንደ አባቶች በትእዛዙ አልሄድሁም፤ አባቶቻችንም እንዳስተማሩን ጣዖት እንደምናመልክ አንተ ታውቃለህ።
6078512d-78ea-512b-a587-3761f4d5d47f,8633880b-614f-50d2-a962-4cad898f656f,724d86a8-8cfb-5415-a5fa-e7ef7ef6eaf6,12,12,እኔ በኀጢአቴና በልቡናዬ ትዕቢት የሔድሁ፥ በአንገቴ ደንዳናነትም ፈጣሪዬን ያሳዘንሁ ኀጢአተኛ ነኝና። እስከ አሁንም ድረስ የእግዚአብሔርን ነቢያት ቃል አልሰማሁም ነበር፤ ባዘዘኝም በሕጉና በትእዛዙ አልኖርሁም።”
3df629d9-94c0-5b57-a269-f3f7ff60f8c8,8633880b-614f-50d2-a962-4cad898f656f,724d86a8-8cfb-5415-a5fa-e7ef7ef6eaf6,13,13,ነቢዩም መልሶ፥ “ከእናንተ አስቀድሞ ከወገናችሁ ኀጢአቱን የታመነ የለምና ዛሬ ንስሓህን እንደ ተቀበለ ዐወቅሁ” አለ።
0b91ceea-3755-5c51-a075-9f4d861c9c55,8633880b-614f-50d2-a962-4cad898f656f,724d86a8-8cfb-5415-a5fa-e7ef7ef6eaf6,14,14,ከእንግዲህ ወዲያ ግን ጣዖት ማምለክን ተው፤ መመለስህ እውነተኛ ይሆን ዘንድ እግዚአብሔርን ወደ ማወቅ ተመለስ፤ ከነቢዩም እግር በታች ሰገደ፤ ነቢዩም አነሣው፤ የሚገባውንም በጎ ሥራ ሁሉ አዘዘው።
ce287c5a-b8e4-56a8-aa75-d2f068ae2473,8633880b-614f-50d2-a962-4cad898f656f,724d86a8-8cfb-5415-a5fa-e7ef7ef6eaf6,15,15,እግዚአብሔርም እንዳዘዘው አደረገ፤ ወደ ቤቱም ተመለሰ።
635e38cf-e091-5ec8-ad82-3c733c6d902f,8633880b-614f-50d2-a962-4cad898f656f,724d86a8-8cfb-5415-a5fa-e7ef7ef6eaf6,16,16,ያም መቃቢስ አእምሮውን አስተካከለ፤ ከቤቱም ጣዖቱንና ጥንቆላውን፥ ጣዖት የሚያመልኩ ሰዎችንና ሟርተኞችን፥ ጠንቋዮችንም አስወገደ፤
5895bf08-eebf-5825-a094-530f97700485,8633880b-614f-50d2-a962-4cad898f656f,724d86a8-8cfb-5415-a5fa-e7ef7ef6eaf6,17,17,ከኢየሩሳሌም ያመጣቸውንም የምርኮ ልጆች አባቶቻቸው እንደሚያደርጉ የእግዚአብሔርን ትእዛዝ ሁሉ፥ ሥርዐቱንና ሕጉንም ያደርጉ እንደ ሆነ ጧትና ማታ ይመረምራቸው ነበር።
6d252b4c-4be9-587f-ae6b-fc20155c4b7b,8633880b-614f-50d2-a962-4cad898f656f,724d86a8-8cfb-5415-a5fa-e7ef7ef6eaf6,18,18,ከተማረኩትም ልጆች ከዐዋቂዎቹ በቤቱ ሾመ።
e0cffdac-7592-5f46-a65d-6b4cc5ee1215,8633880b-614f-50d2-a962-4cad898f656f,724d86a8-8cfb-5415-a5fa-e7ef7ef6eaf6,19,19,ዳግመኛም የእስራኤል ልጆች የሚያደርጉትን የእግዚአብሔርን ሕግ ያስተምሯቸው ዘንድ ወደ መኝታው የሚገቡ፥ ታናናሽ ቅምጥል ልጆቹን የሚጠብቁ ዐዋቂዎችን ከታናናሾቹ ሾመ፤ ሥርዐቱንና ሕጉን፥ አምልኮቱንና ፍርዱን፥ ሞዓባውያንም የሚያደርጉትን ሥርዐት ሁሉ ከምርኮ ልጆች ይሰማ ነበር።
57fce7d0-24a4-5555-ae77-fc24df66b410,8633880b-614f-50d2-a962-4cad898f656f,724d86a8-8cfb-5415-a5fa-e7ef7ef6eaf6,20,20,መስጊዳቸውን፥ ጥንቆላቸውንና ጣዖቶቻቸውን፥ ጧትና ማታ ከሰቡት ከፍየሎች ጠቦቶችና ከበጎች መንጋዎች፥ ለጣዖታቱ የሚሠዋውን መሥዋዕቱንና ወይኑንም ያጠፋ ነበር።
c947eeae-01ee-5724-a5e3-482390e26c50,8633880b-614f-50d2-a962-4cad898f656f,724d86a8-8cfb-5415-a5fa-e7ef7ef6eaf6,21,21,በቀትርና በሰዓት በሥራው ሁሉ ይሰግድላቸውና ያመልካቸው ነበር፤ ይለምናቸውና ይተማመናቸውም ነበር፤ እንዲሁም ከመንገዱ በተመለሰ ጊዜ ይለምናቸው ነበር፤ የጣዖታቱ ካህናትም በነገሩት ሁሉ ፈቃዳቸውን ያደርግ ነበር።
8cae811b-b695-51e3-a963-68aeb3c5ef85,8633880b-614f-50d2-a962-4cad898f656f,724d86a8-8cfb-5415-a5fa-e7ef7ef6eaf6,22,22,በነገሩ ሁሉ የሚያድኑት ይመስለው ነበርና የነገሩትን ሁሉ አይንቅም ነበር።
d2f877b3-6a75-5a55-a784-3a4014486573,8633880b-614f-50d2-a962-4cad898f656f,724d86a8-8cfb-5415-a5fa-e7ef7ef6eaf6,23,23,ያ መቃቢስ ግን የእነርሱን መንገድ ተወ።
edeb58c4-2402-5602-a5b0-7b241a1d561d,8633880b-614f-50d2-a962-4cad898f656f,724d86a8-8cfb-5415-a5fa-e7ef7ef6eaf6,24,24,ነቢይ የሚሉት የረኣዩን ነገር ከሰማ በኋላም በንስሓ መንገዱን አሣመረ፤ በዚያም ወራት ወገኖቹ ሁሉ ከእስራኤል ልጆች ይልቅ መንገዳቸውን አሣመሩ፤ የእስራኤል ልጆች አንድ ጊዜ ያሳዝኑት ነበርና በቀሠፋቸውም ጊዜ ዐውቀው ወደ እግዚአብሔር ይጮኹ ነበርና።
ce9408be-6ae5-5383-a522-7ae6e91ddb66,8633880b-614f-50d2-a962-4cad898f656f,724d86a8-8cfb-5415-a5fa-e7ef7ef6eaf6,25,25,መከራ በሚያጸኑባቸው በአሕዛብ እጅ ተይዘው እንደ ተዋረዱ፥ ወደ እርሱም እንደ ጮሁ በሰማ ጊዜ የአባቶቻቸውን መሐላ አስቦ የዚያን ጊዜ ስለ አባቶቻቸው ስለ አብርሃምና ስለ ይስሐቅ፥ ስለ ያዕቆብም ይቅር ይላቸው ነበር።
e9bf61f7-3eb9-52ed-ac4c-a7d93cb9b368,8633880b-614f-50d2-a962-4cad898f656f,724d86a8-8cfb-5415-a5fa-e7ef7ef6eaf6,26,26,በአዳናቸውም ጊዜ ያዳናቸውን ይረሱት ነበር፤ ጣዖታቱንም ወደ ማምለክ ይመለሱ ነበር።
caa80407-318a-514c-a414-070ffde263aa,8633880b-614f-50d2-a962-4cad898f656f,724d86a8-8cfb-5415-a5fa-e7ef7ef6eaf6,27,27,ያንጊዜም በመከራ የሚያሠቃዩአቸው አሕዛብን ያስነሣባቸው ነበር፤ በአሠቃዩአቸውና ባሳዘኑአቸውም ጊዜ ወደ እግዚአብሔር ይጮሁ ነበር፤ የዚያን ጊዜም ራርቶ ይቅር ይላቸው ነበር። የእጁ ፍጥረት ስለ ሆኑ ይወድዳቸው ነበርና።
f103b495-bff2-5f36-a5b9-acac127abf85,8633880b-614f-50d2-a962-4cad898f656f,724d86a8-8cfb-5415-a5fa-e7ef7ef6eaf6,28,28,ዳግመኛም በሚጠብቃቸው ጊዜ በዙሪያቸው ያለ ጣዖትን በማምለክና በክፉው የእጃቸው ሥራ ያሳዝኑት ዘንድ ይመለሱ ነበር።
575a5c06-7bf7-5f8c-a30a-33468e662c33,8633880b-614f-50d2-a962-4cad898f656f,724d86a8-8cfb-5415-a5fa-e7ef7ef6eaf6,29,29,እርሱ ግን የኢሎፍሊንና የሞዓብን፥ የምድያምንና የሶርያን፥ የግብፅንም ሕዝብ ያስነሣባቸው ነበር፤ ጠላቶቻቸውም ድል በነሷቸው ጊዜ፥ መከራ በአጸኑባቸውና በአስገበሯቸው ጊዜ፥ በገዟቸውም ጊዜ ይጮሁና ያለቅሱ ነበር፤ እግዚአብሔርም በወደደበት ጊዜ ያድኗቸው ዘንድ መሳፍንትን ያስነሣላቸው ነበር፤ መሳፍንቱም ያድኗቸው ነበር።
9a382ff5-0332-5310-aabf-006da7a22492,3ba5a194-6504-58d0-a8b0-f1045f6d6a7c,a82fa0ae-fbf9-576d-a1c3-1f583375a2d2,1,1,በኢያሱም እነርሱን ያዳነበት ጊዜ አለ።
25f995f0-0946-5177-ab7e-dc6069a1cc79,3ba5a194-6504-58d0-a8b0-f1045f6d6a7c,a82fa0ae-fbf9-576d-a1c3-1f583375a2d2,2,2,በጌዴዎን እነርሱን ያዳነበት ጊዜ አለ።
955a2b1d-f59d-5df1-a547-eca6c6cada93,3ba5a194-6504-58d0-a8b0-f1045f6d6a7c,a82fa0ae-fbf9-576d-a1c3-1f583375a2d2,3,3,በሶምሶን፥ በባርቅና በዲቦራ፥ በዮዲትም እነርሱን ያዳነበት ጊዜ አለ፤ በሴትም ቢሆን፥ በወንድም ቢሆን አድሮ ከሚያሠቃዩአቸው ጠላቶቻቸው እጅ ያድኗቸው ዘንድ መሳፍንትን ያስነሣላቸው ነበር።
83c71e75-0384-57e9-accb-e6a2744e8a66,3ba5a194-6504-58d0-a8b0-f1045f6d6a7c,a82fa0ae-fbf9-576d-a1c3-1f583375a2d2,4,4,እግዚአብሔርም እንደ ወደደ ከሚያሠቃዩአቸው ሰዎች እጅ ያድናቸው ነበር።
b0346e86-6b59-52c0-a15f-2a6c031da492,3ba5a194-6504-58d0-a8b0-f1045f6d6a7c,a82fa0ae-fbf9-576d-a1c3-1f583375a2d2,5,5,በአደረገላቸውም በጎ ነገር ሁሉ በምድራቸው ዘር፥ በምድረ በዳ ያለ መንጋቸውን ሁሉና ከብታቸውንም በማብዛት ደስ ይላቸው ነበር።
ea432d5a-8145-5dc6-a550-3418688ddd34,3ba5a194-6504-58d0-a8b0-f1045f6d6a7c,a82fa0ae-fbf9-576d-a1c3-1f583375a2d2,6,6,ከብታቸውንና ተክላቸውን ይባርክላቸው ነበር፤ በቤትና በምድረ በዳ የያዙትንም ሁሉ ይባርክላቸው ነበር፤ በዐይነ ምሕረት ይመለከታቸው ነበርና እንስሶቻቸውን አያሳንስባቸውም ነበር፤ የጻድቃን ልጆች ናቸውና ፈጽሞ ይወዳቸው ነበር።
86d4311d-e194-53bd-a30b-481201dc3dd1,3ba5a194-6504-58d0-a8b0-f1045f6d6a7c,a82fa0ae-fbf9-576d-a1c3-1f583375a2d2,7,7,እነርሱ ግን በሥራቸው ክፉ በሆኑ ጊዜ በጠላቶቻቸው እጅ አሳልፎ ይሰጣቸው ነበር።
662640b0-715d-560e-ad3b-2faa32e1259a,3ba5a194-6504-58d0-a8b0-f1045f6d6a7c,a82fa0ae-fbf9-576d-a1c3-1f583375a2d2,8,8,በሚያጠፋቸውም ጊዜ ወዲያውኑ ይሹት ነበር፤ ተመልሰውም ወደ ፈጣሪያቸው ወደ እግዚአብሔር ይገሠግሡ ነበር።
63660073-02f6-5e18-a7e9-0ae9d20651df,3ba5a194-6504-58d0-a8b0-f1045f6d6a7c,a82fa0ae-fbf9-576d-a1c3-1f583375a2d2,9,9,በፍጹም ልቡናቸውም በተመለሱ ጊዜ ኀጢአታቸውን ያስተሰርይላቸው ነበር፤ ሥጋና ደም እንደ ሆኑ ያውቃቸዋልና የሚያስት የዚህ ዓለም አሳብና፥ አጋንንትም አሉባቸውና የቀደመ ኀጢአታቸውን አያስብባቸውም ነበር።
df080dfb-0934-56e4-afd0-aa87639334d3,3ba5a194-6504-58d0-a8b0-f1045f6d6a7c,a82fa0ae-fbf9-576d-a1c3-1f583375a2d2,10,10,ያ መቃቢስ ግን እግዚአብሔር በቅዱሱ ተራራ የሠራውን ይህን ሥርዐት በሰማ ጊዜ በንስሓ ተጋደለ።
b70826c6-9ad9-5ff2-ab75-6a5f695a9bc0,3ba5a194-6504-58d0-a8b0-f1045f6d6a7c,a82fa0ae-fbf9-576d-a1c3-1f583375a2d2,11,11,ይኸን ነገር ከአየና ከሰማ በኋላም በጎ ሥራ መሥራትን አላቃለለም፤ እግዚአብሔር ይቅር ብሎአቸዋልና የእስራኤል ልጆች የሚሠሩትን ቸርነት ሁሉ መሥራት አላቃለለም፤ ትእዛዙንም ሲተላለፉ እግዚአብሔር በሚቀሥፋቸው ጊዜ ያለቅሱና ይጮሁ ነበር፤ ዳግመኛም ይቅር ይላቸው ነበር፤ ሕጉንም ይጠብቁት ነበር።
e21a9027-9f13-56a6-a4de-b28f111c862e,3ba5a194-6504-58d0-a8b0-f1045f6d6a7c,a82fa0ae-fbf9-576d-a1c3-1f583375a2d2,12,12,መቃቢስም እንደዚሁ መንገዱን ያቀና ነበር፤ ትእዛዙንም ይጠብቅ ነበር፤ በእስራኤል አምላክ በእግዚአብሔር ትእዛዝም ይሔድ ነበር።
aeafea1a-9649-57ed-a0d0-232fce46d890,3ba5a194-6504-58d0-a8b0-f1045f6d6a7c,a82fa0ae-fbf9-576d-a1c3-1f583375a2d2,13,13,ያንጊዜም የእስራኤል ልጆች የሚመኩበትን ሁሉ ከሰማ በኋላ የእግዚአብሔርን ትእዛዝ በመጠበቅ እንደ እነርሱ ይመካ ነበር።
4ab83e38-b4e3-5860-ae9f-b1ad6f36bacf,3ba5a194-6504-58d0-a8b0-f1045f6d6a7c,a82fa0ae-fbf9-576d-a1c3-1f583375a2d2,14,14,ቤቱንና ልጆቹንም በእግዚአብሔር ሕግና ትእዛዝ ሁሉ ይሄዱ ዘንድ ይሠራራ ነበር።
788acda2-ffe8-5e06-a5f8-179db804e902,3ba5a194-6504-58d0-a8b0-f1045f6d6a7c,a82fa0ae-fbf9-576d-a1c3-1f583375a2d2,15,15,አይሁድ የሚከለከሉትን ሥርዐት እርሱም ይከለከል ነበር፤ አይሁድም የሚጠብቁትን ትእዛዝ ሰምቶ ይጠብቅ ነበር፤ እርሱ ልዩ ሞዓባዊ ወገን ሲሆን አይሁድ የሚከለከሉትን ምግብም ይከለከል ነበር።
476f81f8-2b8c-557f-a09d-456d83236cfc,3ba5a194-6504-58d0-a8b0-f1045f6d6a7c,a82fa0ae-fbf9-576d-a1c3-1f583375a2d2,16,16,ዐሥራትም ያወጣ ነበር፤ ከበጎቹና ከላሞቹ፥ ከአህዮቹም መጀመሪያ የተወለደውንና የገዛውን ሁሉ ይሰጥ ነበር፤ እንዲሁም አይሁድ የሚሠዉትን መሥዋዕት ፊቱን ወደ ኢየሩሳሌም መልሶ ይሠዋ ነበር።
68cfc964-70b9-5167-ac92-8ad3b7be1d9d,3ba5a194-6504-58d0-a8b0-f1045f6d6a7c,a82fa0ae-fbf9-576d-a1c3-1f583375a2d2,17,17,የስእለቱንና የኀጢአቱን፥ የፈቃዱንና የሰላሙን መሥዋዕትና የዘወትሩን መሥዋዕት ይሠዋ ነበር።
f653887a-941d-54d9-ad0b-c086a8a150a6,3ba5a194-6504-58d0-a8b0-f1045f6d6a7c,a82fa0ae-fbf9-576d-a1c3-1f583375a2d2,18,18,የአዝመራውንም መጀመሪያ ይሰጥ ነበር፤ አይሁድም የሚያቀርቡትን የወይኑን ቍርባን ያቀርብና ለሾመው ለሌዋዊው ይሰጥ ነበር፤ አይሁድም የሚያደርጉትን ሁሉ እንዲሁ ያደርግ ነበር፤ ዕጣኑንም ያጣፍጥ ነበር።
087f2fb4-b620-5a8e-af55-6b9477488abf,3ba5a194-6504-58d0-a8b0-f1045f6d6a7c,a82fa0ae-fbf9-576d-a1c3-1f583375a2d2,19,19,መቅረዝንና ጋኖችን፥ ጠረጴዛዎችንና ድንኳኖችን፥ አራቱን ኅብርና ቀለበቶችን፥ ለቅድስተ ቅዱሳኑም መብራት የተጣራ ዘይትን፥ እግዚአብሔርን በሚያገለግሉበት ጊዜ እስራኤል በቅድስተ ቅዱሳኑ እንደሚያደርጉት መጋረጃን አሠራ።
5e9075ad-0287-54f9-ae34-2a999e1fe9a9,3ba5a194-6504-58d0-a8b0-f1045f6d6a7c,a82fa0ae-fbf9-576d-a1c3-1f583375a2d2,20,20,በሕጉና በሥርዐቱ በኖሩ ጊዜ፥ እግዚአብሔርም ቸል ብሎ በጠላቶቻቸው እጅ ባልጣላቸው ጊዜ፥ መቃቢስም እንደ እነርሱ በመንገዱ ሁሉ በጎ ሥራ ይሠራ ነበር።
cdf1fd0b-c3fd-5ee8-aa31-02514377f782,3ba5a194-6504-58d0-a8b0-f1045f6d6a7c,a82fa0ae-fbf9-576d-a1c3-1f583375a2d2,21,21,መሪ እንዲሆነው፥ ከመረጣቸውና ፈቃዱን ከአደረጉ ከእስራኤል ወገኖችም እንዳይለየው ሁልጊዜ ወደ እስራኤል ፈጣሪ ወደ እግዚአብሔር ይጸልይ ነበር።
e023acc7-983f-5534-ad8d-0eb972f039e7,3ba5a194-6504-58d0-a8b0-f1045f6d6a7c,a82fa0ae-fbf9-576d-a1c3-1f583375a2d2,22,22,በጽዮን ልጅን፥ በኢየሩሳሌምም ቤትን ይሰጠው ዘንድ፥ በነቢዩ አንደበት ከተናገረው ከጥፋትም ያድነው ዘንድ ንስሓ በገባበትና በእግዚአብሔር ፊት በአለቀሰው ልቅሶ ሁሉ ንስሓውን ይቀበለው ዘንድ፥
696f99a7-951c-505a-a6b2-71f0afa4adf5,3ba5a194-6504-58d0-a8b0-f1045f6d6a7c,a82fa0ae-fbf9-576d-a1c3-1f583375a2d2,23,23,ዘሩንም ከምድር እንዳያጠፋበት፥ በመግባቱና በመውጣቱም ይጠብቀው ዘንድ ዳግመኛ ይጸልይ ነበር።
732fc272-de95-5f6e-a2bb-4dfdf760407f,3ba5a194-6504-58d0-a8b0-f1045f6d6a7c,a82fa0ae-fbf9-576d-a1c3-1f583375a2d2,24,24,በመቃቢስ ሥልጣን በታች ከአሉ ከሞዓብ አሕዛብም ያምኑ ዘንድ ደስ አላቸው፤ አለቃቸው በቀናች መንገድ ይሄድ ነበርና፥ ፍርዱንም ይመለከቱ ነበር፤ ፈቃዱንም ያደርጉ ነበር፤ የአገራቸውን ፍርድና ያገራቸውን ቋንቋ ይንቁ ነበርና የመቃቢስም ሥራ እንደሚቀናና እንደሚሻል ያስተውሉ ነበር።
c63546b5-c514-5313-a76d-52a01ab1dd09,3ba5a194-6504-58d0-a8b0-f1045f6d6a7c,a82fa0ae-fbf9-576d-a1c3-1f583375a2d2,25,25,ወደ እርሱም መጥተው የመቃቢስን የቸርነቱንና የእውነቱን ፍርድ ይሰሙ ነበር።
80df0c17-7d10-5c61-a901-82de469ddefb,3ba5a194-6504-58d0-a8b0-f1045f6d6a7c,a82fa0ae-fbf9-576d-a1c3-1f583375a2d2,26,26,ብዙ ገንዘብም ነበረው፤ ወንዶች ባሮችና ሴቶች ባሮች፥ ግመሎችና አህዮችም ነበሩት፤ ጥሩር የሚለብሱ አምስት መቶ ፈረሶችም ነበሩት፤ ኢሎፍላውያንንና አማሌቃውያንን፥ ሶርያውያንንም ፈጽሞ ድል ይነሣቸው ነበር፤ ቀድሞ ጣዖት ሲያመልክ ግን ድል ሲነሡት ኖረ።
e623009b-067d-5105-a6bb-9063a8e7839f,3ba5a194-6504-58d0-a8b0-f1045f6d6a7c,a82fa0ae-fbf9-576d-a1c3-1f583375a2d2,27,27,እግዚአብሔርን ከአመነ ወዲህ ግን ወደ ሰልፍ ሲሄድ እርሱ ድል ይነሣ ነበር እንጂ እርሱን ድል የነሣው አልነበረም።
574020cc-5495-5dfc-a115-b7763f73b33c,3ba5a194-6504-58d0-a8b0-f1045f6d6a7c,a82fa0ae-fbf9-576d-a1c3-1f583375a2d2,28,28,እነርሱ ግን ይወጉት ዘንድ በጣዖቶቻቸው ኀይል ይመጡ ነበር፤ በጣዖቶቻቸውም ስም ጠርተው ይረግሙት ነበር፤ ነገር ግን እምነቱን በፈጣሪው በእግዚአብሔር ላይ አድርጓልና ድል የሚነሣው አልነበረም።
9f9cc25a-4b81-5131-abb9-d4c8b1c92fb1,3ba5a194-6504-58d0-a8b0-f1045f6d6a7c,a82fa0ae-fbf9-576d-a1c3-1f583375a2d2,29,29,እንዲህም እያደረገና ጠላቶቹንም ድል እየነሣ፥ አሕዛብንም በሥልጣኑ እየገዛ ኖረ።
d5773579-6530-586b-ac30-cc08c383070c,3ba5a194-6504-58d0-a8b0-f1045f6d6a7c,a82fa0ae-fbf9-576d-a1c3-1f583375a2d2,30,30,ስለ ተበደሉትም ይበቀል ነበር፤ የድሃአደጉንም ፍርድ ያጸድቅ ነበር፤
3e50ab59-a075-5fd4-aa8b-5e2afbebce56,3ba5a194-6504-58d0-a8b0-f1045f6d6a7c,a82fa0ae-fbf9-576d-a1c3-1f583375a2d2,31,31,ባልቴቶችንና ድሃአደጎችንም በችግራቸው ጊዜ ይቀበላቸው ነበር፤ የተራቡትንም ከምግብ ያጠግባቸው ነበር፤ የተራቈቱትንም ከልብሱ ያለብሳቸው ነበር።
d263bfc6-cc1f-5ecb-a137-33b5f12af9de,3ba5a194-6504-58d0-a8b0-f1045f6d6a7c,a82fa0ae-fbf9-576d-a1c3-1f583375a2d2,32,32,በጥበቡና በእጁም ሥራ ደስ ይለው ነበር፤ ከአለውም ሳይነፍግ ይሰጥ ነበር፤ ለቤተ መቅደስም ዐሥራትን ይሰጥ ነበር፤ መቃቢስም ይኽን እያደረገ ሳለ በመልካም ዐረፈ።
b764ad3c-36f0-5fae-a219-b5d5b9d4765d,7af6e409-aa6b-5fdc-a86f-1b3b1c455839,094e7c17-8b5e-55c7-ac49-936cec420874,1,1,እርሱም ታናናሽ ልጆቹን ትቶ ሞተ፤ አባታቸውም ሥርዐት እንደ ሠራላቸው አደጉ፤ የቤታቸውንም ሥርዐት ጠበቁ፤ ወገናቸውንም ሁሉ ይጠብቁ ነበር፤ ድሃውንና ባልቴቶችን፥ የሙት ልጆችንም አያስጮሁም ነበር።
038394c3-2b77-5614-aa8e-a2517017b052,7af6e409-aa6b-5fdc-a86f-1b3b1c455839,094e7c17-8b5e-55c7-ac49-936cec420874,2,2,እግዚአብሔርንም ይፈሩት ነበር፤ ገንዘባቸውንም ለድሆች ይመጸውቱ ነበር፤ አባታቸውም አደራ ያላቸውን ሁሉ ይጠብቁ ነበር፤ ባልቴትዋንና የሙት ልጆችንም በችጋራቸው ጊዜ ያረጋጓቸው ነበር፤ አባትና እናትም ይሆኗቸው ነበር፤ ከሚበድሏቸው ሰዎች እጅ ያስጥሏቸው፥ ካገኛቸው ሁከትና ኀዘንም ሁሉ ያረጋጓቸው ነበር።
911df50f-401f-5e03-ac6f-e6cc42b9dfa6,7af6e409-aa6b-5fdc-a86f-1b3b1c455839,094e7c17-8b5e-55c7-ac49-936cec420874,3,3,እንዲህም እያደረጉ አምስት ዓመት ኖሩ።
b3ca013c-ad8b-540e-a634-dda5e9fc9c2a,7af6e409-aa6b-5fdc-a86f-1b3b1c455839,094e7c17-8b5e-55c7-ac49-936cec420874,4,4,ከዚህም በኋላ የከለዳውያን ንጉሥ ጺሩጻይዳን መጣ፤ ሀገራቸውንም ሁሉ አጠፋ፤ የመቃቢስንም ልጆች ማረካቸው፤ መንደራቸውንም ሁሉ አጠፋ።
a8ea2709-ebb4-5f81-af11-620461bd89da,7af6e409-aa6b-5fdc-a86f-1b3b1c455839,094e7c17-8b5e-55c7-ac49-936cec420874,5,5,ገንዘባቸውንም ሁሉ ዘረፈ፤ እነርሱንም በእግዚአብሔር ትእዛዝና ፍርድ የማይሔዱ፥ ነገር ግን በክፋት ሁሉና በዝሙት፥ በርኵሰትና በስስት፥ በፅርፈትና አምላካቸውን ባለማሰብ የሚሔዱ ጣዖት አምላኪዎች ይዘው ወደ ሀገራቸው ወሰዷቸው።
c7c6dd7b-0c5e-5933-a710-caeedb76f4ee,7af6e409-aa6b-5fdc-a86f-1b3b1c455839,094e7c17-8b5e-55c7-ac49-936cec420874,6,6,የሞተውንና ደሙን፥ አውሬ የበላውንና የበከተውን፥ እግዚአብሔርም የማይወድደውን ሁሉ ይበላሉ፤ በኦሪት ከተጻፈው ከእውነተኛው ትእዛዝም ሁሉ ሕግ የላቸውም።
a6e298a3-f653-5ac4-a1a3-cabbcca27ffa,7af6e409-aa6b-5fdc-a86f-1b3b1c455839,094e7c17-8b5e-55c7-ac49-936cec420874,7,7,እግዚአብሔርንም ከእናታቸው ማኅፀን ያወጣቸውና በሚገባ የመገባቸው፥ ፈጣሪያቸውና መድኀኒታቸውም እንደ ሆነ አያውቁትም።
8b0c37a6-fc02-5b49-afda-f7306c174cee,7af6e409-aa6b-5fdc-a86f-1b3b1c455839,094e7c17-8b5e-55c7-ac49-936cec420874,8,8,በፍርድ ጊዜም ሕግ የላቸውም፤ የእንጀራ እናታቸውንና አክስታቸውን አግብተው ወደ ቅሚያና ወደ ክፉ ነገር፥ ወደ ኀጢአትና ወደ ዝሙትም ይሄዳሉ እንጂ። ክፉውንም ሁሉ ያደርጋሉ፤ እኅቶቻቸውንና ዘመዶቻቸውንም ያገባሉ፤ ሕግም የላቸውም።
00f7f3f3-07ac-50a2-aabd-cc17b493452c,7af6e409-aa6b-5fdc-a86f-1b3b1c455839,094e7c17-8b5e-55c7-ac49-936cec420874,9,9,መንገዳቸውም ሁሉ ድጥና ጨለማ፤ ርኵሰትና ዝሙት ነው።
3265d2fb-f860-52d1-afc9-81373fb39814,7af6e409-aa6b-5fdc-a86f-1b3b1c455839,094e7c17-8b5e-55c7-ac49-936cec420874,10,10,እነዚያ የመቃቢስ ልጆች ግን በሥርዐታቸው ሁሉ ይጠበቁ ነበር፤ ሞቶ ያደረውንና አባላ የተመታውን አይበሉም ነበር፤ የከለዳውያንንም ልጆች ርኵሰትና ኀጢአታቸውን ሁሉ አይሠሩም ነበር። በዚህ መጽሐፍ ያልተጻፈ የኃጥኣንና የወንጀለኞች፥ የመናፍቃንና የከዳተኞች፥ ፍጹም ርኩሰትንና ቅሚያን የተሞሉ የአረማውያን ልጆች የሚሠሩት ሥራቸው ክፉና ብዙ ነበርና።
53eb8b3b-bb80-5aa1-acb7-8399a0f5861a,7af6e409-aa6b-5fdc-a86f-1b3b1c455839,094e7c17-8b5e-55c7-ac49-936cec420874,11,11,ፈጣሪያቸው እግዚአብሔር የሚወድደው ሥራ ሁሉ በእነርሱ ዘንድ አልነበረም።
d11f1421-8f5f-5a33-aace-bd6bb169de9c,7af6e409-aa6b-5fdc-a86f-1b3b1c455839,094e7c17-8b5e-55c7-ac49-936cec420874,12,12,ዳግመኛም ስሙ ብኤል ፌጎር የሚባል ጣዖትን ያመልኩ ነበር፤ እንደ ፈጣሪያቸው እንደ እግዚአብሔርም ያመልኩትና ይታመኑት ነበር። እርሱ ግን ደንቆሮና ዲዳ ስለሆነ የሚያየውና የሚሰማው የለም፤ የሰው እጅ ሥራ ጣዖት ነውና፤ ብርና ወርቅን የሚሠራ አንጥረኛ የሠራው፥ ትንፋሽና ዕውቀት የሌለው የሰው እጅ ሥራ ነው፤
108e18cf-58bd-58de-ab95-7250103091d6,7af6e409-aa6b-5fdc-a86f-1b3b1c455839,094e7c17-8b5e-55c7-ac49-936cec420874,13,13,አይበላም፤ አይጠጣምም።
8f663137-70d7-53c4-a79c-4d4a48b7f2a2,7af6e409-aa6b-5fdc-a86f-1b3b1c455839,094e7c17-8b5e-55c7-ac49-936cec420874,14,14,አይገድልም፦ አያድንምም።
a720d2c7-6a38-549d-aca9-22dc158499b8,7af6e409-aa6b-5fdc-a86f-1b3b1c455839,094e7c17-8b5e-55c7-ac49-936cec420874,15,15,አይተክልም፦ አይነቅልምም።
77e67cb0-453d-55cb-a4a9-96fc62e78f47,7af6e409-aa6b-5fdc-a86f-1b3b1c455839,094e7c17-8b5e-55c7-ac49-936cec420874,16,16,መልካም አያደርግም፤ ክፉም አያደርግም።
699a49cc-88dc-506b-a644-cbb2c8961d03,7af6e409-aa6b-5fdc-a86f-1b3b1c455839,094e7c17-8b5e-55c7-ac49-936cec420874,17,17,አያደኸይም፦ አያከብርምም።
54360d9e-945d-5e5c-a843-22cf5e376da1,7af6e409-aa6b-5fdc-a86f-1b3b1c455839,094e7c17-8b5e-55c7-ac49-936cec420874,18,18,አይቀሥፍም፤ ይቅርም አይልም። ነገር ግን ሰነፎች የከለዳውያንን ሕዝብ ለማሳት ዕንቅፋትን ይሆናል።
5cea5535-7229-5078-a462-de1a2fc40b2f,5c17fde2-f22f-563f-a864-604cbf765ae1,905cfe09-153c-5b68-ae67-06a3b61363bf,1,1,የእግዚአብሔር ጠላት ትዕቢተኛው ጺሩጻይዳን የሐሰት ካህናትንና የጣዖታቱን አገልጋዮች ሾመ።
7284f15f-a45b-5524-aa7f-f23131b6fe1d,5c17fde2-f22f-563f-a864-604cbf765ae1,905cfe09-153c-5b68-ae67-06a3b61363bf,2,2,መሥዋዕት ይሠዉላቸው ነበር፤ ወይኑንም ያፈስሱላቸው ነበር።
229464a4-ed77-57ca-ac05-faedb347e22d,5c17fde2-f22f-563f-a864-604cbf765ae1,905cfe09-153c-5b68-ae67-06a3b61363bf,3,3,እነርሱም የሚበሉና የሚጠጡ ይመስለው ነበር።
cfd92b2e-aa40-5041-a03b-b7078c7728c9,5c17fde2-f22f-563f-a864-604cbf765ae1,905cfe09-153c-5b68-ae67-06a3b61363bf,4,4,በየጧቱም ላሞችንና በጎችን፥ ፍየሎችንና ጊደሮችንም ይሰጣቸው ነበር፤ ማታና ጧትም መሥዋዕት ይሠዋ ነበር፤ ከዚያችም ከረከሰችው መሥዋዕት ይበላ ነበር።
ac246b9a-2f35-5ea6-a398-c28a17bc03a8,5c17fde2-f22f-563f-a864-604cbf765ae1,905cfe09-153c-5b68-ae67-06a3b61363bf,5,5,ዳግመኛም ለጣዖታቱ ይሠዉ ዘንድ ሌሎች ሰዎችን ያነሣሷቸውና ግድ ይሏቸው ነበር እንጂ እነርሱ ብቻ የሚያደርጉት አልነበረም።
3e8aadfd-77b9-593a-ab5c-5e1d0c7f88f1,5c17fde2-f22f-563f-a864-604cbf765ae1,905cfe09-153c-5b68-ae67-06a3b61363bf,6,6,የመቃቢስንም ልጆች ያማሩ እንደ ሆኑና ፈጣሪያቸው እግዚአብሔርን እንደሚያመልኩት ባዩአቸው ጊዜ እንዲሠዉና ከረከሰችውም መሥዋዕት እንዲበሉ የጣዖታቱ ካህናት ያስትዋቸው ዘንድ ወደዱ፤ እነዚህ የተባረኩ የመቃቢስ ልጆች ግን እንቢ አሏቸው።
e0510787-6c26-59cb-abee-e4c6d777512a,5c17fde2-f22f-563f-a864-604cbf765ae1,905cfe09-153c-5b68-ae67-06a3b61363bf,7,7,የአባታቸውን ትእዛዝ ይጠብቃሉና፥ በጎ ሥራንም በመሥራት ጸንተዋልና፥ እግዚአብሔርንም ፈጽመው ይፈሩታልና እነርሱን እሺ ማሰኘት ተሳናቸው።
dae344a7-a3a9-5ee7-a1ec-36a26c308515,5c17fde2-f22f-563f-a864-604cbf765ae1,905cfe09-153c-5b68-ae67-06a3b61363bf,8,8,ባሰሯቸውና በሰደቧቸው፥ በቀሟቸውም ጊዜ፥
7d9beb11-0e8e-5169-aa14-d942942731a9,5c17fde2-f22f-563f-a864-604cbf765ae1,905cfe09-153c-5b68-ae67-06a3b61363bf,9,9,ለጣዖቶችም መስገድንና መሠዋትን እንቢ እንዳሉ ለንጉሡ ለጺሩጻይዳን ነገሩት።
99e78f71-2fa5-5ac2-a647-f6b565206528,5c17fde2-f22f-563f-a864-604cbf765ae1,905cfe09-153c-5b68-ae67-06a3b61363bf,10,10,ስለዚህም ንጉሡ ተቈጣ፤ አዘነም፤ ያመጧቸውም ዘንድ አዘዘ፤ አምጥተውም በፊቱ አቆሙአቸው፤ እርሱም “ለጣዖቶች ስገዱ፤ መሥዋዕትንም ሠዉ” አላቸው።
781f617e-d0a5-54ae-a15b-d2110e79fbcd,5c17fde2-f22f-563f-a864-604cbf765ae1,905cfe09-153c-5b68-ae67-06a3b61363bf,11,11,እነርሱም መልሰው እንዲህ አሉት፥ “እኛስ በዚህ ነገር አንመልስልህም፤ ለረከሱ ለጣዖቶችህም መሥዋዕትን አንሠዋም።”
c128a8a6-2981-50f7-a6bd-6436038a992e,5c17fde2-f22f-563f-a864-604cbf765ae1,905cfe09-153c-5b68-ae67-06a3b61363bf,12,12,በብዙ ሥራም አስፈራራቸው፤ ነገር ግን በእግዚአብሔር አምነው ልባቸውን አስጨክነዋልና አልቻላቸውም።
96c6fd53-1213-5902-a8c9-b204e0ab7ba5,5c17fde2-f22f-563f-a864-604cbf765ae1,905cfe09-153c-5b68-ae67-06a3b61363bf,13,13,እሳትም አንድዶ ጨመራቸው፤ እነርሱም ነፍሳቸውን ለእግዚአብሔር ሰጡ።
9364c3db-65d8-53bf-ae2f-043ef3158822,5c17fde2-f22f-563f-a864-604cbf765ae1,905cfe09-153c-5b68-ae67-06a3b61363bf,14,14,ከሞቱ በኋላም ሕያዋን ሆነው፥ የተመዘዙ ሰይፎቻቸውን ይዘው በመንግሥቱ ዙፋን ተኝቶ ሳለ በሌሊት ታዩት፤ እርሱም ፈጽሞ ፈራ።
f1224d97-a964-5a63-abcb-f1b73d983b59,5c17fde2-f22f-563f-a864-604cbf765ae1,905cfe09-153c-5b68-ae67-06a3b61363bf,15,15,እርሱም እንዲህ አላቸው፥ “ጌቶች እሺ በሉኝ፤ ምን ላድርግላችሁ? ያዘዛችሁኝን ሁሉ አደርግ ዘንድ ነፍሴን አትውሰዷት፤” ፈጽመውም አስፈሩት።
5e912a00-3a20-5b7b-aafa-578221c17134,5c17fde2-f22f-563f-a864-604cbf765ae1,905cfe09-153c-5b68-ae67-06a3b61363bf,16,16,እነርሱም፥ “እግዚአብሔር ፈጣሪህ እንደ ሆነ አስብ” እያሉ የሚገባውን ሁሉ ነገሩት፤ “ከዚህም ትዕቢትህ የሚሽርህና ከአባትህ ከዲያብሎስ ጋራ ወደ ታች ወደ ገሃነም የሚያወርድህ አለ፤ በዚያም አንተን የበደልንህ በደል ሳይኖር፥ ፈጣሪያችን እግዚአብሔርንም እያመለክን ሳለን፥ እግዚአብሔርነቱንም በመፍራት እየሰገድንለት ሳለን በእሳት እንዳቃጠልኸን ፍዳህን ሁሉ ትጨርሳለህ።
b76b05ef-365c-5020-af8d-dadc851985e9,5c17fde2-f22f-563f-a864-604cbf765ae1,905cfe09-153c-5b68-ae67-06a3b61363bf,17,17,እርሱ ሁሉን የፈጠረ ነውና፥ ሰማይንና ምድርን፥ ባሕሩንና በውስጧ ያለውንም ሁሉ፥
dcaa6a4e-d94b-5d46-a4f2-799a372f82e7,5c17fde2-f22f-563f-a864-604cbf765ae1,905cfe09-153c-5b68-ae67-06a3b61363bf,18,18,ፀሐይንና ጨረቃንም፥ ከዋክብትንም፥ ፍጥረቱንም ሁሉ የፈጠረ እርሱ እግዚአብሔር ነውና።
f5f0b170-6cb0-5c17-a96c-c70bbc90f309,5c17fde2-f22f-563f-a864-604cbf765ae1,905cfe09-153c-5b68-ae67-06a3b61363bf,19,19,“በላይ በሰማይ፥ በታችም በምድር ከእርሱ በቀር ሌላ አምላክ የለም፤ ሁሉን የሚችል እርሱ ነው፤ የሚሳነውም የለም። የሚገድልና የሚያድን፥ የሚገርፍና ይቅር የሚል እርሱ ነው።
a3f3ff0e-7702-59af-aa74-8e1868b5f3ca,5c17fde2-f22f-563f-a864-604cbf765ae1,905cfe09-153c-5b68-ae67-06a3b61363bf,20,20,ሰማይንና ምድርን የሚገዛ እርሱ ነውና ከእጁ የሚያመልጥ የለም።
e0d0299a-01b9-56fb-aa34-eceb1b3d1868,5c17fde2-f22f-563f-a864-604cbf765ae1,905cfe09-153c-5b68-ae67-06a3b61363bf,21,21,ከአንተ ከወንጀለኛውና አባትህ ሰይጣን ልቡናቸውን ካሳወራቸው እንደ አንተ ከአሉ ከወንጀለኞች በቀር እርሱ ከፈጠረው ፍጥረት ከትእዛዙ የሚወጣ የለም፤ አንተና እነዚያ ጣዖታቶችህም እስከ ዘለዓለም ድረስ መውጫ ወደሌለባት ወደ ገሃነም በአንድነት ትወርዳላችሁ።
15407b27-5993-5f8a-ad8c-81489500cc88,5c17fde2-f22f-563f-a864-604cbf765ae1,905cfe09-153c-5b68-ae67-06a3b61363bf,22,22,በእኛ ክፉ ነገርን ታደርግ ዘንድ ይኸን ክፉ ሥራ ያስተማረህ መምህርህ ሰይጣን ነው እንጂ ይኸን የምታደርግ አንተ ብቻ አይደለህምና።
f7e1b7df-f7f9-59ce-abf4-18e157acc1f5,5c17fde2-f22f-563f-a864-604cbf765ae1,905cfe09-153c-5b68-ae67-06a3b61363bf,23,23,የፈጠረህ እግዚአብሔርንም አላሰብኸውም፤ ራስህንም እንደ ፈጣሪህ እንደ እግዚአብሔር ታደርጋለህ።
d40257f9-dd2c-591c-a6bd-dba00dc44d5c,5c17fde2-f22f-563f-a864-604cbf765ae1,905cfe09-153c-5b68-ae67-06a3b61363bf,24,24,እግዚአብሔር እስኪያዋርድህ ድረስ በእጅህ ሥራና በጣዖቶችህ ትታበያለህ፤ በምድር ላይም ስለ ሠራኸው ኀጢአትህና በደልህ ሁሉ ይበቀልሃል።”
3b406fda-47e1-5b18-a73c-5f4ab4dcc382,3494095a-8f6c-5554-a7ce-bdc20df07156,e0ae4d78-edb0-544a-a77a-b23b2f2bb262,1,1,የፈጠራችሁ እግዚአብሔርን የማታውቁ፥ ትእዛዙንና ቃሉንም የማትጠብቁ አንተና እንደ አንተ ያሉት ወዮላችሁ! በሲኦል ጭንቅም ተይዛችሁ በተገረፋችሁ ጊዜ በማይረባ ጸጸት ትጸጸቱ ዘንድ አላችሁና።
70096155-f7d9-52d3-a899-e4fd2d6e32a4,3494095a-8f6c-5554-a7ce-bdc20df07156,e0ae4d78-edb0-544a-a77a-b23b2f2bb262,2,2,ነፍስና ትንፋሽ ለሌላቸው፥ ክፉ ነገር ያደረገባቸውን ለማይበቀሉ፥ በጎ ነገር ላደረገላቸውም በጎ ነገርን ለማያደርጉ ለጣዖቶችህ እንደ ፈጣሪያችሁ እንደ እግዚአብሔር የምትሠዉላቸውና የምትሰግዱላቸው አንተና ካህናትህ እስከ ዘለዓለም ድረስ ከእርሷ መውጫ የላችሁም።
c0f8bbd5-3e1d-5a68-a028-5b0429ece8a7,3494095a-8f6c-5554-a7ce-bdc20df07156,e0ae4d78-edb0-544a-a77a-b23b2f2bb262,3,3,እናንተንና የአማልክቶቻችሁን አገልጋዮች፥ እናንተንም የሚያዝዙ አጋንንትን ወደ ገሃነመ እሳት ያወርዳችሁ ዘንድ እንደ እናንተ ያሉ የሰነፎችን ልቡና ለማሳት ሰይጣን በውስጣቸው የሚናገርባቸው የሰው እጅ ሥራ ናቸውና።
b0df27ef-d887-5870-a861-5168194e4190,3494095a-8f6c-5554-a7ce-bdc20df07156,e0ae4d78-edb0-544a-a77a-b23b2f2bb262,4,4,የሚረባችሁ እንደሌለ አታውቁምና ትበድላላችሁ፤ ትስታላችሁም።
6003ac81-17a3-5809-a1b0-25683e3cf7c1,3494095a-8f6c-5554-a7ce-bdc20df07156,e0ae4d78-edb0-544a-a77a-b23b2f2bb262,5,5,ከእናንተስ ለምግባችሁ እግዚአብሔር የፈጠራቸው እንስሳት፥ አውሬዎችና ውሾችም ይሻላሉ። እነርሱ ከአንዲት ሞት በቀር ዳግመኛ ኵነኔ የለባቸውምና።
d043eba1-b5c9-53dc-a087-76174cc32352,3494095a-8f6c-5554-a7ce-bdc20df07156,e0ae4d78-edb0-544a-a77a-b23b2f2bb262,6,6,እናንተ ግን ትሞታላችሁ፤ ዳግመኛም እስከ ዘለዓለም ድረስ መውጫ በሌለባት በገሃነም እንቅጥቅጥ ይፈርድባችኋል።
f6ed3c90-35ad-5b6b-aa87-eb54115cc184,3494095a-8f6c-5554-a7ce-bdc20df07156,e0ae4d78-edb0-544a-a77a-b23b2f2bb262,7,7,ይኸንም ተናግረው ሄዱ፤ ከእርሱም ተሰወሩ።
6a874ad0-8ebd-5311-a93f-7cabca850262,3494095a-8f6c-5554-a7ce-bdc20df07156,e0ae4d78-edb0-544a-a77a-b23b2f2bb262,8,8,ያ ጺሩጻይዳን ግን በጽኑ ፍርሀት ተይዞ ሲንቀጠቀጥ አደረ፤ እስኪነጋም ድረስ አልተወውም።
98a24cc1-d828-51cd-a061-0304482a7f56,3494095a-8f6c-5554-a7ce-bdc20df07156,e0ae4d78-edb0-544a-a77a-b23b2f2bb262,9,9,ከዚህም በኋላ የጻድቃንን ሬሳዎች ወደ ጣለበት ቦታ ሄደ፤ ነገር ግን አላገኛቸውም፤ ይቀብራቸው ዘንድ ወድዶአልና። ነገር ግን ሄዶ ሬሳቸውን እንዳይነካ እግዚአብሔር ሰውሯቸዋልና አጣቸው።
4a924946-dbb4-5e8b-ae15-c43aa2b05234,5e1c7d36-006b-518e-ad76-85002395ce31,c2250a34-914a-5f31-ad91-91c6fa524c60,1,1,በትዕቢትና በልብ ተንኰል ሄደ።
50be073b-937c-5518-ae8f-6e145594d30e,5e1c7d36-006b-518e-ad76-85002395ce31,c2250a34-914a-5f31-ad91-91c6fa524c60,2,2,በመንግሥቱም ዳንኤል እንዳየው ብረት ፅኑ ተብሏልና በዙሪያው ያሉ የአሕዛብ ሀገሮችን ዞረ።
8a125122-4aa2-5386-a8fc-edeb41924947,5e1c7d36-006b-518e-ad76-85002395ce31,c2250a34-914a-5f31-ad91-91c6fa524c60,3,3,በስንፍናና በክፋት ሁሉ፥ በሁከትም ይኖራል።
2de47eb7-a478-5b4a-a2dd-2b4771a19bd2,5e1c7d36-006b-518e-ad76-85002395ce31,c2250a34-914a-5f31-ad91-91c6fa524c60,4,4,ቀድሞም የተናገርነውን ይሰብራል፥ ያደቅቃል፤ ይበላልም።
8c91f20d-3f11-5200-a772-15df52546e52,5e1c7d36-006b-518e-ad76-85002395ce31,c2250a34-914a-5f31-ad91-91c6fa524c60,5,5,አንገቱን እንደ አደነደነ እንደ አባቱ እንደ ዲያብሎስም መርዝ የሚተፋ ነውና የቀረውን በእግሩ ይረግጣል።
7f7b5fcb-115b-591f-afc4-1adc1ba8ca97,5e1c7d36-006b-518e-ad76-85002395ce31,c2250a34-914a-5f31-ad91-91c6fa524c60,6,6,እግዚአብሔርንም ፈጣሪው እንደ ሆነ አያውቀውም፤ ነገር ግን ዘመኔ እንደ ሰማይ ዘመን ሆነ ይላል።
4dbe5a24-8e1a-58c2-a66f-db23a0f7ccdb,5e1c7d36-006b-518e-ad76-85002395ce31,c2250a34-914a-5f31-ad91-91c6fa524c60,7,7,በልቡናውም ፀሐይ ከእርሱ እንደሚወጣ ያስባል።
24cc71ad-fce6-572d-afa6-872a684449ef,5e1c7d36-006b-518e-ad76-85002395ce31,c2250a34-914a-5f31-ad91-91c6fa524c60,8,8,በኀይልም ይነሣል፤ በዛብሎን ዕጣ ይሰፍራል፤ በመቄዶንያም ሰልፍን ያስነሣል፤ ከሰማርያም ቀለቡን ይቀበላል፤ ከሶርያም እጅ መንሻን ይሰጡታል።
5cf5548e-08a5-5013-a29b-025a7105748c,5e1c7d36-006b-518e-ad76-85002395ce31,c2250a34-914a-5f31-ad91-91c6fa524c60,9,9,በዘላኖች አውራጃ ይሰፍራል፤ እስከ ሲዶናም ይደርሳል፤ በአካይያም ግብርን ይጥላል፤ እስከ ፈሳሹ ባሕርም ድረስ አንገቱን ከፍ ከፍ ያደርጋል፤ ተመልሶም እስከ ሕንደኬ ባሕር ድረስ መልእክቱን ይልካል።
958345cc-9387-57ba-a719-ad33d179ebe6,5e1c7d36-006b-518e-ad76-85002395ce31,c2250a34-914a-5f31-ad91-91c6fa524c60,10,10,እንዲሁም አንገቱን እስከ ሰማይ ድረስ ከፍ ከፍ ያደርጋል።
49ee73bb-5ebe-516d-ada5-79c7397b358d,5e1c7d36-006b-518e-ad76-85002395ce31,c2250a34-914a-5f31-ad91-91c6fa524c60,11,11,በመታበይና በክፋት ጸንቶ ይኖራል እንጂ ራሱን ማዋረድ የለውም።
8b62b56e-c532-5ad6-abc2-e3edb196c06f,5e1c7d36-006b-518e-ad76-85002395ce31,c2250a34-914a-5f31-ad91-91c6fa524c60,12,12,መንገዱም ሁሉ ወደ ጨለማና ወደ ድጥ፥ ወደ ወንጀልና ወደ መታበይም፥ ደም ወደ ማፍሰስና ወደ መከራም ነው።
f7c8b68e-b3b7-58e7-a3b0-b8b06a7d2b69,5e1c7d36-006b-518e-ad76-85002395ce31,c2250a34-914a-5f31-ad91-91c6fa524c60,13,13,መንገዱ ሁሉ እግዚአብሔር የሚጠላው ነው፤ የቅሚያና የክፋት፥ የኀጢአትም መምህር ሰብላንዮስ እንደ አስተማረው ያደርጋል፤ ድሃአደጉንም ያስጮሃል፤ ለድሃም አይራራም።
4127467f-a4e8-5286-aad7-739a821755ae,5e1c7d36-006b-518e-ad76-85002395ce31,c2250a34-914a-5f31-ad91-91c6fa524c60,14,14,የአሕዛብንም ነገሥታት በእጁ አግብቶ ገደላቸው።
5e5a8950-7086-58f3-ac42-369f0b82fdc3,5e1c7d36-006b-518e-ad76-85002395ce31,c2250a34-914a-5f31-ad91-91c6fa524c60,15,15,የጠላቶች አለቆችንም ገዛ፤ ብዙ አሕዛብንም ገዛ፤ እንደ ወደደም አስገበራቸው።
e6029bb6-9bad-55ff-a370-cce3e1b22084,5e1c7d36-006b-518e-ad76-85002395ce31,c2250a34-914a-5f31-ad91-91c6fa524c60,16,16,ምሕረትም አላደረገም፤ ከተርሴስ ባሕር ጀምሮ እስከ ኢያሪኮ ባሕር ድረስ ያልነጠቀው የለም።
84d184b7-ca40-5866-ad52-f074e3796c62,5e1c7d36-006b-518e-ad76-85002395ce31,c2250a34-914a-5f31-ad91-91c6fa524c60,17,17,ለጣዖትም ይሰግድ ነበር፤ ሙቶ ያደረውንና ደሙን፥ አባላ የተመታውንና ለጣዖቶች የተሠዋውን ይበላ ነበር፤ በሥራውም ሁሉ ያለ ፍርድ ፍጹም ቍጣና ክርክር ነበር እንጂ ፍርድ አልነበረውም። ከሥልጣኑ በታች ላሉ አሕዛብም የሚያስደነግጥ ሆኗልና እንደ ወደደ ግብርን ያስገብራቸው ነበር።
5b82410b-12a2-568f-a5f8-5dc5e329655c,5e1c7d36-006b-518e-ad76-85002395ce31,c2250a34-914a-5f31-ad91-91c6fa524c60,18,18,በፊቱ የወደደውን ሁሉ ያደርጋልና በፊቱ እግዚአብሔርን መፍራት አልነበረውም፤ በፈጣሪው በእግዚአብሔርም ፊት በተንኰል ይኖር ነበር።
c73ff41d-68a0-55c3-a400-2be060e160b4,5e1c7d36-006b-518e-ad76-85002395ce31,c2250a34-914a-5f31-ad91-91c6fa524c60,19,19,እንደ ፈጣሪውም አያደርገውም ነበር። እግዚአብሔርም ተቈጥቶ በያዘው ጊዜ በባልንጀራው ላይ ክፉ ነገርን እንደ አደረገ ፍዳውን ይከፍለዋል።
7b6266a9-c366-5fc6-a8eb-5b223857a200,5e1c7d36-006b-518e-ad76-85002395ce31,c2250a34-914a-5f31-ad91-91c6fa524c60,20,20,እግዚአብሔር ከዚህ ዓለም ስም አጠራራቸውን አጠፋ ዘንድ በትእዛዜ የማይኖሩ ትዕቢተኞችን እኔ ተበቅዬ አጠፋቸዋለሁ ብሏልና፥ ከእርሱ አስቀድሞ የነበሩ ኃጥኣንን እንዳጠፋቸው በጊዜው ይበቀለዋል።
aeeb6c61-3626-5c63-a8e8-0454df391044,5e1c7d36-006b-518e-ad76-85002395ce31,c2250a34-914a-5f31-ad91-91c6fa524c60,21,21,ክፉዎችም ክፉ እንደ አደረጉ ፍዳቸውን ይቀበላሉ።
72bb8896-2023-5591-ac24-c8bde62779f7,5e1c7d36-006b-518e-ad76-85002395ce31,c2250a34-914a-5f31-ad91-91c6fa524c60,22,22,በጎ አድራጊዎችን ግን በጎነት ከእግዚአብሔር ዘንድ ትከተላቸዋለች።
5dab037c-7072-58ba-aec7-22ec212b7720,5e1c7d36-006b-518e-ad76-85002395ce31,c2250a34-914a-5f31-ad91-91c6fa524c60,23,23,ኢያሱ አምስቱን የከነዓን ነገሥታትን በአንዲት ቀን በአንዲት ዋሻ እንደ አጠፋቸው፥ ሠራዊቶቻቸውንም ያጠፋቸው ዘንድ በጸሎቱ ፀሐይን በገባዖን እንደ አቆመ፥ የኤዌዎንንና የከናኔዎንን፥ የፌርዜዎንንና የኬጤዎንን፥ የኢያቡሴዎንንም ሠራዊት እስኪያጠፋቸው ድረስ ፀሐይ በሰማይ መካከል ቆሟልና በአንድ ጊዜ ሃያ ሺህ ያህል ሰውም እንደ ገደለ፥ እነርሱንም እንደ ገደላቸው፥ እግር ከአንገትም አድርጎ እንደ አሰራቸው፥ በዋሻም በጦር እንደ ገደላቸው፥ ደንጊያም እንደ ገጠመባቸው፥
a211a8dd-ae29-53b8-aa57-37c26db16151,5e1c7d36-006b-518e-ad76-85002395ce31,c2250a34-914a-5f31-ad91-91c6fa524c60,24,24,በክፉ ሥራቸው እግዚአብሔርን የሚያሳዝኑትንም ሰዎች እንደዚህ ያለ መከራ ያገኛቸዋል።
bde8ba76-c803-5ac0-a9a5-02918172ccbf,7d129b55-6605-5fff-a299-3332aa9c09a0,b881114e-cbae-5045-ae7a-bc63510fb026,1,1,እግዚአብሔር ያይደለህ አንተ ደካማ ሰው ሆይ! ለምን ትኰራለህ? ዛሬ ሰው ነህ፤ ነገም መሬትና ዐመድ ነህ፤ በመቃብርህም ትልና ብስባሽ ትሆናለህ።
b7540a96-0f14-529b-a727-fd55479e0636,7d129b55-6605-5fff-a299-3332aa9c09a0,b881114e-cbae-5045-ae7a-bc63510fb026,2,2,ዳግመኛም አንተንና የአንተን ሥራ የሚሠሩትን ሲኦል ትከተላቸዋለች፤ የአንተ መምህር አባታችን አዳምን ስለ አሳተ የዐለምን ሁሉ ኀጢአት ወደ ራሱ የሚመልስ ሰብልያኖስ ነውና፤
5840e43e-f85c-5dfe-a890-7f6420239b96,7d129b55-6605-5fff-a299-3332aa9c09a0,b881114e-cbae-5045-ae7a-bc63510fb026,3,3,ራሱንም በማኵራትና ልቡናውን በማደንደን ለፈጣሪው ሥራ መስገድን እንቢ ብሏልና።
02afb4e3-cb6f-502f-ae78-87de6c24e145,7d129b55-6605-5fff-a299-3332aa9c09a0,b881114e-cbae-5045-ae7a-bc63510fb026,4,4,አንተም እንደ መምህርህ ለፈጣሪህ ለእግዚአብሔር መስገድን እንቢ ብለሃል።
2b5fb82b-3dc2-56d8-a561-9aafe13fa3d4,7d129b55-6605-5fff-a299-3332aa9c09a0,b881114e-cbae-5045-ae7a-bc63510fb026,5,5,አንተም ፈጣሪያቸው እግዚአብሔርን የማያውቁት የቀደሙህ እንደ ሄዱት ትሄዳለህ፤
35b3363a-3bef-52be-aceb-a68f81dd99af,7d129b55-6605-5fff-a299-3332aa9c09a0,b881114e-cbae-5045-ae7a-bc63510fb026,6,6,በምድር ስለ ሠሩት ስለ ክፉ ሥራቸው እንደ ተበቀላቸውና ወደ ሲኦል እንደ ወረዱ፥
efa87294-29ca-59b4-aa70-d1d58b461ea5,7d129b55-6605-5fff-a299-3332aa9c09a0,b881114e-cbae-5045-ae7a-bc63510fb026,7,7,አንተም እንደ እነርሱ ወደ ገሃነም ትወርዳለህ።
5ff7b957-44e6-5c89-a173-9b10b8d78028,7d129b55-6605-5fff-a299-3332aa9c09a0,b881114e-cbae-5045-ae7a-bc63510fb026,8,8,ቍጣውንም አነሣሥተሃልና፥ በአምስቱም መንግሥታት ላይ ሥልጣንን የሰጠህ እግዚአብሔርን ማምለክ ቸል ብለሃልና፥ ከእግዚአብሔር እጅ የምታመልጥ ይመስልሃልን?
2baa5566-9cfc-50da-a933-77ad698e77e6,7d129b55-6605-5fff-a299-3332aa9c09a0,b881114e-cbae-5045-ae7a-bc63510fb026,9,9,ፈቃዱንም ታደርግ እንደ ሆነ፥ አታደርግም እንደ ሆነ መረመረህ፤ በምድርም መንገድህን ብታሣምር እግዚአብሔር መንገድህን ያከናውንልሃል፤ እጅህንም ያኖርህበትን ሁሉ ያከናውንልሃል፤ ይባርክልሃልም፤ ጥንተ ጠላቶችህንና የዕለት ጠላቶችህንም ያስገዛልሃል።
13a74eeb-2c81-570a-aa17-6f9d0060399e,7d129b55-6605-5fff-a299-3332aa9c09a0,b881114e-cbae-5045-ae7a-bc63510fb026,10,10,በመውጣትህና በመግባትህ፥ በሆድህም ፍሬ፥ በመንጋዎችህና በድልቦችህም፥ በጣቶችህም በአመለከትህበት ሥራ ሁሉ፥ በልብህም ባሰብኸው ሁሉ ደስ ይልሃል፤ እንዲህ ታደርግ ዘንድ፥ ትሠራና ትተክል፥ ታፈርስም ዘንድ ከእግዚአብሔር ዘንድ ሥልጣን ተሰጥቶሃልና ሁሉ ይታዘዝልሃል።
083d9b79-2343-549e-a7da-310b775677eb,7d129b55-6605-5fff-a299-3332aa9c09a0,b881114e-cbae-5045-ae7a-bc63510fb026,11,11,ነገር ግን የእግዚአብሔርን ቃልና ሕግ መስማትን እንቢ ብትል፥ በፍርዱም ባትኖር ፍርዱ ሁሉ እውነት ነውና ከአንተ አስቀድሞ እንደ ነበሩ፥ በሚገባም እግዚአብሔርን እንደማያመልኩት፥ በቀና ፍርዱም ጸንተው እንዳላመኑ ወንጀለኞች ከእግዚአብሔር እጅ የምታመልጥበት የለም።
f4ad0735-6eed-50b7-aa3c-0c2280577d42,7d129b55-6605-5fff-a299-3332aa9c09a0,b881114e-cbae-5045-ae7a-bc63510fb026,12,12,ከፊቱም የሚሰወር የለም፤ ነገር ግን ሁሉ በፊቱ ፈጽሞ የተገለጠ ነው።
4f9f94dc-d1df-5b9a-ac84-1de0fced76de,7d129b55-6605-5fff-a299-3332aa9c09a0,b881114e-cbae-5045-ae7a-bc63510fb026,13,13,የነገሥታቱን ሥልጣን የሚይዝና የኀይለኞችን ዙፋን የሚገለብጥ እርሱ ነው።
26c62e70-d269-5185-a4cd-dc0936ce5a6e,7d129b55-6605-5fff-a299-3332aa9c09a0,b881114e-cbae-5045-ae7a-bc63510fb026,14,14,የተዋረዱትንም ከፍ ከፍ የሚያደርግ፥ የወደቁትንም የሚያነሣ እርሱ ነው።
2688e09f-bdcf-56ba-aba7-6d92973658cf,7d129b55-6605-5fff-a299-3332aa9c09a0,b881114e-cbae-5045-ae7a-bc63510fb026,15,15,የታሰሩትን የሚፈታ እርሱ ነው፤ የሞቱትንም የሚያስነሣ እርሱ ነው፤ የይቅርታ ጠል ከእርሱ ዘንድ ነውና ሥጋቸው የፈረሰና የበሰበሰ፥ እንደ ትቢያም የሆነ ሰዎችን በወደደ ጊዜ ያስነሣቸዋል።
def1d88d-f26e-5644-aa8c-0c10418cee5b,7d129b55-6605-5fff-a299-3332aa9c09a0,b881114e-cbae-5045-ae7a-bc63510fb026,16,16,አሳዝነውታልና ክፉ ሥራ የሠሩ ሰዎችንም የደይን ትንሣኤን ያስነሣቸዋል፤ ይበቀላቸዋልም።
e2f8063e-b77e-59f0-ac28-ed5dc770097f,7d129b55-6605-5fff-a299-3332aa9c09a0,b881114e-cbae-5045-ae7a-bc63510fb026,17,17,በምድርም ዘራቸውን ያጠፋል፤ እነርሱ የእግዚአብሔርን ሕጉንና ሥርዐቱን ያፈረሱ ናቸውና፤
668764d3-b9b4-5889-a9f1-a897a878dac9,7d129b55-6605-5fff-a299-3332aa9c09a0,b881114e-cbae-5045-ae7a-bc63510fb026,18,18,የጻድቃን መንገድ ከኃጥኣን መንገድ ይልቅ ጭንቅ ነውና ኃጥኣን በጻድቃን ምክር ይኖሩ ዘንድ አይወድዱም።
a8c5f7d0-027d-5731-abad-6ee8d3a9f736,7d129b55-6605-5fff-a299-3332aa9c09a0,b881114e-cbae-5045-ae7a-bc63510fb026,19,19,ሰማይ ከምድር የራቀ እንደ ሆነ እንደዚሁ የጻድቃን መንገድ ከኀጥኣን መንገድ የራቀ ነው።
74d56a89-547e-500f-a21d-f63996ee69a1,7d129b55-6605-5fff-a299-3332aa9c09a0,b881114e-cbae-5045-ae7a-bc63510fb026,20,20,የኃጥኣን መንገድ ግን የቅሚያና የክፋት፥ የዐመፅና የዝሙት፥ የስስትና የክዳት ነው፤ በዐመፅም መስከርና የሰውን ገንዘብ መቀማት ነው።
3389ac0a-5688-522b-a9fd-9c595052036e,7d129b55-6605-5fff-a299-3332aa9c09a0,b881114e-cbae-5045-ae7a-bc63510fb026,21,21,የሰውን ደም ወደ ማፍሰስ ፈጥኖ መሔድ፥ በማይጠቅም ጥፋት ማድረግ፥ ድሃአደጉን ማስለቀስ፥ ደምንና ሞቶ ያደረውን መብላት፥ የግመልና የእሪያም ሥጋ መብላት፥ ወደ አራስና ሳትነጻ በደሟ ወዳለች ሴት መሔድ ነው።
f5d316f6-07d3-5a14-adb6-3f6606c8c835,7d129b55-6605-5fff-a299-3332aa9c09a0,b881114e-cbae-5045-ae7a-bc63510fb026,22,22,ይህም ሁሉ የኃጥኣን ሥራ ወደ ዘለዓለም ጥፋትና ቅጣት የሚወስድ ሰፊ መንገድና የተዘረጋ የሰይጣን ወጥመድ ነው።
36e17471-ebd8-5999-ab3b-3b724b39240d,7d129b55-6605-5fff-a299-3332aa9c09a0,b881114e-cbae-5045-ae7a-bc63510fb026,23,23,ጠባብና ቀጭን የምትሆን የጻድቃን ጎዳና ግን ወደ ሕይወት፥ ወደ የዋህነትና ወደ ትሕትናም፥ ወደ ፍቅርና ሰላም፥ ወደ ጾምና ጸሎት፥ ወደ ሥጋም ንጽሕና፥ ከማይጠቅም፥ አባላ የተመታውንና ሞቶ ያደረውን ከመብላት፥ ወደ ጐልማሳ ሚስት ከመሔድና ከዝሙትም ወደ መጠበቅ የምትወስድ ናት።
b17230d1-f569-5056-a742-3e24a74452a7,7d129b55-6605-5fff-a299-3332aa9c09a0,b881114e-cbae-5045-ae7a-bc63510fb026,24,24,ኀጢአተኞች ሰዎች ይኸን ሁሉ ያደርጋሉና በሕግ ከአልታዘዘ ከተጠላ ሥራ ሁሉና ርኩስ መብልን ከመብላት፥ እግዚአብሔርም ከማይወደው ሥራ ሁሉ ይጠበቃሉ።
408a12de-d100-516d-a4bd-60bc1ef58f30,7d129b55-6605-5fff-a299-3332aa9c09a0,b881114e-cbae-5045-ae7a-bc63510fb026,25,25,ጻድቃን እግዚአብሔር ከማይወደው መንገድ ሁሉ ይርቃሉ።
0ac94b5d-cb8a-5db7-a379-afe050a51633,7d129b55-6605-5fff-a299-3332aa9c09a0,b881114e-cbae-5045-ae7a-bc63510fb026,26,26,እርሱም ይወድዳቸዋል፤ ከመከራቸውም ሁሉ እንደ አደራ ገንዘብ ይጠብቃቸዋል፤ ያድናቸዋልም።
50a57786-a85d-5c3d-a68f-2b39e35f89e4,7d129b55-6605-5fff-a299-3332aa9c09a0,b881114e-cbae-5045-ae7a-bc63510fb026,27,27,ኃጥኣንን ግን ሰይጣን ይገዛቸዋል። ሕጉንና ሥርዐቱን፥ የሚወደውንም ሁሉ ይጠብቃሉና።
462bc906-b19c-5fdc-a545-c3872cfce227,2997fc9e-340f-5f9d-aabc-87dfce57a176,4e19412e-1f09-51a4-a3e4-848415939d54,1,1,እናንተም ነገሥታቱና መኳንንቱ በሰይጣን ጎዳና አትሂዱ። ነገር ግን የፈጠራችሁን፥ እስከ ዛሬም ድረስ የጠበቃችሁን እግዚአብሔርን ፍሩት።
f96762fa-c355-5f02-ae65-553b8d92709c,2997fc9e-340f-5f9d-aabc-87dfce57a176,4e19412e-1f09-51a4-a3e4-848415939d54,2,2,ሁሉንም በሚገዛ በእግዚአብሔር ሕግና ትእዛዝ ጸንታችሁ ኑሩ።
974e91b8-39dd-5115-a1ea-6c7a112b4e93,2997fc9e-340f-5f9d-aabc-87dfce57a176,4e19412e-1f09-51a4-a3e4-848415939d54,3,3,የእስራኤል ልጆች የኬጤዎንንና የከናኔዎንን፥ የፌርዜዎንንም ሀገር ይወርሱ ዘንድ ወደ አማሌቅ በመጡ ጊዜ የሴፎር ልጅ ባላቅ፥
22c6d0c5-5e7a-55b8-ad06-354e3e6d84d8,2997fc9e-340f-5f9d-aabc-87dfce57a176,4e19412e-1f09-51a4-a3e4-848415939d54,4,4,በለዓምን፥ “አንተ የረገምኸው የተረገመ፥ የመረቅኸውም የተመረቀ ነውና ትረግምልኝ ዘንድ ና፤ እኔም የሚያከብርህን ብዙ ወርቅና ብር እሰጥሃለሁ” ብሎታልና።
6386fadb-0cdf-5b42-a12c-e64c7c8f4f75,2997fc9e-340f-5f9d-aabc-87dfce57a176,4e19412e-1f09-51a4-a3e4-848415939d54,5,5,በለዓምም የጥንቆላውን ዋጋ ተስፋ አድርጎ መጣ፤ የሴፎር ልጅ ባላቅም የእስራኤል ልጆች የሰፈሩበትን ቦታ አሳየው፤
5536e7b0-9eb1-52d7-a06f-e5c6dac63523,2997fc9e-340f-5f9d-aabc-87dfce57a176,4e19412e-1f09-51a4-a3e4-848415939d54,6,6,ሟርቱንም አደረገ፤ መሥዋዕቱንም ሠዋ፤ የሰቡትንም ላሞችንና በጎችን አረደ፤ የእስራኤልንም ልጆች ይረግማቸው ዘንድ ወደደ።
96fd6694-4afa-53c8-a8ff-830c62d110b7,2997fc9e-340f-5f9d-aabc-87dfce57a176,4e19412e-1f09-51a4-a3e4-848415939d54,7,7,እግዚአብሔር ግን ይረግማቸው ዘንድ አልወደደም፤ ርግማንን ወደ ምርቃት በቃሉ መለሳት እንጂ።
3f55a139-85f6-53eb-ae9d-2ff7fe9e7b1a,2997fc9e-340f-5f9d-aabc-87dfce57a176,4e19412e-1f09-51a4-a3e4-848415939d54,8,8,እንዲህም አለ፥ “አንተ እግዚአብሔር የመረጠው ሕዝብ ነህና፥ ከሰማይ የሚመጣ የፍቁር ማደሪያም ነህና የሚመርቁህ የተመረቁ ይሁኑ፤ የሚረግሙህም የተረገሙ ይሁኑ” አለ።
0d47576d-e42d-5da5-a3fc-8122f1cd5364,2997fc9e-340f-5f9d-aabc-87dfce57a176,4e19412e-1f09-51a4-a3e4-848415939d54,9,9,ከዚህም በኋላ በፊቱ በመረቃቸው ጊዜ የሴፎር ልጅ ባላቅ አዘነ፤ ፈጽሞም ተቈጣ፤ ይረግማቸውም ዘንድ አዘዘ።
87036fbc-b052-5da8-ad1c-16c9e847f0a9,2997fc9e-340f-5f9d-aabc-87dfce57a176,4e19412e-1f09-51a4-a3e4-848415939d54,10,10,በለዓምም፥ “እግዚአብሔር የመረቀው ወገን ወደዚህ ሀገር መጥትዋልና እግዚአብሔር የመረቃቸውን እኔ አልረግምም” አለው።
5ff5cf0c-51bd-5f89-aff7-7ff0c4efe908,2997fc9e-340f-5f9d-aabc-87dfce57a176,4e19412e-1f09-51a4-a3e4-848415939d54,11,11,የሴፎር ልጅ ባላቅም በለዓምን አለው፥ “እኔ ትረግምልኝ ዘንድ ወድጄ ነበር፤ አንተ ግን አልረገምኻቸውም፤ በፊቴም ፈጽመህ መረቅኻቸው፤ አንተም ብትረግምልኝና ስጠኝ ብትለኝ እኔ ቤት ሙሉ ወርቅና ብር በሰጠሁህ ነበር፤ አንተ ግን ፈጽመህ መረቅኻቸው፤ ለእኔም በጎ አላደረግህም፤ እኔም ለአንተ በጎ ነገር አላደርግም።”
5f088579-e3b2-5708-af4f-a548a3557acf,2997fc9e-340f-5f9d-aabc-87dfce57a176,4e19412e-1f09-51a4-a3e4-848415939d54,12,12,በለዓምም፥ “እግዚአብሔር በአንደበቴ ያደረገውን ቃል እርሱን እናገራለሁ እንጂ እኔስ የእግዚአብሔርን ቃል ቸል ማለትና መተላለፍ አልችልም።
7c704c5c-6492-530b-a936-39438478355d,2997fc9e-340f-5f9d-aabc-87dfce57a176,4e19412e-1f09-51a4-a3e4-848415939d54,13,13,እኔስ ከነፍሴ ገንዘብን አልወድድም፤ ገንዘብን ብወድ የተመረቀ ወገንን እንዳልረግም እግዚአብሔር ይቈጣኛልና” አለ።
e592da17-f4e6-58ee-a560-2d27ee064149,2997fc9e-340f-5f9d-aabc-87dfce57a176,4e19412e-1f09-51a4-a3e4-848415939d54,14,14,እግዚአብሔር አባታቸው ያዕቆብን፥ “የሚመርቁህ የተመረቁ ይሁኑ፤ የሚረግሙህም የተረገሙ ይሁኑ” ብሎታልና፤
454242e6-a418-5b57-a10f-fa0e506fdd30,2997fc9e-340f-5f9d-aabc-87dfce57a176,4e19412e-1f09-51a4-a3e4-848415939d54,15,15,የሚመርቅህም ሁሉ የተመረቀ ነው፤ ያለ ፍርድም የሚረግምህ የተረገመ ነው፤ እግዚአብሔር አንተን ይወድህ ዘንድ ጎዳናህንና ሥራህን አከናውን።
05dda9e5-85f5-5769-ac3b-68da888992f6,2997fc9e-340f-5f9d-aabc-87dfce57a176,4e19412e-1f09-51a4-a3e4-848415939d54,16,16,እግዚአብሔርንም በክፋታቸው እንዳሳዘኑት፥ እርሱም ቸል እንዳላቸው እንደ ቀደሙ ሰዎች አትሁን፤ በጥፋት ውኃም ያጠፋቸው አሉ።
b142534f-50b7-552a-ac5c-d0580343ad7b,2997fc9e-340f-5f9d-aabc-87dfce57a176,4e19412e-1f09-51a4-a3e4-848415939d54,17,17,በጠላቶቻቸውም እጅ ያጠፋቸው አሉ፤ መከራ ያጸኑባቸው ክፉዎች ጠላቶችን አምጥቶ ነገሥቶቻቸውን ከካህናቶቻቸውና ከነቢያቶቻቸው ጋራ ማረኳቸው።
9a02931e-eba2-50b8-a20e-f4e2c8f07bb9,2997fc9e-340f-5f9d-aabc-87dfce57a176,4e19412e-1f09-51a4-a3e4-848415939d54,18,18,ወደማያውቁት ወደ ባዕድ ሀገርም አደረሷቸው፤ ፈጽመውም ማረኳቸው፤ ገረፉአቸውም፤ ሀገራቸውንም አጠፉ።
3afc0d5d-a29b-52ad-a034-50f46f0e6435,2997fc9e-340f-5f9d-aabc-87dfce57a176,4e19412e-1f09-51a4-a3e4-848415939d54,19,19,የቅድስቲቱን ከተማ አጥሯንና ቅጥሯን አፍርሰዋልና ኢየሩሳሌምን እንደ እርሻ አደረጓት።
bc969209-10fc-5030-a574-446f9c84714c,2997fc9e-340f-5f9d-aabc-87dfce57a176,4e19412e-1f09-51a4-a3e4-848415939d54,20,20,ካህናቱም ተማረኩ፤ ሕጉም ፈረሰ፤ አርበኞችም በጦር ወደቁ።
b5e26ca8-10dd-5a3a-a765-9f94f7b6619a,2997fc9e-340f-5f9d-aabc-87dfce57a176,4e19412e-1f09-51a4-a3e4-848415939d54,21,21,ባልቴቶችም ተማረኩ፤ ለሞቱ ባሎቻቸውም አላለቀሱም፤ ተማርከዋልና ለራሳቸው አለቀሱ፤
3d2ba7fb-41fd-5c09-a9cc-2804e333a66f,2997fc9e-340f-5f9d-aabc-87dfce57a176,4e19412e-1f09-51a4-a3e4-848415939d54,22,22,ሕፃናትም አለቀሱ፤ ሽማግሎችም አፈሩ፤ የሽማግሌውንና የሽበታሙን ፊት አልራሩም።
e3101eb8-04cc-5ba7-abf0-abb388570cb2,2997fc9e-340f-5f9d-aabc-87dfce57a176,4e19412e-1f09-51a4-a3e4-848415939d54,23,23,ለቆንጆዎችና በሕግ ላሉም አልራሩም፤ በአገራቸው ያገኙትንም ሁሉ አጠፉ፤ ቤተ መቅደስን አስቀድሞ ያፈርስ ዘንድ በወደደ ጊዜ እግዚአብሔር ወገኖቹን ተቈጥትዋልና ወደማያውቁት ወደ ባዕድ ሀገር ማርከው ወሰዷቸው።
74cff8bb-d1b0-5773-ab59-95e6532f372e,2997fc9e-340f-5f9d-aabc-87dfce57a176,4e19412e-1f09-51a4-a3e4-848415939d54,24,24,ስለዚህም እግዚአብሔር የእስራኤልን ልጆች ቸል ባላቸው ጊዜ እግዚአብሔር ኢየሩሳሌምን እንደ እርሻ እንድትታረስ አደረጋት፤ ሁልጊዜ ፈጣሪያቸውን ያሳዝኑታልና።
28d84c8b-a580-5483-aeb3-5a4052b38375,2997fc9e-340f-5f9d-aabc-87dfce57a176,4e19412e-1f09-51a4-a3e4-848415939d54,25,25,እርሱ ግን በምንም አንድ ጊዜ አላጠፋቸውም፤ ስለ አባቶቻቸው ይራራላቸዋልና የሚራራላቸው ስለ ራሳቸው አይደለም። በእውነት የነገሡ፥ በፈጣሪያቸውም ፊት በቀና ሕግ ጸንተው የኖሩ አባቶቻቸውን አብርሃምንና ይስሐቅን ያዕቆብንም ይወዳቸዋልና ነው እንጂ።
7fe73aa7-2d63-5061-a25a-271fc8f90905,2997fc9e-340f-5f9d-aabc-87dfce57a176,4e19412e-1f09-51a4-a3e4-848415939d54,26,26,እርሱም እጥፍ በሆነ ክብር ላይ ሾማቸው፤ በሰማይና በምድር ያለ ሁለት መንግሥትንም አገኙ።
9fdfeadd-8f5d-57de-a65e-151132292220,2997fc9e-340f-5f9d-aabc-87dfce57a176,4e19412e-1f09-51a4-a3e4-848415939d54,27,27,እንዲሁም በሚያልፍ በዚህ ዓለም የምትኖሩ እናንተ ነገሥታቱና መኳንንቱ በሚገባ ሥራ ጸንተው የኖሩ ከእናንተ አስቀድሞ የነበሩ አባቶቻችሁ መንግሥተ ሰማያትን እንደ ወረሱ፥ ስማቸው ለልጅ ልጅ ያማረ እንደ ሆነ አስቧቸው።
7005e1f9-dfea-5ae2-abd6-5787f796d676,2997fc9e-340f-5f9d-aabc-87dfce57a176,4e19412e-1f09-51a4-a3e4-848415939d54,28,28,አንተም መንግሥትህን ያቀናልህ ዘንድ መልካም አኑዋኑዋራቸው እግዚአብሔርን እንዳገለገሉት ከአንተ አስቀድሞ እንደ ነበሩ እንደ ደጋጎች ነገሥታት ስምህን መልካም ያደርግልህ ዘንድ ሥራህን አቅና።
d36a765f-cd2d-52fd-af48-661a15089136,78863fa3-b112-5871-adc8-19cdeb3119b5,7dfa4b86-71f5-522d-a4b3-2ff941f5288d,1,1,የእግዚአብሔርን ሰው ሙሴን አስበው፤ በጸሎቱና በትሕትናው ይህን ያህል ሕዝቡን ሲጠብቅ አልተበሳጨም፥ አላጠፋምም፤ ነገር ግን ላሙትና እግዚአብሔርም በአንድ ጊዜ ያጠፋቸው ዘንድ ለወደደ ለወንድሙና ለእኅቱ በየዋህነቱ በእግዚአብሔር ዘንድ ኀጢአታቸውን እንዲህ ሲል አስተሰረየላቸው፥ “አቤቱ ወገኖችህ በፊትህ በድለዋልና ወገኖችህን ይቅር በል፤ ቸልም አትበል፥
aa3f0f1b-9ee6-51e0-af4d-e38f2c8c543e,78863fa3-b112-5871-adc8-19cdeb3119b5,7dfa4b86-71f5-522d-a4b3-2ff941f5288d,2,2,በፊትህ በድያለሁና ኀጢአተኛ የምሆን እኔን ባርያህን ይቅር በለኝ፤ አንተ መሓሪ ነህና፥ ይቅር ባይም ነህና ለእነርሱም አስተስርይላቸው።”
b30e0204-01b6-5bcf-a807-2866f6a96868,78863fa3-b112-5871-adc8-19cdeb3119b5,7dfa4b86-71f5-522d-a4b3-2ff941f5288d,3,3,እንደዚህም ሙሴ ለአሙት አስተሰረየላቸው።
f2d51016-c22c-5347-a829-2504c4f2f560,78863fa3-b112-5871-adc8-19cdeb3119b5,7dfa4b86-71f5-522d-a4b3-2ff941f5288d,4,4,ስለዚህም የዋህ ተባለ።
1cb73976-e97d-5ff4-a36f-505b0f32402d,78863fa3-b112-5871-adc8-19cdeb3119b5,7dfa4b86-71f5-522d-a4b3-2ff941f5288d,5,5,እግዚአብሔርም ከወንድሞቹ ከሌዋውያኑ ልጆች ሁሉ ይልቅ እጅግ ወደደው፤ ካህናቱንም ይሾማቸዋልና በእነርሱ ዘንድ እንደ እግዚአብሔር አስመሰለው።
97a649b4-a7f8-5d99-a5be-e8c53902caf2,78863fa3-b112-5871-adc8-19cdeb3119b5,7dfa4b86-71f5-522d-a4b3-2ff941f5288d,6,6,የተደፋፈሩ የቆሬን ልጆች ግን በምድር በታች አሰጠማቸው፤ በሥጋና በነፍስ ሕያዋን ሳሉ ከከብቶቻቸውና ከድንኳኖቻቸው ጋራ ወደ ሲኦል አወረዳቸው፤ ፈጣሪው እግዚአብሔርን ወድዶታልና ከትእዛዙም አልወጣምና የተናገረው ቃል ሁሉ እንደ እግዚአብሔር ቃል ይደረግለት ነበር።
ef1620f4-ea65-566c-a876-44745141e389,78863fa3-b112-5871-adc8-19cdeb3119b5,7dfa4b86-71f5-522d-a4b3-2ff941f5288d,7,7,አንተም እንዲሁ የእግዚአብሔርን ትእዛዝ ባትተላለፍ እግዚአብሔር ፈቃድህን ያደርግልሃል፤ ነገርህንም ይወድልሃል፤ መንግሥትህንም ይጠብቅልሃል።
5abb2968-5787-54b0-a99d-9129f4739bb9,78863fa3-b112-5871-adc8-19cdeb3119b5,7dfa4b86-71f5-522d-a4b3-2ff941f5288d,8,8,ከሙሴ ትእዛዝ የወጡ የቆሬና የአሳፍ ልጆችም ለእግዚአብሔር ልቡናችሁን አቅኑ ስላላቸው በእርሱ አንጐራጐሩ።
c88ee9d7-821b-531a-ac5e-11f035dd11fb,78863fa3-b112-5871-adc8-19cdeb3119b5,7dfa4b86-71f5-522d-a4b3-2ff941f5288d,9,9,“እኛስ በምስክሩ ድንኳን የክህነት ሥራ የምንሠራ የሌዊ ልጆች አይደለንምን?” አሉት።
e0c6cc2e-b138-555c-abee-68246b22f636,78863fa3-b112-5871-adc8-19cdeb3119b5,7dfa4b86-71f5-522d-a4b3-2ff941f5288d,10,10,ያጥኑም ዘንድ ጥናቸውን ያዙ፤ ሄደውም አጠኑ፤ እግዚአብሔር ግን ጸሎታቸውን አልተቀበለም፤ በጥናቸው እሳትም ተቃጠሉ፤ በእሳት እንደሚቀልጥ ሰምም ቀለጡ፤ ከእነርሱም አንድ ሰው ስንኳ አልቀረም፤ “በሰውነታቸው መቃጠል ጥናቸው ከብሯል” ብሏልና በእግዚአብሔር ትእዛዝ ወደ እግዚአብሔር ማደሪያ ከገቡት ከጥናቸው በቀር ልብሶቻቸውና አጥንቶቻቸው አልቀሩም።
7fb0a14f-a5a1-5f84-aa3a-9841c72a5042,78863fa3-b112-5871-adc8-19cdeb3119b5,7dfa4b86-71f5-522d-a4b3-2ff941f5288d,11,11,ስለዚህም እግዚአብሔር ሙሴንና አሮንን እንዲህ አላቸው፥ “ጥናቸውን ወደ ድንኳን ሰብስቡ፤ ከውጭ ጀምሮ እስከ ውስጥ ድረስ ሁሉን ላዘጋጀሁለት ለቤቴ መሣሪያ ይሁን።”
11d8ae11-2d5f-5d9c-a177-f2cea67e8ca7,78863fa3-b112-5871-adc8-19cdeb3119b5,7dfa4b86-71f5-522d-a4b3-2ff941f5288d,12,12,የተቀደሰች የድንኳንዋንም መሣሪያ አዘጋጀ፤ መክደኛውንና ቀለበቱን፥ የኪሩቤልን ሥዕልና ባሕሩን አዘጋጀ።
797f9653-7e1b-5c87-a13d-ac00b49a6fe8,78863fa3-b112-5871-adc8-19cdeb3119b5,7dfa4b86-71f5-522d-a4b3-2ff941f5288d,13,13,ሰኑንና መጋረጃውን፥ ስክተቱንና የድንኳኑን ዙሪያ ዕድሞ፥ ጋኖችንና በምስክሩ ድንኳን የሚሠዉበት መሠዊያውን ሠራ።
2639883d-3da8-534f-a424-ea5f97e94411,78863fa3-b112-5871-adc8-19cdeb3119b5,7dfa4b86-71f5-522d-a4b3-2ff941f5288d,14,14,የፈቃዱን መሥዋዕትና የሰላሙን መሥዋዕት፥ የስእለቱንና የኀጢአቱን መሥዋዕት፥ የማታውንና የጧቱንም መሥዋዕት ሠዉ።
10a72fd4-1ad4-5829-a851-e807c6808243,78863fa3-b112-5871-adc8-19cdeb3119b5,7dfa4b86-71f5-522d-a4b3-2ff941f5288d,15,15,ሥራ ይሠሩባት ዘንድ በምስክሩ ድንኳን ለሙሴ ያዘዘውን ሁሉ አዘዛቸው።
eb1c74a3-176e-5081-a4b8-edc6d1e3ceda,78863fa3-b112-5871-adc8-19cdeb3119b5,7dfa4b86-71f5-522d-a4b3-2ff941f5288d,16,16,ማርና ወተትን የምታስገኝ፥ ለአብርሃም የማለለትን፥ ያባቶቻቸውን ርስት ይሰጣቸው ዘንድ ተስፋ በሰጣቸው በፈጣሪያቸው በእግዚአብሔር በሕጉ ድንኳን ውስጥ ስሙ በእነርሱ ይመሰገን ዘንድ ለአምላካቸው መገዛትን አላቃለሉም።
f20d88dc-4c2c-5e6e-ab85-702f307218b0,78863fa3-b112-5871-adc8-19cdeb3119b5,7dfa4b86-71f5-522d-a4b3-2ff941f5288d,17,17,ለይስሐቅ ማለለት፤ ለያዕቆብም አምልኮቱን አጸናለት።
a891de9f-5635-5d93-ae51-8f0ddbc101e3,78863fa3-b112-5871-adc8-19cdeb3119b5,7dfa4b86-71f5-522d-a4b3-2ff941f5288d,18,18,በምስክሩ ድንኳንም ለሙሴና ለአሮን አጸናላቸው፥
1ad63336-07b0-53be-a11c-749deb05bd1c,78863fa3-b112-5871-adc8-19cdeb3119b5,7dfa4b86-71f5-522d-a4b3-2ff941f5288d,19,19,በኢየሩሳሌም በድንኳኑና ሰሎሞን በሠራው ቤተ መቅደስ የእግዚአብሔር ማደሪያ፥ የልዑልም የስሙ ማረፊያ፥ የእስራኤልም ቅዱስ ማደሪያ እስኪሆን ድረስ ለሳሙኤልና ለኤልያስ አምልኮቱን አጸናላቸው።
c128d1e3-2aef-54d5-ad30-d35bb0485b9c,78863fa3-b112-5871-adc8-19cdeb3119b5,7dfa4b86-71f5-522d-a4b3-2ff941f5288d,20,20,በየዋህነት ለሚኖሩ ለካህናቱ የሚገለጥባት መለመኛና የኀጢአት ማስተስረያ ናትና።
68620f8d-346e-5738-a99a-10f67cb24ab3,78863fa3-b112-5871-adc8-19cdeb3119b5,7dfa4b86-71f5-522d-a4b3-2ff941f5288d,21,21,ፈቃዱንም ለሚያደርጉ ሰዎች ልመናቸውን የሚሰማባት ቦታ ናት።
a48c552d-4cee-506d-af3f-5deb2ade93b6,78863fa3-b112-5871-adc8-19cdeb3119b5,7dfa4b86-71f5-522d-a4b3-2ff941f5288d,22,22,የእስራኤልም ቅዱስ የእግዚአብሔር ሕጉ የሚሠራባት ናትና።
594242f2-df87-5ef2-aa64-f02d5d57a18f,78863fa3-b112-5871-adc8-19cdeb3119b5,7dfa4b86-71f5-522d-a4b3-2ff941f5288d,23,23,ለእስራኤል ቅዱስ ለእግዚአብሔር በጎ መዓዛ ሊሆን መሥዋዕት የሚሠዋባት፥ ዕጣንም የሚታጠንባት ናትና።
f3fb2890-23a4-5da6-a4f1-fd486f0a3218,78863fa3-b112-5871-adc8-19cdeb3119b5,7dfa4b86-71f5-522d-a4b3-2ff941f5288d,24,24,በምስክሩ ድንኳን ውስጥም ይቅር በሚልበት በመክደኛው ላይ ሆኖ ይናገር ነበር፤ ለመረጣቸው ለያዕቆብ ልጆች፥ በእግዚአብሔር በሕጉና በትእዛዙ ጸንተው ለሚኖሩ ለቅዱሳኑም የእግዚአብሔር ብርሃኑ ይገለጥላቸው ነበር።
62fb11f1-5727-5f74-a3f2-16dac3281100,78863fa3-b112-5871-adc8-19cdeb3119b5,7dfa4b86-71f5-522d-a4b3-2ff941f5288d,25,25,የሚገዳደሩ ግን ምድር እንዳሰጠመቻቸው እንደ ቆሬ ልጆች ይሆናሉ፤ እንዲሁም ኃጥኣን እስከ ዘለዓለም ድረስ መውጫ ወደሌላት ወደ ገሃነም እሳት ይገቡ ዘንድ አላቸው።
35829e03-78bb-5eeb-a17f-3003000016b9,d20c4f0e-9938-5986-ab25-add21592095d,3fa881ce-b0d1-5ba8-a123-8487ddc75f40,1,1,በድንኳኑ ውስጥ ያዘዛችሁን ያልጠበቃችሁ፥ ከራሳችሁም ፈቃድ በቀር ፈቃዱን ያላደረጋችሁ የእስራኤል ኀያላን ወዮላችሁ! ይኸውም ትዕቢትና ትዝኅርት፥ ዝሙትና ስስት፥ ስካርና መጠጥ፥ በሐሰትም መማል ነው።
6d67c0e1-f911-531b-a7ae-aebf108813a3,d20c4f0e-9938-5986-ab25-add21592095d,3fa881ce-b0d1-5ba8-a123-8487ddc75f40,2,2,ስለዚህም ቍጣዬ በእሳት ፊት እንደ አለ ገለባ በእናንተ ላይ ይነድዳል፤ ተራራውንም እንደሚያቃጥል እሳት፥ የደቀቀውንም ትቢያ ከምድር አፍሶ ከሥራው የተነሣ ፍለጋው ወደማይገኝበት ወደ ሰማይ እንደሚበትነው፥ እንደ ዐውሎ ነፋስ፥
01330976-f376-557f-a52d-1d65e575cfe7,d20c4f0e-9938-5986-ab25-add21592095d,3fa881ce-b0d1-5ba8-a123-8487ddc75f40,3,3,እንዲሁ ክፋትን የሚሠሩአትን ሁሉ አጠፋቸዋለሁ ይላል የእስራኤል ቅዱስ እግዚአብሔር። ሁሉን የሚገዛ እግዚአብሔርንም አስቡት፤ የሚሳነውም የለም።
57b85550-e231-55c3-aafb-b6dbf6851360,d20c4f0e-9938-5986-ab25-add21592095d,3fa881ce-b0d1-5ba8-a123-8487ddc75f40,4,4,የሚወድዱትንም ይወድዳቸዋል፤ በትእዛዙም የሚሄዱትን በደላቸውንና ኀጢአታቸውን ያስተሰርይላቸዋል፤ በአለማመንም ደንቆሮዎችና የልብ ፈዛዞች አትሁኑ።
862b78cc-a6a5-50f6-a77c-f7edcf0b5a2a,d20c4f0e-9938-5986-ab25-add21592095d,3fa881ce-b0d1-5ba8-a123-8487ddc75f40,5,5,ልቡናችሁንም ለእግዚአብሔር የቀና አድርጉ፤ ነፍሳችሁን ታድኑ ዘንድ በእርሱ እመኑ፤ በመከራችሁም ቀን ከጠላታችሁ እጅ አድናችኋለሁ።
2c84e20d-3ee4-5c0d-ad47-70bf889234f9,d20c4f0e-9938-5986-ab25-add21592095d,3fa881ce-b0d1-5ba8-a123-8487ddc75f40,6,6,በምትጠሩኝም ጊዜ እነሆ ከእናንተ ጋር አለሁ እላችኋለሁ፤ ከጠላቶቻችሁም እጅ አድናችኋለሁ፤ በእኔም አምናችኋልና፥ ትእዛዜንም አድርጋችኋልና፥ ከሕጌም አልወጣችሁምና፥ እኔ የምወደውን ወዳችኋልና በመከራችሁ ቀን ቸል አልላችሁም ይላል ሁሉን የሚገዛ እግዚአብሔር።
8cdc3130-9d84-51e5-a0e1-8849e248080e,d20c4f0e-9938-5986-ab25-add21592095d,3fa881ce-b0d1-5ba8-a123-8487ddc75f40,7,7,የሚወድዱትንም ይወድዳቸዋል፤ ርኅሩህና ይቅር ባይ ነውና፥ ትእዛዙን የሚጠብቁትን ይጠብቃቸዋል።
d8563f09-2b0b-514c-ad8b-d83423a125c7,d20c4f0e-9938-5986-ab25-add21592095d,3fa881ce-b0d1-5ba8-a123-8487ddc75f40,8,8,ቍጣውንም ብዙ ጊዜ ይመልስላቸዋል፤ ሥጋዊና ደማዊ እንደ ሆኑ የሚያውቃቸው ስለ ሆነ ይቅር ባይ ነውና፥ በመቅሠፍቱ ሁሉ አያጠፋም፤ ነፍሳቸውም ከሥጋቸው በተለየች ጊዜ ወደ መሬትነታቸው ይመለሳሉ።
81ef95a9-13b5-5468-afd9-fe0a33df51fb,d20c4f0e-9938-5986-ab25-add21592095d,3fa881ce-b0d1-5ba8-a123-8487ddc75f40,9,9,ካለመኖር ፈጥሯቸዋልና፥ ካለመኖር ያመጣቸው ዘንድ እግዚአብሔር እስኪወድ ድረስ የሚኖሩበትን ቦታ አያውቁም፤ ዳግመኛም እርሱ ነፍሳቸውን ወሰደ፤ የመሬት ባሕርይንም ወደ መሬትነቱ መለሰ።
8ada5e99-5ca6-546b-aa2c-4a3b3a59c2ff,d20c4f0e-9938-5986-ab25-add21592095d,3fa881ce-b0d1-5ba8-a123-8487ddc75f40,10,10,ዳግመኛም ፈቃዱ ካለመኖር ወደ መኖር ያመጣቸዋል።
15aced62-1d0e-5315-a44c-84af84856082,d20c4f0e-9938-5986-ab25-add21592095d,3fa881ce-b0d1-5ba8-a123-8487ddc75f40,11,11,እግዚአብሔርን የካደ ጺሩጻይዳን ግን በእግዚአብሔር ፊት መታበይን አበዛ፤ እስከ ወደደባትም ቀን ድረስ በተወው ጊዜ ራሱን ከፍ ከፍ አደረገ።
bd9fc55d-da7d-5066-ac05-04391b9eb511,d20c4f0e-9938-5986-ab25-add21592095d,3fa881ce-b0d1-5ba8-a123-8487ddc75f40,12,12,እንዲህም አለ፥ “ዘመኔ እንደ ሰማይ ዘመን ሆነ፤ ፀሐይንም የማወጣ እኔ ነኝ፤ እስከ ዘለዓለምም ድረስ አልሞትም።”
d427d35b-e17e-55a7-a454-46e4abc26279,d20c4f0e-9938-5986-ab25-add21592095d,3fa881ce-b0d1-5ba8-a123-8487ddc75f40,13,13,ይህንም ነገር ተናግሮ ሳይጨርስ ስሙ ጥልምያኮስ የሚባል መልአከ ሞት ወርዶ ልቡን መታው፤ በዚያችም ሰዓት ሞተ፤ ፈጣሪውን አላመሰገነውምና ከትዕቢቱ ብዛት፥ ከሥራውም ክፋት የተነሣ ከአማረ ኑሮው ተለይቶ ጠፋ።
5d79d952-d495-5b0e-a0be-f0cb736939f8,d20c4f0e-9938-5986-ab25-add21592095d,3fa881ce-b0d1-5ba8-a123-8487ddc75f40,14,14,የከለዳውያን ንጉሥ ሠራዊት ግን ሊወጉት ወድደው፥ ከከተማውና ከአገሩ አደባባይ ውጭ ሰፍረው ሳሉ በሞተ ጊዜ ወጥተው ሀገሩን አጠፉ፤ ከብቱንም ሁሉ ዘረፉ፤ ከቅጥር እስከሚጠጋ ወንድ ድረስ አላስቀሩም።
9197b63a-568c-57c8-a3bf-26333f17dfc3,d20c4f0e-9938-5986-ab25-add21592095d,3fa881ce-b0d1-5ba8-a123-8487ddc75f40,15,15,ገንዘቡን ሁሉ ዘረፉ፤ ቈሳቍሱንም ወሰዱ፤ ከተማውንም በእሳት አቃጥለው ወደ ሀገራቸው ተመለሱ።
a352ba9f-8664-5a72-acab-96ed680dd33d,486d72c0-fdfa-5923-a5fb-e0680a952b8b,d93caacf-d9ce-5ef9-a79d-d0afc7c7e331,1,1,የአመኑ እሊያ አምስቱ የመቃቢስ ልጆች ግን ለጣዖት የተሠዋውን መሥዋዕት መብላትን እንቢ ብለው ሰውነታቸውን ለሞት ሰጡ።
fa83f3f8-39ed-5ab0-a51c-cd2fa5de2fee,486d72c0-fdfa-5923-a5fb-e0680a952b8b,d93caacf-d9ce-5ef9-a79d-d0afc7c7e331,2,2,ይህ ዓለም እንደሚያረጅና እንደሚያልፍ፥ ተድላውም ለዘለዓለም እንደማይኖር ዐውቀው በሰማይ ከአለው እሳት ይድኑ ዘንድ ሰውነታቸውን ለእሳት ሰጡ።
0f0d0ebc-9f15-5d80-af7d-7711e38493a4,486d72c0-fdfa-5923-a5fb-e0680a952b8b,d93caacf-d9ce-5ef9-a79d-d0afc7c7e331,3,3,ሰውን ከመገዳደር እግዚአብሔርን መገዳደር እንደሚከፋ፥ ከንጉሥም ቍጣ የእግዚአብሔር ቍጣ እንደሚከፋ አውቀዋልና።
343c915c-8a77-5df3-ab42-b3b44bb7108c,486d72c0-fdfa-5923-a5fb-e0680a952b8b,d93caacf-d9ce-5ef9-a79d-d0afc7c7e331,4,4,“አቤቱ፥ በምድር ላይ ብዙ ዘመን ከመኖር በገነት አንዲት ቀን ደስ መሰኘት ይሻላል፤ ከብዙ ዘመኖችም የአንዲት ሰዓት ይቅርታህ ይሻላል፤
7d540bac-3888-5140-af23-236d2788e4e0,486d72c0-fdfa-5923-a5fb-e0680a952b8b,d93caacf-d9ce-5ef9-a79d-d0afc7c7e331,5,5,የእኛ የሰዎች ዘመናችን ምንድን ነው? እንደ ጥላ የሚያልፍ፥ በእሳት ዳርም እንደ አለ ሰም አይደለምን?
e0872dcf-f631-5812-a638-0d52df144736,486d72c0-fdfa-5923-a5fb-e0680a952b8b,d93caacf-d9ce-5ef9-a79d-d0afc7c7e331,6,6,አቤቱ አንተ ግን ለዘለዓለም ትኖራለህ፤ ዘመንህም የማይፈጸም ነው፤ ስም አጠራርህም ለልጅ ልጅ ነው።”
7bc66f47-8cc7-51f2-aa46-9579702648cd,486d72c0-fdfa-5923-a5fb-e0680a952b8b,d93caacf-d9ce-5ef9-a79d-d0afc7c7e331,7,7,የመቃቢስ ልጆችም ይኸንና የሚመስለውን ሁሉ ዘመሩ፤ በእግዚአብሔር መታመንን መረጡ፤ ርኩስ መሥዋዕትን መብላትንም እንቢ አሉ፤
f6b85e59-d75b-58ef-a4fc-1c2e027320b7,486d72c0-fdfa-5923-a5fb-e0680a952b8b,d93caacf-d9ce-5ef9-a79d-d0afc7c7e331,8,8,ስለዚህም ሙታን እንደሚነሡ፥ ከትንሣኤም በኋላ ፍርድ እንደሚፈረድ ዐውቀው ስለ እግዚአብሔር ብለው ሰውነታቸውን ለሰማዕትነት ሰጡ።
834ad383-2407-5836-af00-9291e37d1b71,486d72c0-fdfa-5923-a5fb-e0680a952b8b,d93caacf-d9ce-5ef9-a79d-d0afc7c7e331,9,9,የሙታንን ትንሣኤ የማታውቁና የማታምኑ ሰዎች! ከዚች ከምታልፍ ከምድራዊት ሕይወታቸው ይልቅ ኋለኛዪቱ ሕይወታቸው እንደምትበልጥ ዐውቀው ሰውነታቸውን በአንድነት ለሞት ከሰጡና ወንድማማችነታቸው ከአማረ ከእነዚህ ከአምስቱ ሰዎች የተነሣ ዕወቁ፤
b7aaf573-51a8-5dd4-a861-e5c94d2e5dec,486d72c0-fdfa-5923-a5fb-e0680a952b8b,d93caacf-d9ce-5ef9-a79d-d0afc7c7e331,10,10,ሁሉ እንዲያልፍ ዐውቀው ስላመኑበት፥ ለጣዖትም ስላልሰገዱ፥ የሞተውንና የረከሰውንም መሥዋዕት ስላልበሉ፥ ከእግዚአብሔር ምስጋናን ያገኙ ዘንድ ሰውነታቸውን ለሞት ሰጡ።
0beb5aaa-60fa-5191-a818-b45f2345240a,486d72c0-fdfa-5923-a5fb-e0680a952b8b,d93caacf-d9ce-5ef9-a79d-d0afc7c7e331,11,11,ስለዚህም በኋለኛዪቱ ቀን በነፍስና በሥጋ ደስ እንደሚያሰኛቸው ዐውቀው ሚስትና ልጆች እያሏቸው የዚህን ዓለም ጣዕምና የሞትን ምሬት አላወቁም፤ በኋለኛዪቱም ቀን በነፍስና በሥጋ ትንሣኤ እንዲደረግ ዐውቀው ሰውነታቸውን ለሞት ሰጡ።
be09ab09-0359-5b50-aac8-feec77ea22e7,486d72c0-fdfa-5923-a5fb-e0680a952b8b,d93caacf-d9ce-5ef9-a79d-d0afc7c7e331,12,12,የእግዚአብሔርን ሥርዐት የጠበቁ ሕማምና ኀዘን፥ ሞትም በሌለበት በሚመጣው ዓለም ለልጅ ልጅና ለረጅም ዘመን፥
8a978c26-6014-5818-accf-e81b951cf196,486d72c0-fdfa-5923-a5fb-e0680a952b8b,d93caacf-d9ce-5ef9-a79d-d0afc7c7e331,13,13,የእግዚአብሔርን ቃል ከአመኑ ደጋግ ነገሥታትና መኳንንት ጋር እንደሚነግሡ ዐውቀው፥ ኋላም የሚደረገውን በልቡናቸው አይተው፥ በእሳት መካከል እንደ ሰም ሰውነታቸውን ለሞት ሰጡ።
07d44ef8-fc1a-5602-a918-8eee09cc4820,486d72c0-fdfa-5923-a5fb-e0680a952b8b,d93caacf-d9ce-5ef9-a79d-d0afc7c7e331,14,14,ፊታቸውም ከፀሐይ ሰባት እጅ እንደሚያበራ፥ ሁሉም በነፍስና በሥጋ በሚነሣ ጊዜ በፍቅሩ ደስ እንደሚላቸው ተስፋ አድርገው ሰውነታቸውን ለሞት ሰጡ።
e002def2-8f9d-561c-a6f8-2e65e8fc0754,3ba002d9-b7cf-52fa-ad49-73466a7485f1,c0a4f0eb-f4a6-52d8-abef-f1560f29f910,1,1,የአይሁድና የሳምራውያን፥ የፈሪሳውያንና የሙታንን ትንሣኤ የማያምኑ የሰዱቃውያን ነገር እኔን እጅግ ያሳዝነኛል፤ ልቡናዬም ያውቀዋል። አይሁድ፦ እንብላ፤ እንጠጣም፤ ነገም እንሞታለን፤ በዚያም የምናየው የለም ይላሉ።
09d5a39b-e609-5415-aff4-8bcdb73760b0,3ba002d9-b7cf-52fa-ad49-73466a7485f1,c0a4f0eb-f4a6-52d8-abef-f1560f29f910,2,2,ሳምራውያን ግን ሥጋችን ትቢያ ይሆናልና አይነሣም ይላሉ።
7ff15c7b-b6d8-597a-a996-c343f5b11358,3ba002d9-b7cf-52fa-ad49-73466a7485f1,c0a4f0eb-f4a6-52d8-abef-f1560f29f910,3,3,ትንሣኤም በተደረገ ጊዜ የነፍሳችንን መነሣት እናምናለን። ነፍስ እንደ ነፋስ የማትታይና እንደ ነጐድጓድ ድምፅ ስለ ሆነች እነሆ እዚህ አለች የማይሏትና የማትታይ ስለ ሆነች ሥጋ ቢሞት አትሞትምና።
a988ad05-dbf8-5c7b-a017-a8d856f88f62,3ba002d9-b7cf-52fa-ad49-73466a7485f1,c0a4f0eb-f4a6-52d8-abef-f1560f29f910,4,4,ሥጋችን ግን በሁሉ ትታያለች፤ ዐመድና ትቢያም ትሆናለች። አውሬዎች ይበሏታልና፥ ትሎችም በመቃብር ይበሏታልና።
8f5cac47-caf7-5698-a3a3-580759a31f6d,3ba002d9-b7cf-52fa-ad49-73466a7485f1,c0a4f0eb-f4a6-52d8-abef-f1560f29f910,5,5,እነዚያም የበሏት እንደ ሣር ይሆናሉና፥ እንዳልተፈጠሩም ትቢያ ይሆናሉና ዐመድ ይሆናሉ፤ ፍለጋቸውም አይገኝም። የፈረሱ ሥጋዎች የት ይገኛሉ?
fea4b87b-afb6-5eda-a5b4-ba6ae739cfd1,3ba002d9-b7cf-52fa-ad49-73466a7485f1,c0a4f0eb-f4a6-52d8-abef-f1560f29f910,6,6,ፈሪሳውያንም እንዲህ ይላሉ፥ “የሙታንን መነሣት እናምናለን፤ ነገር ግን ነፍሳትን በምድር ያይደለ በሰማያት ሌላ ሥጋ ያለብሳቸዋል።”
a6f38700-844c-5ed4-ade9-74db2da6a66d,3ba002d9-b7cf-52fa-ad49-73466a7485f1,c0a4f0eb-f4a6-52d8-abef-f1560f29f910,7,7,ሰዱቃውያንም እንዲህ ይላሉ፥ “ነፍሳችን ከሥጋችን ከወጣች በኋላ ከሞት አንነሣም፤ ለነፍስና ለሥጋም ትንሣኤ የላቸውም፤ ከሞትንም በኋላ አንነሣም።”
e3afe7a1-6b2d-5089-aa47-6d85d6bb6080,3ba002d9-b7cf-52fa-ad49-73466a7485f1,c0a4f0eb-f4a6-52d8-abef-f1560f29f910,8,8,ስለዚህም እጅግ ፈጽመው ይስታሉ፤ በእግዚአብሔርና በጌትነቱም ላይ ጽርፈትን ይናገራሉና የእነርሱ ነገር ያሳዝነኛል።
c5c35af6-e994-550c-a4ff-39fc4152b9d9,3ba002d9-b7cf-52fa-ad49-73466a7485f1,c0a4f0eb-f4a6-52d8-abef-f1560f29f910,9,9,የሚያጸድቃቸው እግዚአብሔርንም አላመኑትምና ለመዳን ተስፋ የላቸውም፤ ለመዳንና ከሙታን ለመነሣትም ተስፋ የላቸውም።
3f3f30e9-184e-56d3-a006-f589bcf06a54,3ba002d9-b7cf-52fa-ad49-73466a7485f1,c0a4f0eb-f4a6-52d8-abef-f1560f29f910,10,10,አንተ ዕውር አይሁዳዊ ካለመኖር የፈጠረህን፥ እንደ ምራቅም ስትሆን ሰው ያደረገህን እግዚአብሔርን አላዋቂ ታደርገዋለህን? በምሳሌውና በመልኩ የፈጠረህ ነፍስህንና ሥጋህን አዋሕዶ ማስነሣት ይሳነዋልን?
0db21dd9-fa4f-55fe-aef5-26d05a9eb241,3ba002d9-b7cf-52fa-ad49-73466a7485f1,c0a4f0eb-f4a6-52d8-abef-f1560f29f910,11,11,ከእግዚአብሔር እጅ አታመልጥምና እንደዚህ አታስብ፤ ሳትወድ ትነሣለህ፤ በሞትህም ጊዜ የተያዝህባት የሲኦል ገመድ በአንገትህ አለችና ሳትወድ ይፈረድብሃል።
9910a770-ecdb-54c6-a370-5631ca81f98d,3ba002d9-b7cf-52fa-ad49-73466a7485f1,c0a4f0eb-f4a6-52d8-abef-f1560f29f910,12,12,በአንገትህ የታሠረች ያች ገመድም በእናትህ ማኅፀን ከሲኦል ግንድ ለአንተ ትበቅላለችና። አንተም ባደግህ ጊዜ እርሷም ታድጋለችና።
81ec4e7a-3605-5a4d-a522-ab213c704618,3ba002d9-b7cf-52fa-ad49-73466a7485f1,c0a4f0eb-f4a6-52d8-abef-f1560f29f910,13,13,አንተም በሞትህ ጊዜ በአንገትህ ያኖሯታል፤ ግንዷንም በሳቧት ጊዜ እርስዋ ታመጣቸዋለች፤ ቅርንጫፎችዋንም ትስባለች።
4c126b94-6a6b-58fd-a61e-b359b9ef62ee,3ba002d9-b7cf-52fa-ad49-73466a7485f1,c0a4f0eb-f4a6-52d8-abef-f1560f29f910,14,14,ኃጥኣን ሁሉ በአንገታቸው ገመድ እንዳለ በውስጧ ተይዘው አሉና።
3e460eef-c656-58df-a714-84f15f9db319,3ba002d9-b7cf-52fa-ad49-73466a7485f1,c0a4f0eb-f4a6-52d8-abef-f1560f29f910,15,15,የኃጥኣንም ነፍሳት ሁሉ ከአሉበት ከሰማይ ዳርቻ ይመጣሉ፤ እንደዚሁም ገመድህ ነፍስህን ካለህበት ስባ አምጥታ ወደ ሲኦል ታገባሃለች።
b928b1f4-fe44-5352-ae24-40d8305c1b43,3ba002d9-b7cf-52fa-ad49-73466a7485f1,c0a4f0eb-f4a6-52d8-abef-f1560f29f910,16,16,ሥጋህም ከነፍስህ ከተለየ በኋላ እንደ አባታችን እንደ አዳም ሥጋ ፍጹም ሆኖ በእግዚአብሔር በቸርነቱ ጠል ይነሣል። በዚያም በደልንና ኀጢአትን እንደ ሠራህ እንደ አለማመንህ ፍዳህን ትቀበላለህ።
beede3f7-e3f2-55b7-af93-db23525e8698,3ba002d9-b7cf-52fa-ad49-73466a7485f1,c0a4f0eb-f4a6-52d8-abef-f1560f29f910,17,17,ሌላውን ብቻ የምታስት አይምሰልህ፤ ራስህም ትስታለህ፥ በስሕተትህም በመቃብር ትኖራለህ፤ ከእግዚአብሔርም ትእዛዝ ወጥተው ይስቱ ዘንድ የሙታን ትንሣኤ የለም ትላለህ።
1f5bb276-60b0-57b9-adc4-3147c6566d4e,3ba002d9-b7cf-52fa-ad49-73466a7485f1,c0a4f0eb-f4a6-52d8-abef-f1560f29f910,18,18,እንደ ሠራኸው ሥራህ ፍዳህን ይሰጥህ ዘንድ ያስነሣሃል እንጂ በትቢያና በዐመድ ውስጥ ማን ይተውሃል?
3ad42de5-9d7d-56b4-a47a-bd119daf3e6e,3ba002d9-b7cf-52fa-ad49-73466a7485f1,c0a4f0eb-f4a6-52d8-abef-f1560f29f910,19,19,ያንጊዜ ግን በነፋስ ውስጥ ያለ ነፋስ ባሕርይህም ቢሆን፥ በውኃ ውስጥ ያለ ውኃ ባሕርይህም ቢሆን፤ በመሬት ያለ መሬት ባሕርይህም ቢሆን፥ በእሳትም ውስጥ ያለ እሳት ባሕርይህም ቢሆን ይመጣል።
13493db0-63d1-5b3d-ae63-677619176348,3ba002d9-b7cf-52fa-ad49-73466a7485f1,c0a4f0eb-f4a6-52d8-abef-f1560f29f910,20,20,በአንተ ያደረች፥ በጨለማ ቦታ የምትኖር ነፍስም ብትሆን ትመጣለች።
cb90dc80-af0e-54cc-a5ff-7683e8ab7ff4,3ba002d9-b7cf-52fa-ad49-73466a7485f1,c0a4f0eb-f4a6-52d8-abef-f1560f29f910,21,21,በገነት በደስታ የሚኖሩ የጻድቃን ነፍሳትም ይመጣሉ።
799f8625-53b9-54ef-a1e4-1e07b84436ce,3ba002d9-b7cf-52fa-ad49-73466a7485f1,c0a4f0eb-f4a6-52d8-abef-f1560f29f910,22,22,አንተም አይሁዳዊ፥ አንተም ሳምራዊ፥ አንተም ፈሪሳዊ፥ አንተም ሰዱቃዊ እስኪፈረድብህ ድረስ በጨለማ ትኖራለህ።
c8b01a80-9429-543a-aa7a-26d948e2be8d,3ba002d9-b7cf-52fa-ad49-73466a7485f1,c0a4f0eb-f4a6-52d8-abef-f1560f29f910,23,23,ያንጊዜም ሰውን ስለ አሳትህ እንደ ሥራህ እግዚአብሔር እንደሚከፍልህ ታያለህ።
e27411a1-a2e2-5007-ac33-2eef5b2f6f10,3ba002d9-b7cf-52fa-ad49-73466a7485f1,c0a4f0eb-f4a6-52d8-abef-f1560f29f910,24,24,እንዲህም ትላቸዋለህ፦ የሞቱ ሰዎች አይነሡም፤ ነገ እንሞታለንና እንብላ፤ እንጠጣም፤ በሙሴም ወንበር ተቀምጠህ በቃልህ የሙታን ትንሣኤ የለም ትላለህ።
a947a53f-c084-5264-a47f-967ff284cb90,3ba002d9-b7cf-52fa-ad49-73466a7485f1,c0a4f0eb-f4a6-52d8-abef-f1560f29f910,25,25,ስለዚህም የኦሪትን መጽሐፍ እያወቅህ፥ የመጻሕፍትንም ቃል እያስተማርህ ሳትህ፤ ሰውን ከምታስት ሳትማር በቀረህ ይሻል ነበር።
64dbe087-bdea-58f5-a386-ddd3d6b0dfba,3ba002d9-b7cf-52fa-ad49-73466a7485f1,c0a4f0eb-f4a6-52d8-abef-f1560f29f910,26,26,በክፉ ትምህርትህና በማይጠቅም ቃልህ የእግዚአብሔርን ሕዝብ ከምታስክድ የመጻሕፍትን ቃል በአላወቅህ ይሻልህ ነበር።
5d1036e9-5741-565b-a2e1-5577b2febcfd,3ba002d9-b7cf-52fa-ad49-73466a7485f1,c0a4f0eb-f4a6-52d8-abef-f1560f29f910,27,27,አንተ ግን እንደ ሥራህና እንደ ከንፈርህ ፍሬ ይሰጥሃል፤ እግዚአብሔር ፊት አይቶ አያዳላምና፥ በጎ ሥራንም ለሚያስተምሩ ለወዳጆቹ ከአዘጋጀው ጸጋ ይሰጣቸዋልና።
c76233e4-c38e-5720-a402-dece32ea88d4,3ba002d9-b7cf-52fa-ad49-73466a7485f1,c0a4f0eb-f4a6-52d8-abef-f1560f29f910,28,28,አንተም ከሚፈረድብህ ከእግዚአብሔር እጅ የምታመልጥበት የለም፤ እንደ ሥራህም ይከፍልህ ዘንድ አለው፤ አንተና ያስተማርሃቸውም በአንድነት ይፈረድባችኋል።
24192da4-50e5-5f18-a9b1-d2fb16d80ce6,3ba002d9-b7cf-52fa-ad49-73466a7485f1,c0a4f0eb-f4a6-52d8-abef-f1560f29f910,29,29,ሙታን እንደሚነሡም ዕወቅ፤ ሕጉን የጠበቁ ቢሆኑም ይነሣሉ፤ በመቃብር መቈየት አይችሉም፤ ዝናም በዘነመ ጊዜ ምድር ሣርን እንደምታወጣ ትእዛዙ ያወጣቸዋልና።
265179c0-c6b1-5a55-a522-fca1af8f81fb,3ba002d9-b7cf-52fa-ad49-73466a7485f1,c0a4f0eb-f4a6-52d8-abef-f1560f29f910,30,30,ዝናም ምድርን ባጠገባት ጊዜ ርጥብ እንጨት ቅጠልን እንደምታወጣ፥ ስንዴም ፍሬን እንደምታፈራ፥ እህልም ዝርዝርን እንደምታስገኝ፥ እግዚአብሔርም ከወደደ ፍሬዋን ትከለክል ዘንድ እንደማትችል፥
b0d27828-98fc-5f87-a841-7c434a9db18a,3ba002d9-b7cf-52fa-ad49-73466a7485f1,c0a4f0eb-f4a6-52d8-abef-f1560f29f910,31,31,የፀነሰችም ሴት ምጥ በያዛት ጊዜ ማኅፀኗን መዝጋት፥ ሳትወልድም ማምለጥ እንደማትችል።
e96d4b82-99f5-5db9-accb-4cf0d786bb2b,3ba002d9-b7cf-52fa-ad49-73466a7485f1,c0a4f0eb-f4a6-52d8-abef-f1560f29f910,32,32,ምድርም እንደዚሁ በእርስዋ የተሰበሰቡትን ታወጣለች፤ የእግዚአብሔርንም ቃል ከሰማች በኋላ ማኅፀንዋን መዝጋት አትችልም፥ ነገር ግን ከእግዚአብሔር የታዘዘ ጠል ወደ እርስዋ ይወርዳልና በአንድ ጊዜ ትወልዳቸዋለች።
725cbb55-6d8a-5970-a9f9-815ccef31c2c,3ba002d9-b7cf-52fa-ad49-73466a7485f1,c0a4f0eb-f4a6-52d8-abef-f1560f29f910,33,33,ሥጋዎችም ሬሳዎቻቸው በወደቁባቸው ቦታዎች ይሰበሰባሉ፤ የነፍሳት መዛግብት ቤቶችም ይከፈታሉ፤ ነፍሳትም ቀድሞ ወደ ተለዩበት ወደ ሥጋ ይመለሳሉ።
6f70dfe8-fe7d-584c-aeb2-afd6d8147610,3ba002d9-b7cf-52fa-ad49-73466a7485f1,c0a4f0eb-f4a6-52d8-abef-f1560f29f910,34,34,መለከትም በተነፋ ጊዜ ሙታን እንደ ዐይን ጥቅሻ ይነሣሉ፤ በእግዚአብሔርም ፊት ይቆማሉ፥ እንደ እጃቸውም ሥራ ይሰጣቸዋል።
6292ef49-d431-5c40-a4a1-d3c7c123812d,3ba002d9-b7cf-52fa-ad49-73466a7485f1,c0a4f0eb-f4a6-52d8-abef-f1560f29f910,35,35,ያንጊዜም ከሙታን ጋራ እንደምትነሣ ታያለህ፤ በምድር ላይ የሠራኸውንም ሥራ ሁሉ ታደንቃለህ፤ በዐይኖችህም ፊት ተጽፈው ባየሃቸው ጊዜ ያንጊዜ የማይረባ ጸጸትን ትጸጸታለህ።
5c7f8ba6-bb08-5399-abdf-d65c3e2d8f78,3ba002d9-b7cf-52fa-ad49-73466a7485f1,c0a4f0eb-f4a6-52d8-abef-f1560f29f910,36,36,ከሙታን ጋራም እንደምትነሣ፥ እንደ ሠራኸውም ሥራ እንደምትቀበል ታውቃለህ።
1a000a15-7a17-5643-aaa8-504c2bed02d1,4ff07f78-17a6-5b43-af3d-3c48e0ec9662,85c57c4c-3491-5e38-a60f-70cbb2df18be,1,1,በጎ ሥራቸውን ያገኙ ያንጊዜ ደስ ይላቸዋል፤ ሙታን አይነሡም እያሉ ቸል ያሉ ግን ሙታን ከማይጠቅም ክፉ ሥራቸው ጋራ እንደ ተነሡ በአዩ ጊዜ ያንጊዜ ያዝናሉ።
b86ebd91-914a-517e-a06f-0a65ecb3f5be,4ff07f78-17a6-5b43-af3d-3c48e0ec9662,85c57c4c-3491-5e38-a60f-70cbb2df18be,2,2,ያም የሠሩት ሥራቸው ይፈርድባቸዋል፤ የሚከራከራቸውም ሳይኖር እንደሚፈረድባቸው እነርሱ ራሳቸው ያውቃሉ።
b522b868-99c4-567d-a261-3aafbffa2b39,4ff07f78-17a6-5b43-af3d-3c48e0ec9662,85c57c4c-3491-5e38-a60f-70cbb2df18be,3,3,በልቅሶና በፍርድ ቀን በቍርጥ ፍርድ ቀንና በእግዚአብሔር ቀን ዝንጉዎች በሚቆሙበት ቦታ ይቆማሉ።
fcc5eec5-b4f0-5cb3-a85b-c9f16734d959,4ff07f78-17a6-5b43-af3d-3c48e0ec9662,85c57c4c-3491-5e38-a60f-70cbb2df18be,4,4,በፍጹም ጨለማ ቀን፥ በጉም ቀን፥ በብልጭልጭታ ቀን፥ በመብረቅ ቀን፥
ebe958f1-d954-5134-a9b0-d3cbc8f4cfc2,4ff07f78-17a6-5b43-af3d-3c48e0ec9662,85c57c4c-3491-5e38-a60f-70cbb2df18be,5,5,በፍርሀትና በመንቀጥቀጥ ቀን፥ በብርድና በሙቀት ቀን፥ በውርጭም ቀን፥
2bfd6f3a-2665-5127-a4b9-750d481a3f6e,4ff07f78-17a6-5b43-af3d-3c48e0ec9662,85c57c4c-3491-5e38-a60f-70cbb2df18be,6,6,ክፉ ሰው ክፋትን እንደ ሠራ ፍዳን በሚቀበልባት ቀን፥ ንጹሕ ሰውም ንጹሕ ሥራን እንደ ሠራ ዋጋውን በሚቀበልባት ቀን፥ ኀጢአተኛም ኀጢአትን እንደ ሠራ ፍዳውን እንደሚቀበል፥
508ed23f-9b64-5023-a179-9e5ffb785adb,4ff07f78-17a6-5b43-af3d-3c48e0ec9662,85c57c4c-3491-5e38-a60f-70cbb2df18be,7,7,ጌታም ከባርያው በማይከብርባት ቀን፥ እመቤትም ከባርያዋ በማትከብርበት ጊዜ፥
dba91646-a7e4-54f8-a44b-641b07b8425d,4ff07f78-17a6-5b43-af3d-3c48e0ec9662,85c57c4c-3491-5e38-a60f-70cbb2df18be,8,8,ንጉሡም ከድሃው በማይከብርበት ጊዜ፥ ሽማግሌውም ከሕፃኑ በማይከብርበት ጊዜ፥ አባት ከልጁ በማይከብርበት ጊዜ፥ እናትም ከልጅዋ በማትከብርበት ጊዜ፥
0350f3dc-894b-566d-a809-780b3bb7a7cd,4ff07f78-17a6-5b43-af3d-3c48e0ec9662,85c57c4c-3491-5e38-a60f-70cbb2df18be,9,9,ባለጸጋው ከድሃው በማይከብርበት ጊዜ፥ ትዕቢተኛም ከተዋረደው ሰው በማይከብርበት ጊዜ፥ ታላቁም ከታናሹ በማይከብርበት ጊዜ፥ የፍርድ ቀን ናትና፥ የፍዳና የቅጣት ቀን ናትና፥ ሁሉም እንደ ሠራው የሚቀበልባት ቀን ናትና።
d88ca107-9d56-5e08-ae7e-720b27c4607c,4ff07f78-17a6-5b43-af3d-3c48e0ec9662,85c57c4c-3491-5e38-a60f-70cbb2df18be,10,10,በጎ ሥራ የሠሩም ዋጋቸውን የሚቀበሉባት ቀን ናትና፥ ክፉ የሠሩም ክፉውን የሚቀበሉባት ቀን ናትና።
0632cdb6-9d2f-5bbd-a04f-17127a9265a7,4ff07f78-17a6-5b43-af3d-3c48e0ec9662,85c57c4c-3491-5e38-a60f-70cbb2df18be,11,11,ዋጋቸውን ያገኙም ደስ የሚሰኙባት ቀን ናትና፥ ክፉውንም የተቀበሉ የሚያዝኑባት ቀን ናትና። ሙታን አይነሡም እያሉ መጻሕፍትን የሚያሳብሉትም ያያሉ።
41234ef8-debe-58a9-a3c2-6f86b8d089b3,4ff07f78-17a6-5b43-af3d-3c48e0ec9662,85c57c4c-3491-5e38-a60f-70cbb2df18be,12,12,ያንጊዜም የምድር ኃጥኣን ስለ ሠሩት ኀጢአታቸውና በምድር ሳሉ መልካም ባለማድረጋቸው ስለሚያገኛቸው መረጋጋት ስለሌለው ኀዘናቸው ያለቅሳሉ።
d0d8a8d6-625e-5cbe-a996-2799425a2f65,4ff07f78-17a6-5b43-af3d-3c48e0ec9662,85c57c4c-3491-5e38-a60f-70cbb2df18be,13,13,እንደዚሁም በምድር ላይ ሳሉ በጎ ሥራን ሠርተዋልና በጎ ሥራን የሠሩ የደጋጎች ደስታ እስከ ዘለዓለም ድረስ አይፈጸምም።
724ef25b-4001-5a1b-a3fc-ac84da37c92f,4ff07f78-17a6-5b43-af3d-3c48e0ec9662,85c57c4c-3491-5e38-a60f-70cbb2df18be,14,14,ከሞትም እንደሚነሡ አውቀዋልና ከፈጣሪያቸው ሕግ አልወጡም።
0e00021a-d893-506a-a379-45709ea836ea,4ff07f78-17a6-5b43-af3d-3c48e0ec9662,85c57c4c-3491-5e38-a60f-70cbb2df18be,15,15,ከትእዛዙም ስላልወጡ ሁለት ሕይወትን ይወርሳሉ፤ በምድርም ላይ ዘራቸውን አበዛ፤ ልጆቻቸውንም ባረካቸው።
07b86b22-1124-57d4-af19-3fbc5e87f593,4ff07f78-17a6-5b43-af3d-3c48e0ec9662,85c57c4c-3491-5e38-a60f-70cbb2df18be,16,16,በሰማያትም በትንሣኤ ቀን ባለጸጎች በሚደኸዩበት ጊዜ ለአባቶቻቸው የማለላቸውን መንግሥተ ሰማያትን ያወርሳቸዋል።
14cf9c63-e986-5f44-a80a-8e339907e5f9,4ff07f78-17a6-5b43-af3d-3c48e0ec9662,85c57c4c-3491-5e38-a60f-70cbb2df18be,17,17,ክፉ የሚሠሩና የሙታንን መነሣት የማያምኑ፥ የእግዚአብሔርን ሕግና የትንሣኤንም ቀን የማያስቡ ያለቅሳሉ።
7de7a138-22e3-553f-a4a1-d2d23cc4a7b3,4ff07f78-17a6-5b43-af3d-3c48e0ec9662,85c57c4c-3491-5e38-a60f-70cbb2df18be,18,18,ያንጊዜም መጨረሻ የሌላት፥ ድኅነትና መረጋጋት የሌለባት የምታገኛቸውን መከራ ያያሉ፤ በልቡናቸውም መረጋጋትና ዕረፍት የሌለው ኀዘን ይሆናል።
b6d479ab-1222-59b5-a5d4-b6b00eca2419,4ff07f78-17a6-5b43-af3d-3c48e0ec9662,85c57c4c-3491-5e38-a60f-70cbb2df18be,19,19,የማያንቀላፋ ትል፥ የማይጠፋም እሳት ያገኛቸዋል።
8ffa7257-7ece-5699-a70c-a5d57b47f536,4ff07f78-17a6-5b43-af3d-3c48e0ec9662,85c57c4c-3491-5e38-a60f-70cbb2df18be,20,20,ሥጋቸውም ባለበት ቦታ እሳትና ድኝ፥ ጥቅል ነፋስ፥ ውርጭና በረድ፥ ቀቅም በላያቸው ይዘንማል።
69593bd2-6d3b-537e-ac40-9607c812387a,4ff07f78-17a6-5b43-af3d-3c48e0ec9662,85c57c4c-3491-5e38-a60f-70cbb2df18be,21,21,የሙታንንም መነሣት በማያምኑ ሰዎች ላይ ገሃነመ እሳት አለባቸው።
085911c5-2c83-5bf6-a3f2-1475b739282e,d3ae58e7-f242-5e84-a6d5-4a1813e8dad4,185b5816-c02f-537f-ada4-6fa31e371df3,1,1,በሥጋህ፥ በእጅህና በእግርህ ጥፍር፥ በራስህም ጠጕር ያለውን እስኪ አንተ ራስህ አስበው፤ በቈረጥሃቸው ጊዜ ፈጥነው ይወጣሉና፥ ለማመን ልብና አእምሮ ከአለህ በዚህ ዕወቅ።
979c0a36-7b56-523e-a9c8-e310d5cc9814,d3ae58e7-f242-5e84-a6d5-4a1813e8dad4,185b5816-c02f-537f-ada4-6fa31e371df3,2,2,እነዚህ የእጅህና የእግርህ ጥፍር፥ የራስም ጠጕር ከወዴት ይወጣሉ ትላለህ? ከሞት እንደምትነሣ ታውቅ ዘንድ በሌላ ሥጋ ያይደለ በአንተ ሥጋ የሚደረግ ትንሣኤን እንድታውቅ ይበቅሉ ዘንድ እግዚአብሔር ያዘጋጀው አይደለምን?
849c5c27-77f5-553b-abff-db5e6f30de6e,d3ae58e7-f242-5e84-a6d5-4a1813e8dad4,185b5816-c02f-537f-ada4-6fa31e371df3,3,3,አንተም የሙታን ትንሣኤ የለም እያልህ ሕዝቡን ስለአሳትህ ኀጢአትንና በደልን እንደ ሠራህ በሙታን ትንሣኤ ጊዜ ፍዳህን ትቀበላለህ።
1948a58a-be78-526b-ac2a-7f634b6e1a07,d3ae58e7-f242-5e84-a6d5-4a1813e8dad4,185b5816-c02f-537f-ada4-6fa31e371df3,4,4,አሁንም የፍዳህ ቀን በደረሰችብህ ጊዜ ታያታለህ፤ ስንዴም ቢሆን፥ ገብስም ቢሆን አንተ ስንኳ የዘራኸው ይበቅል ዘንድ እንቢ አይልምና።
c9877016-a8b7-585d-a2f0-ee99ff4d1f00,d3ae58e7-f242-5e84-a6d5-4a1813e8dad4,185b5816-c02f-537f-ada4-6fa31e371df3,5,5,ዳግመኛም አንተ የተከልኸው ተክል አልበቅልም አይልም፤ የወይን ተክልም ቢሆን፥ የበለስ ተክልም ቢሆን ቅጠሉና ፍሬው አይለወጥም።
bf08278d-c071-5889-a7ff-b35f334d507f,d3ae58e7-f242-5e84-a6d5-4a1813e8dad4,185b5816-c02f-537f-ada4-6fa31e371df3,6,6,ወይን ብትተክልም በለስ ይሆን ዘንድ አይለወጥም፤ በለስም ብትተክል ወይን ይሆን ዘንድ አይለወጥም፤ ስንዴም ብትዘራ ገብስ ይሆን ዘንድ አይለወጥም፤
cbbae75e-26c6-5262-a4e2-fbf5faf373b0,d3ae58e7-f242-5e84-a6d5-4a1813e8dad4,185b5816-c02f-537f-ada4-6fa31e371df3,7,7,ገብስም ብትዘራ ስንዴ ይሆን ዘንድ አይለወጥም። ነገር ግን ሁሉ በየዘሩና በየወገኑ፥ በየፍሬውና በየእንጨቱ፥ በየቅጠሉና በየሥሩ፥ ከእግዚአብሔር በሚገኝ የምሕረት ጠል በረከትን ተቀብሎ ፍሬን ያወጣል።
6b5dd935-d936-5cee-ab7b-28ab69d4e93c,d3ae58e7-f242-5e84-a6d5-4a1813e8dad4,185b5816-c02f-537f-ada4-6fa31e371df3,8,8,እንደዚሁም ምድር እግዚአብሔር እንደ ዘራባት ነፍስንና ሥጋን ታስገኛለች፤ እግዚአብሔር የዘራቸው ሥጋና ነፍስ ተዋሕደው ይነሣሉ እንጂ በጎ ሥራ የሠሩ ሰዎች ክፉ ሥራ በሠሩ ሰዎች አይለወጡም፤ ክፉ ሥራም የሠሩ ሰዎች በጎ ሥራን በሠሩ ሰዎች አይለወጡም።
c8ec599b-773d-5cc8-a910-070411e923c8,d3ae58e7-f242-5e84-a6d5-4a1813e8dad4,185b5816-c02f-537f-ada4-6fa31e371df3,9,9,መለከት የሚነፋበትም ሰዓት በደረሰ ጊዜ ሙታን ከእግዚአብሔር በሚገኝ የጠል ምሕረት ይነሣሉ፤ በጎ ሥራ የሠሩ ሰዎች የሕይወት ትንሣኤን ይነሣሉ፤ ዋጋቸውም እግዚአብሔር ለደጋጎች ያዘጋጀው፥ መከራና ደዌ የሌለበት፥ ከዚህም በኋላ ዳግመኛ የማይሞቱበት የንጹሓን ማደሪያ የደስታ ገነት ነው።
692d11c0-4ba1-51a8-aeed-e36c2375511b,d3ae58e7-f242-5e84-a6d5-4a1813e8dad4,185b5816-c02f-537f-ada4-6fa31e371df3,10,10,ክፉ ሥራ የሠሩ ግን የደይን ትንሣኤ ተነሥተው ከአሳታቸው ከዲያብሎስ ጋራ፥
1fbc3737-6f5e-53de-a0af-cebe13fd5d81,d3ae58e7-f242-5e84-a6d5-4a1813e8dad4,185b5816-c02f-537f-ada4-6fa31e371df3,11,11,ከሰው ልጆች ሁሉ አንድ ሰው ስንኳ ይድን ዘንድ ከማይወዱ ከሠራዊቶቹ ከአጋንንትም ጋራ ወደ ዘለዓለም ቅጣት ይሄዳሉ፤
b8c492b9-e95e-5afe-a514-e012a2a2ac20,d3ae58e7-f242-5e84-a6d5-4a1813e8dad4,185b5816-c02f-537f-ada4-6fa31e371df3,12,12,የጨለማ ዳርቻ ወደ ሆነ፥ ጥርስ ማፋጨትና ልቅሶ ወዳለበት፥ ይቅርታና ምሕረት ወደሌለበት፥ እስከ ዘለዓለም ድረስ መውጫ ወደሌለበት ወደ ገሃነም ይወርዳሉ። በሥጋቸው ሳሉ በምድር ላይ በሕይወታቸው በጎ ሥራ አልሠሩምና።
cca29586-81a9-5276-ae81-8aa8408d6adb,d3ae58e7-f242-5e84-a6d5-4a1813e8dad4,185b5816-c02f-537f-ada4-6fa31e371df3,13,13,ስለዚህም ነፍስና ሥጋ በትንሣኤ ጊዜ ይፈረድባቸዋል።
aff74591-57e1-55ba-af6d-a60839628931,d3ae58e7-f242-5e84-a6d5-4a1813e8dad4,185b5816-c02f-537f-ada4-6fa31e371df3,14,14,እግዚአብሔር የተአምራቱን ብዛት የሚያሳይባት የነፍስና የሥጋን በአንድነት መነሣት ለማያምኑ ሰዎች ወዮላቸው!
614ce9f3-a4d3-5b40-a1a9-759d048bdd30,d3ae58e7-f242-5e84-a6d5-4a1813e8dad4,185b5816-c02f-537f-ada4-6fa31e371df3,15,15,ሁሉም እያንዳንዱ እንደ ሥራውና እንደ እጁ ድካም ዋጋውን ይቀበላል።
0bea4086-c3fd-5dd3-ad6d-4299890631f7,3794c371-8d61-5989-a965-cfc95cfa7a36,4ec6bcf3-6e98-53c9-a0ed-e91b1d0e97db,1,1,የስንዴ ቅንጣት ካልፈረሰች አትበቅልም፤ ፍሬም አታፈራም። የስንዴ ቅንጣት ብትፈርስ ግን ወደ ምድር ሥር ትሰዳለች፤ ቅጠልም ታወጣለች፤ ዝርዝርም ይሆናል፤ ፍሬም ያፈራል።
2dec295a-21e8-5710-a6d6-f158391ed870,3794c371-8d61-5989-a965-cfc95cfa7a36,4ec6bcf3-6e98-53c9-a0ed-e91b1d0e97db,2,2,አንዲቱ የስንዴ ቅንጣት ብዙ ቅንጣት እንደምትሆን እናንተ ታውቃላችሁ።
91021be4-c85c-5632-a467-23455a85993b,3794c371-8d61-5989-a965-cfc95cfa7a36,4ec6bcf3-6e98-53c9-a0ed-e91b1d0e97db,3,3,እንደዚሁ ይህች ቅንጣት ከነፋስና ከውኃ፥ ከመሬትም የተነሣ ትበቅላለች፥ ፀሐይ ግን በእሳት ፋንታ ነው። ስንዴ ያለ ፀሐይ ፍሬ ማፍራት አይችልምና።
c9298438-4d57-58b7-a977-b0010bfdcd24,3794c371-8d61-5989-a965-cfc95cfa7a36,4ec6bcf3-6e98-53c9-a0ed-e91b1d0e97db,4,4,ነፋስም ስለ ነፍስ ፋንታ ነው፥ ያለ ነፋስም ስንዴ ማፍራት አይችልም፤ ውኃውም ምድርን ያጠጣታል፤ ያረካታልም።
607422ad-14a0-5ad0-a374-20e3c802e089,3794c371-8d61-5989-a965-cfc95cfa7a36,4ec6bcf3-6e98-53c9-a0ed-e91b1d0e97db,5,5,መሬትም ውኃን ከጠጣች በኋላ ሥርን ታስገኛለች፤ ጫፏም ወደ ላይ ከፍ ከፍ ትላለች፤ እግዚአብሔርም የባረካትን ያህል ታፈራለች።
8d3d3f96-fc09-5a46-ad1d-9a74b9b82dd7,3794c371-8d61-5989-a965-cfc95cfa7a36,4ec6bcf3-6e98-53c9-a0ed-e91b1d0e97db,6,6,የስንዴ ቅንጣት ግን እግዚአብሔር የፈጠራት ነባቢት ነፍስ ያደረችበት የአዳም አምሳል ነው፤ የወይን ግንድም እንደዚሁ ውኃ ይጠጣል፤ ሥርም ይሰድዳል፤ ቀጫጭኑ የሥሩ ገመድም ውኃን ይስባል።
4634dba3-e400-5d39-ada3-3ecf9eeba2f5,3794c371-8d61-5989-a965-cfc95cfa7a36,4ec6bcf3-6e98-53c9-a0ed-e91b1d0e97db,7,7,ውኃዋንም ወደ ቅጠሎች ጫፍ ያወጣታል፤ ከእግዚአብሔር የተገኘ ጠል ረጃጅም የሐረጎችን ጫፎች ያጠጣቸዋልና። በፀሐይም ሙቀት ይዘረዝራል፤ በእግዚአብሔርም ፈቃድ ፍሬን ያፈራል።
a00265c8-3f0c-5bbf-afc7-1824bacb5028,3794c371-8d61-5989-a965-cfc95cfa7a36,4ec6bcf3-6e98-53c9-a0ed-e91b1d0e97db,8,8,ልብን ደስ የሚያሰኝ በጎ መዓዛንም ያደርጋል፤ በበሉትም ጊዜ እንደማያስርብ እህልና እንደማያስጠማ ውኃ ያጠግባል፤ በጠመቁትም ጊዜ የወይን ጠጅ ይሆናል።
6c784b00-0198-504c-a290-9dcabce9903c,3794c371-8d61-5989-a965-cfc95cfa7a36,4ec6bcf3-6e98-53c9-a0ed-e91b1d0e97db,9,9,በጠጡትም ጊዜ “ወይን የሰውን ልብ ደስ ያሰኛል” ተብሎ በመዝሙር እንደ ተነገረ የሰውን ልብ ደስ ያሰኛል፤ ፈታ ፈታ ያለ ሰውም አፉን ከፍቶ በጠጣ ጊዜ ይሰክራል፤ በሳምባውም ይመላል፤ ደሙም ወደ ልቡ ይፈስሳል።
b1b7ea09-9823-5946-a708-63c62985ea53,3794c371-8d61-5989-a965-cfc95cfa7a36,4ec6bcf3-6e98-53c9-a0ed-e91b1d0e97db,10,10,የወይን ስካር እጅግ ያስታልና አእምሮውን ያሳጣዋል፤ ጐጻጕጹንና ገደሉንም እንደ ሰፊ ሜዳ ያደርገዋል፤ በእጁና በእግሩ ያለውንም እንቅፋትና እሾህ አያውቅም።
5002130f-033c-564b-a701-4e48668f0306,3794c371-8d61-5989-a965-cfc95cfa7a36,4ec6bcf3-6e98-53c9-a0ed-e91b1d0e97db,11,11,እግዚአብሔርም ፈቃዱን በሚያደርጉና የሙታንን ትንሣኤ በሚያምኑ ስሙ ይመሰገን ዘንድ በወይን ግንድና በፍሬዋ እንዲሁ አደረገ።
f3a762f9-37d3-5d84-ad3d-77f5990a3515,3794c371-8d61-5989-a965-cfc95cfa7a36,4ec6bcf3-6e98-53c9-a0ed-e91b1d0e97db,12,12,የሙታንን መነሣት የሚያምኑትንም በሕይወት ማደሪያ ደስ ያሰኛቸዋል።
b18f4eec-e42f-5e52-abe5-32ad8d2236d4,3517ae73-ef51-5f0d-a2c2-66af6316ae98,590b1d0e-fdee-5e23-a0fb-f0b5588ed2fe,1,1,የሙታንን መነሣት የማታምኑ ሰዎች፥ ምን ያህል ስሕተትን ትስታላችሁ? ወደማታውቁትም ቦታ በወሰዷችሁ ጊዜ፥ በነፍስና በሥጋ በአንድነት የሙታንን መነሣት ስለ አላመናችሁ ወደ ገሃነም በጣሏችሁ ጊዜ ያንጊዜ የማይረባ ጸጸትን ትጸጸታላችሁ።
d2691f9d-34d5-58fd-a0a0-9296765663f3,3517ae73-ef51-5f0d-a2c2-66af6316ae98,590b1d0e-fdee-5e23-a0fb-f0b5588ed2fe,2,2,ትቢያና ዐመድ የሆኑ ሙታን እንደማይነሡ እኛ እናውቃለን እያላችሁ የባልንጀሮቻችሁን ልቡና ታስታላችሁና በጎውንም ቢሆን፥ ክፉውንም ቢሆን እንደ ሠራችሁ ዋጋችሁን ትቀበላላችሁ።
e2bd7751-3a06-561a-a8db-313114ef5fb6,3517ae73-ef51-5f0d-a2c2-66af6316ae98,590b1d0e-fdee-5e23-a0fb-f0b5588ed2fe,3,3,ስለዚህም ባልንጀሮቻቸውን ያስታሉ፤ ለሞታቸው ዕረፍት የለውምና፥ ለመቅሠፍታቸውም ኀይል የለውምና፥ በድካማቸውም የጸኑ አልሆኑምና፥ በእግዚአብሔር አደባባይም ይቆሙ ዘንድ አላቸውና።
93f290ba-10e5-5503-ad97-a46e7b7068cb,3517ae73-ef51-5f0d-a2c2-66af6316ae98,590b1d0e-fdee-5e23-a0fb-f0b5588ed2fe,4,4,በመዓቱም በሚገሥጻቸው ጊዜ፥ ክፉም ስለ አደረጉ በሚቈጣቸው ጊዜ እጅግ ያፍራሉ፤ የእግዚአብሔርን መንገድ ሳያውቁ ይናገራሉና። ከየት እንደ መጡም አያውቁምና።
89b0308c-b07c-586d-aa75-06b345e304c0,3517ae73-ef51-5f0d-a2c2-66af6316ae98,590b1d0e-fdee-5e23-a0fb-f0b5588ed2fe,5,5,የሚሄዱበትንም ገሃነም አያውቁም፤ ቍጡዎች፥ በሥራቸውም ጠማሞችና ክፉዎች ስለ ሆኑ እንደ ልቡናቸው ጥመት ለባልንጀሮቻቸው ያስተምራሉና፤ ትንሣኤ ሙታንም የለም እያሉ ጠማማ ነገርን የሚያስተምሩ ናቸውና።
7dccd5bc-ce61-5f14-aa42-d3cd1c10a66a,3517ae73-ef51-5f0d-a2c2-66af6316ae98,590b1d0e-fdee-5e23-a0fb-f0b5588ed2fe,6,6,ያንጊዜም ሙታን እንደሚነሡ ያውቃሉ፤ ለሰው ልጆች ወገን ሁሉ የሚሆነውን የሙታን ትንሣኤ ስለ አላመኑ እንደሚፈረድባቸው ያውቃሉ።
b8844143-40e7-5341-a875-6a3abb03fdf7,3517ae73-ef51-5f0d-a2c2-66af6316ae98,590b1d0e-fdee-5e23-a0fb-f0b5588ed2fe,7,7,ሁላችን የአዳም ልጆች ስለ ሆንን በአዳምም ምክንያት ሞተናልና፥ ሁላችንም በአባታችን በአዳም ስሕተት ከእግዚአብሔር ዘንድ የሞት ፍርድ አግኝቶናልና።
4e176617-3414-577f-ac5a-f5ddc82ae5ee,3517ae73-ef51-5f0d-a2c2-66af6316ae98,590b1d0e-fdee-5e23-a0fb-f0b5588ed2fe,8,8,ዳግመኛም በሠራነው ሥራችን ፍዳችንን እንቀበል ዘንድ ከዚያ ከአባታችን ከአዳም ጋራ እንነሣለን፤ በአባታችን በአዳም አለማወቅ ዓለም ለሞት ተገዝትዋልና።
1b82b28b-dd85-513f-aaef-18f653f0dd82,3517ae73-ef51-5f0d-a2c2-66af6316ae98,590b1d0e-fdee-5e23-a0fb-f0b5588ed2fe,9,9,ስለዚህም በአዳም መተላለፍ ፍዳን እንቀበላለን፤ ሥጋችንም በመቃብር ውስጥ ቀለጠች፤ አጥንቶቻችንም ደቀቁ።
eb3e9c0b-dd84-58c8-a8d0-835b9a531fd0,3517ae73-ef51-5f0d-a2c2-66af6316ae98,590b1d0e-fdee-5e23-a0fb-f0b5588ed2fe,10,10,ምድርም ቅልጥማችንን ጠጣች፤ ጠፋንም፤ ደም ግባታችንም በትቢያ ጠፋ፤ ሥጋችንም በመቃብር ተቀበረ፤ የአማረ ቃላችንም በመሬት ተቀበረ።
fc79105c-53a8-5283-acca-9f25afc3cff8,3517ae73-ef51-5f0d-a2c2-66af6316ae98,590b1d0e-fdee-5e23-a0fb-f0b5588ed2fe,11,11,ከሚያበሩ ዐይኖቻችንም ትሉ ወጣ፤ መልካችንም በመቃብር ጠፋ፤ ትቢያም ሆንን።
8a6844ed-6b4d-588c-ab8e-e1d673b532b1,3517ae73-ef51-5f0d-a2c2-66af6316ae98,590b1d0e-fdee-5e23-a0fb-f0b5588ed2fe,12,12,መልከ መልካም የነበሩ፥ ቁመታቸውም ያማረ፥ የቃላቸውም ንግግር የተቀላጠፈ የጐልማሶች የመልካቸው ደም ግባት ወዴት አለ? የአርበኞችስ ገናናነታቸው ወዴት አለ?
9f6fb808-c2d5-526f-a5a0-73578fdd3a09,3517ae73-ef51-5f0d-a2c2-66af6316ae98,590b1d0e-fdee-5e23-a0fb-f0b5588ed2fe,13,13,የነገሥታቱ ኀይላቸው፥ የመኳንንቱስ ክብራቸው ወዴት አለ? በፈረስ መጠረር፥ በወርቅና በብርም ማጌጥ፥ በሚያንጸባርቅ የጦር መሣሪያም መጠረር ወዴት አለ?
e21fbfc4-2988-53bd-a4f3-688e8854140e,3517ae73-ef51-5f0d-a2c2-66af6316ae98,590b1d0e-fdee-5e23-a0fb-f0b5588ed2fe,14,14,የመባልዕት ጣዕምና ጣፋጩ የወይን መጠጥ የት አለ?
f9aecb09-0d03-5f06-ab68-59e396bc6d67,9ca6218f-c30d-5333-a472-8919834d24f5,b8f62f13-b098-56a6-a4e5-253374a1fe22,1,1,ነገሥታትንና መኳንንትን፥ ታላላቆችንና ክቡራንንም፥ የተዋቡ ሴቶችንና መልካማ ቆነጃጅትንም የሰበሰብሻቸው ምድር ሆይ፥ ከአንቺ የተነሣ ወዮ!
673417fb-83f2-5ab2-afe8-6bf677b7e1c6,9ca6218f-c30d-5333-a472-8919834d24f5,b8f62f13-b098-56a6-a4e5-253374a1fe22,2,2,ደም ግባት ያላቸውን፥ ባተ መልካሞች የሆኑትን፥ ዕውቀትና ልቡናም ያላቸውን፥ ቃላቸውም እንደምታንጐራጕር በገና፥ እንደ ክራርና እንደ መሰንቆም አመታት ያማረ ቃል ያላቸውን፥
e3e83b04-147f-5202-a7f7-c36690898600,9ca6218f-c30d-5333-a472-8919834d24f5,b8f62f13-b098-56a6-a4e5-253374a1fe22,3,3,እንደ ጣፋጭ የወይን መጠጥም ደስ የሚያሰኝ ዜማ ያላቸውን፥ ዐይኖቻቸውም እንደ አጥቢያ ኮከብ የሚያበሩትን፥
73355f29-215d-581b-ac64-2a58de162ab5,9ca6218f-c30d-5333-a472-8919834d24f5,b8f62f13-b098-56a6-a4e5-253374a1fe22,4,4,ቀኝ እጃቸውም እንደሚሰጥና እንደሚነሣ ጽኑዕ የሆነላቸውን፥ የሚነድፉ፥ እግሮቻቸውም ለማየት ያማሩና እንደተስተካከሉ መንኰራኩሮች የሚሮጡ ኀያላን ሰዎችን የሰበሰብሻቸው ምድር ሆይ፥ ከአንቺ የተነሣ ወዮ!
1b14a548-0a0b-53ec-a8a8-6356209b66ef,9ca6218f-c30d-5333-a472-8919834d24f5,b8f62f13-b098-56a6-a4e5-253374a1fe22,5,5,በእግዚአብሔር ፈቃድ ተልከሃልና የመልከ መልካም ሰዎችን ነፍሳት ከሥጋቸው የለየህ ሞት ሆይ! ከአንተ የተነሣ ወዮ!
c5e3531a-ed79-58a3-a324-9bb2cc2e304c,9ca6218f-c30d-5333-a472-8919834d24f5,b8f62f13-b098-56a6-a4e5-253374a1fe22,6,6,አንችም ምድር! እግዚአብሔር ከአንቺ ያስገኛቸውንና ወደ አንቺ የመለሳቸውን ብዙዎች ሥጋዎችን ሰብስበሻልና ከአንቺ የተነሣ ወዮ! በፈቃደ እግዚአብሔር ከአንቺ ወጣን፤ ወደ አንቺም እንመለሳለን፤ በእግዚአብሔርም ፈቃድ በአንቺ ላይ ደስ አለን።
03a07033-f946-58d8-afc9-75b294406839,9ca6218f-c30d-5333-a472-8919834d24f5,b8f62f13-b098-56a6-a4e5-253374a1fe22,7,7,ለሬሳዎቻችን ምንጣፍ ሆንሽ፤ በላይሽ ተመላለስን፤ በውስጥሽም ተኛን፤ ፍሬሽን በላን፤ አንቺም ሥጋችንን በላሽ።
a67499c5-e72b-5ddd-a93b-e89083a1cca6,9ca6218f-c30d-5333-a472-8919834d24f5,b8f62f13-b098-56a6-a4e5-253374a1fe22,8,8,ከምንጭሽም ውኃ ጠጣን፤ አንቺም ከደማችን ምንጭ ጠጣሽ፤ ከመሬትሽ ስባት በላን፤ አንቺም የአጥንቶቻችንን ስባት በላሽ።
7df9d612-e7d2-568f-a5af-30d0e8d3e6c3,9ca6218f-c30d-5333-a472-8919834d24f5,b8f62f13-b098-56a6-a4e5-253374a1fe22,9,9,ምግባችን ልትሆኝ እግዚአብሔር እንዳዘዘሽ ያማረ ጠል ከአለው ከመሬትሽ እህልን በላን፤ አንቺም የሥጋችንን ደም ግባት ተቀበልሽ፤ እግዚአብሔርም እንዳዘዘሽ ለምግብሽ ትቢያን አደረግሽው።
e1981c0e-bbf7-5a13-a969-8fe4b7e589cb,9ca6218f-c30d-5333-a472-8919834d24f5,b8f62f13-b098-56a6-a4e5-253374a1fe22,10,10,ብዙዎች ኀያላን ነገሥታትንና መኳንንትን የሰበሰብህ፥ የፈጠራቸው እግዚአብሔርም እንዳዘዘህ ከገናናነታቸውና ከግርማቸው የተነሣ ያልፈራህ፥ ጦም አዳሪውንም ያልናቅህ ሞት ሆይ! ከአንተ የተነሣ ወዮ!
19a8bc7e-9369-5863-a780-8b4ab7d4d987,9ca6218f-c30d-5333-a472-8919834d24f5,b8f62f13-b098-56a6-a4e5-253374a1fe22,11,11,መልካቸውም ለአማረ ሰዎች አልራራህም፤ ኀይለኞችንና አርበኞችንም አልተውህም፤ ባለጸጎችንና ድሆችን፥ መልከ ክፉዎችንና መልከ መልካሞችን፥ ሽማግሌዎችንና ልጆችን፥ ሴቶችንና ወንዶችንም አልተውህም።
75394707-897f-5f24-aea7-6296ac4a8dee,9ca6218f-c30d-5333-a472-8919834d24f5,b8f62f13-b098-56a6-a4e5-253374a1fe22,12,12,በጎ የሚያስቡትንና ከትእዛዙ ያልተላለፉትንም አልተውህም፤ በሥራቸውም እንደ እንስሳ የሆኑ ክፉ ነገር የሚያስቡትንም አልተውህም። በመልካቸው ደም ግባት፥ በቃላቸውና በነገራቸው ጣዕም ፍጹማን የሆኑትን አልተውህም።
d7f7a9dc-149b-50d9-a6d8-2b2aff16e650,9ca6218f-c30d-5333-a472-8919834d24f5,b8f62f13-b098-56a6-a4e5-253374a1fe22,13,13,ቃላቸው ቁጡ የሆነና አፋቸውም ርግማንን የተመላ ሰዎችን አልተውህም፤ ነፍሶቻቸውንም በብርሃንና በጨለማ መዛግብትህ ሰበሰብህ።
20b59f22-c16d-5a14-a5e1-244ff7020b62,9ca6218f-c30d-5333-a472-8919834d24f5,b8f62f13-b098-56a6-a4e5-253374a1fe22,14,14,ምድርም መለከት እስከሚነፋበትና ሙታን እስከሚነሡበት ጊዜ ድረስ በዋሻም ቢሆን፥ በመሬትም ቢሆን ሥጋቸውን ሰበሰበች።
f01bcedc-1274-59b2-a8a4-6b08eed0fe0d,9ca6218f-c30d-5333-a472-8919834d24f5,b8f62f13-b098-56a6-a4e5-253374a1fe22,15,15,ክፉ አድራጊዎች እንደ ሠሩት ሥራቸው ዋጋቸውን ይቀበላሉ፤ በመለከት ድምፅና በእግዚአብሔር ትእዛዝ ሙታን እንደ ዐይን ጥቅሻ ይነሣሉና፥ በጎ ሥራ የሠሩም ደስ ይላቸዋል።
912ddb44-aca3-5e87-a49e-f521aab539c1,976454bc-eac9-5737-abba-9da6756f49c0,d1b97f25-188d-5995-ab33-7a9213e6ebd3,1,1,በፍርሀትና በመንቀጥቀጥ በፊቱ በቆምን ጊዜ በምድር የሠራነው ሥራችን ሁሉ እንደማይቀርና እንደማይሰወር እመኑኝ።
484e7e92-a87a-5a87-a855-f34c3319dc8d,976454bc-eac9-5737-abba-9da6756f49c0,d1b97f25-188d-5995-ab33-7a9213e6ebd3,2,2,ለመንገዳችንም ስንቅ ባልያዝን ጊዜ፥ ለሰውነታችንም ልብስ በሌለን ጊዜ፥
4db35cd8-81cf-554e-a29a-ad25d2c81b72,976454bc-eac9-5737-abba-9da6756f49c0,d1b97f25-188d-5995-ab33-7a9213e6ebd3,3,3,ለእጃችንም ምርጕዝ፥ ለእግራችንም ጫማ በሌለን ጊዜ፥
27b64093-19b6-58ac-af9e-2da39dbc28a1,976454bc-eac9-5737-abba-9da6756f49c0,d1b97f25-188d-5995-ab33-7a9213e6ebd3,4,4,ድጥም ቢሆን፥ ጐጣጕጥም ቢሆን፥ ጨለማም ቢሆን፥ እሾህም፥ አሜኬላም ቢሆን፥ የባሕር ጥልቅም ቢሆን፥ የጕድጓድም ጥልቅ ቢሆን እኛን የሚወስዱበትን ጎዳናውን በማናውቅበት ጊዜ።
8e7733a3-cd07-537a-a5e7-24de07de8461,976454bc-eac9-5737-abba-9da6756f49c0,d1b97f25-188d-5995-ab33-7a9213e6ebd3,5,5,የሚወስዱንንም አናውቃቸውም፤ ነገራቸውንም አንሰማም።
a51f6e0e-c54a-5b27-a939-eea7b2bd5c00,976454bc-eac9-5737-abba-9da6756f49c0,d1b97f25-188d-5995-ab33-7a9213e6ebd3,6,6,እነርሱ ጥቋቍሮች ናቸውና፥ ወደ ጨለማም ይመሩናልና፥ ፊታቸውን አናይም።
64db4759-8bbb-5c81-ae06-d0cef01477b7,976454bc-eac9-5737-abba-9da6756f49c0,d1b97f25-188d-5995-ab33-7a9213e6ebd3,7,7,ነቢዩ ዳዊት እንደ ተናገረ፥ “ነፍሴ በላዬ በአለቀች ጊዜ አቤቱ ጌታዬ ጎዳናዬን አንተ ታውቃለህ፥ በዚች በሔድሁባትም ጎዳና ወጥመድ ሰወሩብኝ፤ ወደ ቀኜም ተመልሼ አየሁ፤ የሚያውቀኝም አጣሁ፤ የማመልጥበትም የለኝም።”
7a8efc28-467d-5361-a19c-52d3c583a9bb,976454bc-eac9-5737-abba-9da6756f49c0,d1b97f25-188d-5995-ab33-7a9213e6ebd3,8,8,ይህንም በተናገረ ጊዜ፦ አጋንንት እንደሚዘባበቱበትና ወደማያውቀው ጎዳና እንደሚመሩት ስለሚያውቅ ነው። ወደ ቀኝና ወደ ግራም ቢመለስ የሚያውቀው ሰው አላገኘም።
ba570a36-8944-55af-ab7a-6b4642b2a3d5,976454bc-eac9-5737-abba-9da6756f49c0,d1b97f25-188d-5995-ab33-7a9213e6ebd3,9,9,እርሱንም የሚያውቀው አልነበረም፤ ነገር ግን በጨለማ መላእክት መካከል ነበረ።
182a4d7b-6030-5755-aa46-e7731106eb25,976454bc-eac9-5737-abba-9da6756f49c0,d1b97f25-188d-5995-ab33-7a9213e6ebd3,10,10,የጻድቃንን ነፍሳት ይቀበሉ ዘንድ፥ ወደ ሕይወት ብርሃን ቦታም ይወስዱ ዘንድ ወደ ደጋጉ የሚላኩ ረቂቃን መላእክተ ብርሃን ናቸው።
41e1927e-778c-5f33-a8d7-de9b24a5e01b,976454bc-eac9-5737-abba-9da6756f49c0,d1b97f25-188d-5995-ab33-7a9213e6ebd3,11,11,ይቀበሏቸው ዘንድ፥ በሠሩት ኀጢአታቸውም ፍዳቸውን ሊቀበሉ ወደ ተዘጋጀላቸው ዘለዓለማዊ ቅጣት ይወስዷቸው ዘንድ ወደ ኃጥኣን ነፍሳት የሚላኩ ግን መላእክተ ጽልመትና አጋንንት ናቸው።
f8d82fee-92e7-5ac1-a6cd-74e20b785db1,976454bc-eac9-5737-abba-9da6756f49c0,d1b97f25-188d-5995-ab33-7a9213e6ebd3,12,12,ወደ ጥፋት ለሚወስዷቸው ዕረፍትና ድኅነት ካገኛቸውም መከራ እስከ ዘለዓለም ድረስ ማምለጥና መውጣት ለሌላቸው ለኃጥአን ነፍሳት ወዮላቸው።
f77a18fa-4c92-5470-a4b3-599d063a80b1,976454bc-eac9-5737-abba-9da6756f49c0,d1b97f25-188d-5995-ab33-7a9213e6ebd3,13,13,በቃየን መንገድ ሄደዋልና፥ በበለዓምም በደል ዋጋ ጠፍተዋልና፥ የሚያደርጉትንም አጥተዋልና። ገንዘባቸው ያልሆነውን የባዕድ ገንዘብ በግፍ ይወስዱ ዘንድ መማለጃንና አራጣን ለመቀበል ያመካኛሉና።
aa4aea7d-9c25-5999-a657-2ef447d02b22,976454bc-eac9-5737-abba-9da6756f49c0,d1b97f25-188d-5995-ab33-7a9213e6ebd3,14,14,እነርሱም እንደ ሠሩት ሥራቸው በገሃነም እሳት ፍዳቸውን ይቀበላሉ።
5a2a1aa9-e9ab-510d-a1bf-d6f1c09aec8e,44e9e76c-cc22-577d-a07c-5faab9ee2ec5,939e17eb-5d5b-5958-a4e7-b462c009cf32,1,1,የራሳቸው ገንዘብና የእጃቸው ሥራ ያልሆነውን የሌላውን ገንዘብ በዐመፅ የሚሰበስቡ ሰዎች ወዴት አሉ?
bb645287-d61e-57d5-aa1f-d886fc1bceee,44e9e76c-cc22-577d-a07c-5faab9ee2ec5,939e17eb-5d5b-5958-a4e7-b462c009cf32,2,2,ያለ ዋጋ የሌላውን ገንዘብ ይወስዳሉና፥ የምትደርስባቸው ዕለተ ሞታቸውንም ሳያውቁ ይሰበስባሉና፥ ገንዘባቸውንም ለባዕድ ይተዋሉና።
60850f36-7acb-5235-a7fe-4b46d589192f,44e9e76c-cc22-577d-a07c-5faab9ee2ec5,939e17eb-5d5b-5958-a4e7-b462c009cf32,3,3,ልጆቻቸውም በአባቶቻቸው ገንዘብ ደስ አይላቸውም፤ እንደ አባቶቻቸው እንደ እነርሱ ያሉ ኃጥኣንን በስርቆትም ቢሆን በቅሚያም ቢሆን፥ አስጨንቀው የሚይዙ የኃጥኣን ወገኖች ናቸውና።
da38a645-432b-5a99-a64e-75ee820a5f7d,44e9e76c-cc22-577d-a07c-5faab9ee2ec5,939e17eb-5d5b-5958-a4e7-b462c009cf32,4,4,የአባቶቻቸውም ገንዘብ አይጠቅማቸውም፤ በንጥቂያና በግፍ ሰብስበውላቸዋልና፤ እንደ ጉም ሽንትና ነፋስ እንደሚበትነው ጢስም፥ እንደሚረግፍ ሣርም፥ በእሳትም ፊት እንደሚቀልጥ ሰም እንዲሁ የኃጥኣን ክብራቸው ይጠፋል።
f73dbfbb-faae-5a5b-a918-535ad44e0be4,44e9e76c-cc22-577d-a07c-5faab9ee2ec5,939e17eb-5d5b-5958-a4e7-b462c009cf32,5,5,ዳዊትም እንደ ተናገረ፥ “ኀጢአተኛን እንደ ሊባኖስ ዛፍ ለምልሞና ከፍ ከፍ ብሎ አየሁት፤ በተመለስሁ ጊዜ ግን አጣሁት፤ ፈለግሁ፤ ቦታውንም አላገኘሁም።”
00bde6be-44d8-5a52-a66b-6e25220f5e85,44e9e76c-cc22-577d-a07c-5faab9ee2ec5,939e17eb-5d5b-5958-a4e7-b462c009cf32,6,6,የማይሞቱ መስሏቸው የሌላውን ገንዘብ በግፍ ስለሚሰበስቡ ዛሬ ባልንጀሮቻቸውን የሚበድሉ ሰዎች እንዳይመኩ የኃጥኣን ጥፋታቸው እንደዚህ በአንድ ጊዜ ነው።
849cce58-f4f1-5f92-a931-9df54d8e8178,44e9e76c-cc22-577d-a07c-5faab9ee2ec5,939e17eb-5d5b-5958-a4e7-b462c009cf32,7,7,እናንተ ሰነፎች፥ እንደምታልፉ፥ ገንዘባችሁም ከእናንተ ጋር እንደሚያልፍ አስቡ፤ ወርቃችሁና ብራችሁ ቢበዛ የዛገ ይሆናል።
a82cd379-d192-5ef2-a7a0-1dcaef39804a,44e9e76c-cc22-577d-a07c-5faab9ee2ec5,939e17eb-5d5b-5958-a4e7-b462c009cf32,8,8,ልጆችን ብታበዙም የመቃብር ብዛት ይሆናል፤ ቤቶችንም ብታበዙ የፈረሰ ይሆናል።
4a60d689-8306-530c-a257-e7fa2fb7759d,44e9e76c-cc22-577d-a07c-5faab9ee2ec5,939e17eb-5d5b-5958-a4e7-b462c009cf32,9,9,የአምላካችሁ የእግዚአብሔርን ፈቃድ አልፈጸማችሁምና ከብት ብታበዙም ለጠላቶቻችሁ ምርኮ ይሆናል፤ ያልተባረከ ሆኗልና፥ እጃችሁን ያኖራችሁበት ገንዘብ ሁሉ አይገኝም።
7a162d8e-c861-5237-a116-af041d1af40b,44e9e76c-cc22-577d-a07c-5faab9ee2ec5,939e17eb-5d5b-5958-a4e7-b462c009cf32,10,10,በቤትም ያለ ቢሆን፥ በዱርም ያለ ቢሆን፥ በመሰማሪያና በእርሻም ያለ ቢሆን፥ በእህል አውድማና በወይን መጭመቂያም ያለ ቢሆን አይገኝም።
557a5f3b-e522-5e6c-a7a5-7357e224f50c,44e9e76c-cc22-577d-a07c-5faab9ee2ec5,939e17eb-5d5b-5958-a4e7-b462c009cf32,11,11,በሆዳችሁም ፍሬ ቢሆን ደስ አይላችሁም፤ ነገር ግን ከጠላቶቻችሁ የተነሣ ኀዘን ይሆንባችኋል። የእግዚአብሔርን ትእዛዝ ስላልጠበቃችሁ፥ እግዚአብሔር ከቤተ ሰባችሁ ሁሉ ጋር አያድናችሁምና።
1ab18a67-34a9-5ebe-a5a5-122844fea13d,44e9e76c-cc22-577d-a07c-5faab9ee2ec5,939e17eb-5d5b-5958-a4e7-b462c009cf32,12,12,ሕጉንና ሥርዐቱን፥ ትእዛዙንም የጠበቁ ሰዎችን ግን ከበረከቱ አያሳጣቸውም፤ የለመኑትንም ሁሉ ይሰጣቸዋል፤ የምድራቸውን ፍሬና የሆዳቸውን ፍሬም ይባርክላቸዋል።
76c9f3e4-a499-5f89-adb5-8f42fadab0eb,44e9e76c-cc22-577d-a07c-5faab9ee2ec5,939e17eb-5d5b-5958-a4e7-b462c009cf32,13,13,እንዲገዙ እንጂ እንዳይገዙ፥ በዙሪያቸው ከአሉ አሕዛብም ሁሉ በላይ ያደርጋቸዋል፤ በመሰምሪያቸውም ቦታ በረከቱን ሁሉ ይሰጣቸዋል።
bb4c3e34-ce3c-55ab-a089-ca24801e149f,44e9e76c-cc22-577d-a07c-5faab9ee2ec5,939e17eb-5d5b-5958-a4e7-b462c009cf32,14,14,እጃቸውን ያኖሩበትን ሁሉ፥ የእርሻቸውን ፍሬ ሁሉና የከብቶቻቸውን ቦታ ሁሉ ይባርክላቸዋል፤ በሆዳቸውም ፍሬ ደስ ያሰኛቸዋል።
f81568ec-f324-53ee-a5f7-f305c64d4290,44e9e76c-cc22-577d-a07c-5faab9ee2ec5,939e17eb-5d5b-5958-a4e7-b462c009cf32,15,15,ከብቶቻቸውንም አያሳንስባቸውም፤ ከመከራቸውም ሁሉ ከበሽታና ከድካምም፥ ከጥፋትም፥ ከሚያውቁትና ከማያውቁትም ያድናቸዋል።
2621ec49-343a-5025-a0a9-c79bacfeeeff,44e9e76c-cc22-577d-a07c-5faab9ee2ec5,939e17eb-5d5b-5958-a4e7-b462c009cf32,16,16,በፍርድም ጊዜ ይከራከርላቸዋል፤ ከክፉ ነገርና ከመከራም፥ ከሚቃወማቸውም ሁሉ ያድናቸዋል፤ በመጀመሪያ የድንኳኑን ሥራ በአደራ የተቀበለ ሌዋዊ የድንኳኑን ሥራ ቢጠብቅ፥ በእግዚአብሔርም ፈቃድ ቢሄድ፥ በመጀመሪያው ሕግ እንደ ሕጉ ሁሉ ዐሥራቱንና ከሰው ጀምሮ እስከ ከብት ድረስ በኵራቱን ይሰጡት ነበር።
10875f99-f156-5beb-a7d7-2d8af662459e,44e9e76c-cc22-577d-a07c-5faab9ee2ec5,939e17eb-5d5b-5958-a4e7-b462c009cf32,17,17,ሙሴም የነዌ ልጅ ኢያሱን እንዳዘዘው በሚፈርዱበትና ለሚፈርዱለት ፍርድን እስኪሰጡ ድረስ ባለማወቅ ወይም በማወቅ ነፍስ የገደለ ሰው ቢኖር በዚያ ይድን ዘንድ በከተሞቻቸው ሁሉ መማጸኛ ከተማ ነበር።
8bc61ba1-e5f4-59fe-a6e9-733df78d8253,44e9e76c-cc22-577d-a07c-5faab9ee2ec5,939e17eb-5d5b-5958-a4e7-b462c009cf32,18,18,“ቀድሞ ከእርሱ ጋር ጠብ እንዳለው በልቡናችሁ መርምሩ አላቸው፤
d200ad96-0761-5064-ab51-b5d92288ef9b,44e9e76c-cc22-577d-a07c-5faab9ee2ec5,939e17eb-5d5b-5958-a4e7-b462c009cf32,19,19,ምሳርም ቢሆን፥ ድንጋይም ቢሆን፥ እንጨትም ቢሆን፥ ባለማወቅ ከእጄ ስለ ወደቀ ያ የወደቀበት ሰው ሞተብኝ ቢል፥ መርምራችሁ አድኑት፤ ባለማወቅ አድርጎታልና ይድናል።
2c4a3574-4dba-567f-a0b1-ce2f53f37b27,44e9e76c-cc22-577d-a07c-5faab9ee2ec5,939e17eb-5d5b-5958-a4e7-b462c009cf32,20,20,በማወቅ ቢያደርገው ግን እንደ በደሉ ፍዳውን ይቀበላል፤ የሚምረውም የለም፤ ባለማወቅ ቢያደርግና ቢገድለው ግን ባለማወቅ አድርጎታልና እንዳይሞት መርምራችሁ አድኑት።”
59be1654-48f0-5316-a87c-507294c127f4,44e9e76c-cc22-577d-a07c-5faab9ee2ec5,939e17eb-5d5b-5958-a4e7-b462c009cf32,21,21,ሙሴም የእግዚአብሔርን ትእዛዝ እንዳይተላለፉ ለእስራኤል ልጆች እንደዚህ ሥርዐት ሠርቶላቸው ነበር፤ ከክፋትም ሁሉ እንዲርቁ ሥርዐት ሠርቶላቸው ነበር።
b67f7d96-0436-5dac-a493-c732b708bf39,44e9e76c-cc22-577d-a07c-5faab9ee2ec5,939e17eb-5d5b-5958-a4e7-b462c009cf32,22,22,በፍርዱና በሕጉ ይኖሩ ዘንድ፥ ጣዖት ከማማለክ፥ ሙቶ ያደረውንና አባላ የተመታውን ከመብላትም፥ በእግዚአብሔር ትእዛዝ ለሚኖሩና እንደ ሠራላቸው ከክፉ ሥራ ሁሉ ለሚርቁ ለሰው ልጆች ከማይገባው ሁሉ ፈጽመው ይርቁ ዘንድ አዘዛቸው።
05134f92-102e-51f1-a8f1-7860c3c7a2f0,44e9e76c-cc22-577d-a07c-5faab9ee2ec5,939e17eb-5d5b-5958-a4e7-b462c009cf32,23,23,ነፍሳቸውንም ያድኑ ዘንድ፥ በጎ ከሠሩ ከአባቶቻቸው ጋራ ማደሪያቸውን ያገኙ ዘንድ በሰማይ ባለች ድንኳን አምሳል ከሠራላቸው ትእዛዝ እንዳይወጡ አዘዛቸው።
7a618e99-876f-5888-a221-ac5678d57057,44e9e76c-cc22-577d-a07c-5faab9ee2ec5,939e17eb-5d5b-5958-a4e7-b462c009cf32,24,24,በእግዚአብሔር ቃል ያመኑና በትእዛዙ የሄዱም እነርሱ የጻድቃን ልጆች ይባላሉ። የእግዚአብሔርን ፈቃድ ከአደረጉ ከአዳምና ከሴት ናቸውና።
60abe8c4-b44e-5ba4-add2-994b4e7c466f,44e9e76c-cc22-577d-a07c-5faab9ee2ec5,939e17eb-5d5b-5958-a4e7-b462c009cf32,25,25,የአዳም ልጆች ነንና፥ በጎ ሥራንና እግዚአብሔርን ደስ የሚያሰኘውንም ሁሉ እንሠራ ዘንድ በመልኩና በምሳሌው ፈጥሮናልና አይንቀንም።
d45dccb6-ccac-588a-a5fc-3fde090781ed,44e9e76c-cc22-577d-a07c-5faab9ee2ec5,939e17eb-5d5b-5958-a4e7-b462c009cf32,26,26,በጎ ሥራን ብንሠራም በጎ ሥራን ከሠሩ ጋራ መንግሥተ ሰማያትን እንወርሳታለን፤ የሚወዱትን አይለያይምና።
3b1641aa-37ed-52a9-aaa8-54373e5c3151,44e9e76c-cc22-577d-a07c-5faab9ee2ec5,939e17eb-5d5b-5958-a4e7-b462c009cf32,27,27,በንጹሕ የሚለምኑትን ሰዎች እጅግ ይወዳቸዋል፤ ጸሎታቸውንም ይሰማቸዋል፤ ቈርጠው ንስሓ የሚገቡትንም ንስሓቸውን ይቀበላቸዋል፤ ሕጉንና ሥርዐቱን፥ ትእዛዙንም ለሚጠብቁ ሰዎች ኀይልንና ጽናትን ይሰጣቸዋል።
53a76875-c438-53b2-a736-4daeffd054fe,44e9e76c-cc22-577d-a07c-5faab9ee2ec5,939e17eb-5d5b-5958-a4e7-b462c009cf32,28,28,ፈቃዱንም ያደረጉ ሰዎች ለዘለዓለሙ በመንግሥቱ ከእርሱ ጋር ደስ ይላቸዋል፥ ፊተኞችም ቢሆኑ፥ ኋለኞችም ቢሆኑ ምስጋናን ያቀርቡለታል። ከዛሬ ጀምሮ እስከ ዘለዓለም አሜን።
ace5bd41-61d1-5ba6-a55f-81b0857bd2cb,adfe38f1-61d8-51d9-a41e-8f6d19f2eaa0,bfedfa4a-83f0-528f-a9b5-ce699b0490da,1,1,ግፈኛና አሳች፥ የፈጣሪውንም መንገድ የሚፃረር ዲያብሎስን ስለሚበቀለው በኋላ ዘመን ስለሚመጣው ቸርና የዋህ የግብጽ ደሴቶች ደስ ይላቸዋል።
ac49efff-e955-5dd5-acdf-a0ed8676f959,adfe38f1-61d8-51d9-a41e-8f6d19f2eaa0,bfedfa4a-83f0-528f-a9b5-ce699b0490da,2,2,እርሱም ይበቀለዋል፤ በልቡናውም ታብዮአልና ክብሩን ወደ መሬትና ወደ መዋረድ ይመልሳል።
a0f0f4ca-c75c-5f93-af60-4d4b3066e878,adfe38f1-61d8-51d9-a41e-8f6d19f2eaa0,bfedfa4a-83f0-528f-a9b5-ce699b0490da,3,3,እርሱም እንዲህ አለ፥ “ከእኔ በላይ ማን ነው? ወደ ባሕሩ ጥልቅ እገባለሁና፥ ወደ ሰማይም እወጣለሁና፥ ጥልቆችንም አያለሁና፥ የአዳምንም ልጆች እንደ ወፍ ጫጩት ጨብጬ እይዛቸዋለሁና።
6f263d37-f960-569f-ac77-507b783b89d8,adfe38f1-61d8-51d9-a41e-8f6d19f2eaa0,bfedfa4a-83f0-528f-a9b5-ce699b0490da,4,4,ከቀናች ሕገ እግዚአብሔር አርቃቸው ዘንድ በእነርሱ ላይ ምክንያት ስለምፈጥር የእግዚአብሔርን ፈቃድ ባላደረጉ፥ በምድር ላይ በሚኖሩ ሰዎች እኔ እበረታታባቸዋለሁና ከእጄ የሚያስጥለኝ የለም።
95e84a0b-09af-570b-a23a-5f9d681df84f,adfe38f1-61d8-51d9-a41e-8f6d19f2eaa0,bfedfa4a-83f0-528f-a9b5-ce699b0490da,5,5,ከእኔ ጋራም ወደ ጥፋት እንዲሄዱ ጐጣጕጥ ወደ ሆነ ጎዳና እመልሳቸዋለሁ።
9c4d9c44-1fc6-5791-adcc-998cc207fcb7,adfe38f1-61d8-51d9-a41e-8f6d19f2eaa0,bfedfa4a-83f0-528f-a9b5-ce699b0490da,6,6,“ስለዚህም እርሱን የወደዱት፥ ሕጉንም የጠበቁ ሰዎች እኔን ይጠላሉ፤ ከጌታቸው ተለይተው የሳቱ ሰዎች ግን ወደ እኔ ይመጣሉ፤ እኔንም ይወድዳሉ፤ ቃል ኪዳኔንም ይጠብቃሉ፤ ወደ ፈጣሪያቸው ወደ እግዚአብሔርም እንዳይመለሱ ልባቸውን አከፋለሁና፥ አሳባቸውንም አጠማለሁና እኔ እንዳዘዝኋቸው ትእዛዜን ያደርጋሉ።
b93b4e7a-2302-526f-a732-1e47350849bc,adfe38f1-61d8-51d9-a41e-8f6d19f2eaa0,bfedfa4a-83f0-528f-a9b5-ce699b0490da,7,7,የዚህን ዓለም ገንዘብ ባሳየኋቸውም ጊዜ ከቀናች መንገድ ልቡናቸውን አስታለሁ፤ መልከ መልካም ሴቶችንና ቆነጃጅትንም ባሳየኋቸው ጊዜ በእነዚህ ከቀናች መንገድ አርቃቸዋለሁ።
82cc2196-d86d-5c88-a1ff-713d6e1baad1,adfe38f1-61d8-51d9-a41e-8f6d19f2eaa0,bfedfa4a-83f0-528f-a9b5-ce699b0490da,8,8,የሚያንፀባርቁ የሕንደኬ ዕንቆችን፥ ወርቅንና ብርን ባሳየኋቸው ጊዜ ወደ እኔ ሥራ ይመለሱ ዘንድ በዚህም ከቀናችው መንገድ አርቃቸዋለሁ።
efe252f4-fe3d-56d9-a1dd-8d1c814f521e,adfe38f1-61d8-51d9-a41e-8f6d19f2eaa0,bfedfa4a-83f0-528f-a9b5-ce699b0490da,9,9,ቀጭን ልብስን፥ ነጭ ሐርንና ቀይ ሐርን፥ ግምጃንና የተልባ እግርን ባሳየኋቸው ጊዜ በዚህም ከቀናች መንገድ አርቃቸዋለሁ፤ ወደ እኔም አሳብ እመልሳቸዋለሁ፤ ገንዘብን፥ ከብቶችንም እንደ አሸዋ አብዝች ባሳየሁአቸው ጊዜ በዚህም ወደኔ ሥራ እመልሳቸዋለሁ።
756a09b8-e74f-532d-a21e-349dde9f7924,adfe38f1-61d8-51d9-a41e-8f6d19f2eaa0,bfedfa4a-83f0-528f-a9b5-ce699b0490da,10,10,ስለ ሴቶች፥ ስለ ቍጣና ስለ ጠብ፥ የትዕቢት ቅናትን ባሳየኋቸው ጊዜ በዚህ ሁሉ ወደ እኔ መንገድ እመልሳቸዋለሁ።
7d6eda73-1192-5482-a851-caa3ba7aa29f,adfe38f1-61d8-51d9-a41e-8f6d19f2eaa0,bfedfa4a-83f0-528f-a9b5-ce699b0490da,11,11,ምልክቶችንም ባሳየኋቸው ጊዜ በባልንጀሮቻቸው ልቡና አድራለሁ፤ በልቡናቸውም እየራሱ የሆነ የምልክት ነገርን አሳድራለሁ፤ የቃላቸውንም ምልክት አሳይች አስታቸዋለሁ።
096285b7-8fa6-51a6-a531-e88b299cbc23,adfe38f1-61d8-51d9-a41e-8f6d19f2eaa0,bfedfa4a-83f0-528f-a9b5-ce699b0490da,12,12,ማደሪያዬም ላደረግኋቸው ሰዎች ምልክትን አሳያቸዋለሁ፤ በከዋክብት አካሄድም ቢሆን፥ ወይም በደመና መውጣት፥ ወይም በእሳት ማናፋት፥ ወይም በአውሬዎችና በወፎች ጩኸት እነርሱ ማደሪያዎች ናቸውና በዚህ ሁሉ በልቡናቸው ምልክቶችን አሳድርባቸዋለሁ።
e883f76d-c1c1-5f92-aee1-6937768cabea,adfe38f1-61d8-51d9-a41e-8f6d19f2eaa0,bfedfa4a-83f0-528f-a9b5-ce699b0490da,13,13,እነርሱ ተናግረው ለባልንጀሮቻቸው ምልክት ይሰጧቸዋል፤ እኔም ቀድሜ እነዚያ ሟርተኞቻቸው እንደ ነገሯቸው ምልክት እሆናቸዋለሁ።
c00fa7d4-0ede-5a01-aa5d-412136514e6d,adfe38f1-61d8-51d9-a41e-8f6d19f2eaa0,bfedfa4a-83f0-528f-a9b5-ce699b0490da,14,14,“የመረመሯቸው ሰዎች ይስቱ ዘንድ፥ ዋጋንም ይሰጧቸው ዘንድ፥ እንደ ተናገሩት የሚደረግላቸው ትንቢትንም የሚያውቁ፥ ክፉና በጎንም የሚለዩ፥ ሁሉም እንደ ተናገሩ የሚሆንላቸው፥ እንደ ቃላቸውም የሚደረግላቸው እንደ እገሊትና እንደ እገሌ ዐዋቆች የሉም ብለው ለባልንጀሮቻቸው ይነግሯቸው ዘንድ የቃላቸውን ምልክት አደርግላቸዋለሁ።
23d87d30-1912-5ef3-a398-2835f5031817,adfe38f1-61d8-51d9-a41e-8f6d19f2eaa0,bfedfa4a-83f0-528f-a9b5-ce699b0490da,15,15,የሚጠፉ፥ በእኔም የሚስቱ ሰዎች ፈጽመው ይበዙ ዘንድ፥ የአዳምም ልጆች ከእኔ ጋር ይጠፉ ዘንድ ይህን በተናገሩ ጊዜ እኔ ደስ ይለኛል፤ ለበታች አልሰግድም በማለቴ እግዚአብሔር ስለ አባታቸው ስለ አዳም ከክብሬ አዋርዶኛልና።
7f4cf880-733f-5664-a96f-55dd997e16ef,adfe38f1-61d8-51d9-a41e-8f6d19f2eaa0,bfedfa4a-83f0-528f-a9b5-ce699b0490da,16,16,“እኔም በትእዛዜ የሚሄዱ ልጆቹን ሁሉ ወደ ጥፋት እወስዳቸዋለሁ” ያሳትኋቸው ሰዎች ከእኔ ጋራ በእሳት ውስጥ ይጨመሩ ዘንድ ከፈጠረኝ ከእግዚአብሔር ቃል ኪዳን አለኝ።
ace6220f-8040-5393-abf0-8cc93019ee0c,adfe38f1-61d8-51d9-a41e-8f6d19f2eaa0,bfedfa4a-83f0-528f-a9b5-ce699b0490da,17,17,እኔም ቍጣውን በእኔ ላይ ባበዛ ጊዜ፥ አስረውም ወደ ገሃነምና ወደ ሲኦል ጥልቅ ይጥሉኝ ዘንድ ባዘዘ ጊዜ፥ ጌታዬን ማለድሁ፤ ፈጣሪዬም እንዲህ በአዘዘ ጊዜ ተቈጥተኸኛልና በመቅሠፍትህም ገሥጸኸኛልና፥ በመዓትህም ቀሥፈኸኛልና አቤቱ ጌታዬ በፊትህ አንዲት ነገር እናገር ዘንድ ፍቀድልኝ ብዬ በፊቱ ማለድሁ።
09e008cd-d8fb-56ba-af2f-10273df9ec2d,adfe38f1-61d8-51d9-a41e-8f6d19f2eaa0,bfedfa4a-83f0-528f-a9b5-ce699b0490da,18,18,ጌታዬም፦ ተናገር እሰማሃለሁ ብሎ መለሰለኝ፥ ያንጊዜም ወደ እርሱ እንዲህ እያልሁ እለምን ጀመርሁ። ከክብሬ ከተዋረድሁ በኋላ ያሳትኋቸው ሰዎች እኔ መከራ በምቀበልበት ከእኔ ጋር ይሁኑ።
a347113b-e63a-55ea-af8b-469812eb60e4,adfe38f1-61d8-51d9-a41e-8f6d19f2eaa0,bfedfa4a-83f0-528f-a9b5-ce699b0490da,19,19,ነገር ግን እንቢ ያሉኝ፥ በእኔም ያልሳቱ፥ ትእዛዝህን ያደርጉ ዘንድ፥ ፈቃድህንም ይፈጽሙ ዘንድ፥ ቃልህንም ይጠብቁ ዘንድ፥ ትእዛዜን ያልጠበቁ፥ እኔም እንዳስተማርኋቸው እንቢ ባሉ ጊዜ፥ እኔም እንዳሳትኋቸው በእኔ ባልሳቱ ጊዜ እነርሱ ለመንግሥትህ ይሁኑ፤ ትወድደኝም በነበረ ጊዜ ለእኔ የሰጠኸኝን ዘውድ ይውሰዱ።
4894bc98-b614-507d-ab73-dfcc3edb0ff4,adfe38f1-61d8-51d9-a41e-8f6d19f2eaa0,bfedfa4a-83f0-528f-a9b5-ce699b0490da,20,20,ከእኔ ጋር ላልተሰደዱና ሰይጣናት ላልተባሉ ሥልጣናትም የእኔን ዘውድ ስጣቸው፤ ከእኔና ከሠራዊቶችም ባዶ በሆነች መንበሬ በቀኝህ አስቀምጣቸው።
c6b17ba2-765a-51da-a938-fad1b7a4a35d,adfe38f1-61d8-51d9-a41e-8f6d19f2eaa0,bfedfa4a-83f0-528f-a9b5-ce699b0490da,21,21,እንደ ወደድህም ያመስግኑህ፤ እንደ እኔና እንደ ሠራዊቶች ይሁኑ፤ እኔን ጠልተህ ከአመድና ከመሬት የተፈጠሩትን ስለ ወደድሃቸው፥ የእኔ ሥልጣን ተሽሮአልና፥ የእነርሱም ሥልጣን ከፍ ከፍ ብሏልና እንደ ወደድህ ያመስግኑህ።”
668fd180-c4a5-55c2-abb4-744bf0042331,adfe38f1-61d8-51d9-a41e-8f6d19f2eaa0,bfedfa4a-83f0-528f-a9b5-ce699b0490da,22,22,ጌታዬም መልሶ እንዲህ አለኝ፥ “እያዩና እየሰሙ ሥራዬን ሳይወዱ አንተ አስተሃቸዋልና እንደ ፈቃድህና እንደ ቃልህ ይሁኑህ።
df1e56c5-f4ec-5680-a737-f73190687759,adfe38f1-61d8-51d9-a41e-8f6d19f2eaa0,bfedfa4a-83f0-528f-a9b5-ce699b0490da,23,23,ትእዛዜንና የመጻፎችን ቃል ትተው ወደ አንተ ከመጡ ጥፋታቸው አያሳዝነኝም፤ አንተም ከአሳትሃቸው ከአንተ ጋር በገሃነም ይቀጡ።
e259d65b-032b-550c-aec7-90d8665b9099,adfe38f1-61d8-51d9-a41e-8f6d19f2eaa0,bfedfa4a-83f0-528f-a9b5-ce699b0490da,24,24,እስከ ዘለዓለሙ ድረስ ለአንተና በአንተ ለሳቱ ከገሃነም ቅጣት መውጫ የላችሁም። ነገር ግን ለዘለዓለም በእሳት ውስጥ ትሠቃያላችሁ።
d4819cf3-23da-58d7-a08c-8f2bf698b4d4,6f618cf9-dc53-533d-abe1-66ca717633dc,12f21ab6-9f15-557d-ab54-f5eef64764d7,1,1,“አንተ ግን እንደ ባርያዬ እንደ ኢዮብ ማሳት የተሳነህን እኔ በክብር የአንተን ዙፋን አወርሳቸዋለሁ፤ አንተ ማሳት ለተሳነህ ሰዎች መንግሥተ ሰማያትን እሰጣቸዋለሁ ይላል ሁሉን የሚችል እግዚአብሔር።”
e7446ed0-50e7-567d-ad6e-0039415378af,6f618cf9-dc53-533d-abe1-66ca717633dc,12f21ab6-9f15-557d-ab54-f5eef64764d7,2,2,እኔም የአዳምን ልጆች በሁሉ እተነኰልባቸዋለሁ፤ እነርሱን ማሳት ከተቻለኝ በበጎ ሥራ ይጸኑ ዘንድ አልተዋቸውም፤ የአዳምን ልጆች ሁሉ እተነኰልባቸዋለሁና፥ የዓለምን ምኞትም አጣፍጥላቸዋለሁና።
2905480f-3427-516a-a221-598295024c8c,6f618cf9-dc53-533d-abe1-66ca717633dc,12f21ab6-9f15-557d-ab54-f5eef64764d7,3,3,መብልን በመውደድ፥ መጠጥንም በመውደድ፥ ልብስን በመውደድም ቢሆን፥ ነገርንም በመውደድ፥ በመስጠትም በመንሣትም ቢሆን፥
1fb06258-1962-519b-a761-b8b262df9628,6f618cf9-dc53-533d-abe1-66ca717633dc,12f21ab6-9f15-557d-ab54-f5eef64764d7,4,4,መስማትንና ማየትንም በመውደድ ቢሆን፥ መዳሰስንና መሄድንም በመውደድ ቢሆን፥ ትዕቢትንና ነገርንም በማብዛት ቢሆን፥ እንቅልፍንና ሕልምንም በመውደድ ቢሆን፥
c9296418-cd12-5694-a533-8857b8d3c3ec,6f618cf9-dc53-533d-abe1-66ca717633dc,12f21ab6-9f15-557d-ab54-f5eef64764d7,5,5,መጠጥንና ስካርን በማብዛት ቢሆን፥ ስድብንና ቍጣንም በማብዛት ቢሆን፥ ቡዋልትንና ቀልድን በመናገርም ቢሆን፥
0991183f-c9cf-5bd4-a400-2e9e7deb67cb,6f618cf9-dc53-533d-abe1-66ca717633dc,12f21ab6-9f15-557d-ab54-f5eef64764d7,6,6,ባልንጀራቸውንም በማማት በጠብ ቢሆን፥ መልከ መልካሞች የሆኑ የዚህን ዓለም ሴቶችን በማየትም ቢሆን፥ የሚያስትዋቸውን የሽቱዎችን መዓዛ በማሽተትም ቢሆን፥
6072a95e-e0e6-55a4-a3da-0372dfe12ba0,6f618cf9-dc53-533d-abe1-66ca717633dc,12f21ab6-9f15-557d-ab54-f5eef64764d7,7,7,መዳንን እንዳይችሉ በዚህ ሁሉ እኔ እጣላቸዋለሁ፤ በእነርሱም ምክንያት ከመንበሬ ወደ ተዋረድሁበት ጥፋት ከእኔ ጋራ ይገቡ ዘንድ ከእግዚአብሔር መንገድ አርቃቸዋለሁ።
cbc26274-2349-57eb-a295-8a9d46570ddd,6f618cf9-dc53-533d-abe1-66ca717633dc,12f21ab6-9f15-557d-ab54-f5eef64764d7,8,8,ነቢዩም እንዲህ አለ፥ “አንተ ጥፉና አጥፊ! በትዕቢትህና በልብህ ደንዳናነት፥ ፈጣሪህን በማሳዘንና ፈጣሪህንም ባላማመስገን አንተ ከእግዚአብሔር ትእዛዝ ወጥተህ በካድህ ጊዜ በእግዚአብሔር ፍጥረት ላይ እንዲህ ትታበያለህን?
f7d744dd-9929-55ac-a8ee-1429fbeba918,6f618cf9-dc53-533d-abe1-66ca717633dc,12f21ab6-9f15-557d-ab54-f5eef64764d7,9,9,ፈጣሪህ በተቈጣህ ጊዜ ስለ ክፉ ሥራህ ጣለህ፤ ፈጣሪው ከመሬትና ከትቢያ የፈጠረውን፥ እንደ ወደደም የሠራውንና ለምስጋናው ያኖረውን ምስኪን ለምን ትወስደዋለህ?
d6ea2f11-fa6f-55bf-a627-fa9f9ec8e795,6f618cf9-dc53-533d-abe1-66ca717633dc,12f21ab6-9f15-557d-ab54-f5eef64764d7,10,10,“ረቂቅ የምትሆን አንተ ከእሳት ነበልባልና ከነፋስ የፈጠረህን ፈጣሪ ነኝ በማለት በታበይህ ጊዜ፥
7c01c221-7f09-5aee-a7be-48970e084fae,6f618cf9-dc53-533d-abe1-66ca717633dc,12f21ab6-9f15-557d-ab54-f5eef64764d7,11,11,አንተም በተመካህ ጊዜ እግዚአብሔር ክፉ ሥራህን ተመለከተ፤ ሳያጓድል ስሙን ያመሰግን ዘንድ፥ በአንተ ፋንታ የሚያመሰግን አዳምን ፈጠረው፤ አንተ ከሠራዊቶችህ ጋራ እግዚአብሔርን ክደሃልና።
d0dcc5c0-c75e-5930-a564-8f881bf3e349,6f618cf9-dc53-533d-abe1-66ca717633dc,12f21ab6-9f15-557d-ab54-f5eef64764d7,12,12,አዳምና ልጆቹም እግዚአብሔር ስለ ትዕቢትህ በናቃችሁ በአንተና በሠራዊትህ ምስጋና ፋንታ የእግዚአብሔርን ስም ያመሰግኑ ዘንድ ተፈጠሩ፤ ከሊቃነ መላእክት ሁሉ ይልቅ ራስህን አኵርተሃልና።
d9d4973e-88f5-583f-ad28-8602457985e5,6f618cf9-dc53-533d-abe1-66ca717633dc,12f21ab6-9f15-557d-ab54-f5eef64764d7,13,13,ስለዚህም እግዚአብሔር እንደ አንተ ከአሉ ከመላእክት አለቆች ሁሉ ለይቶ አዋረደህ፤ በአንድ ምክር የተፈጠራችሁ አንተና ሠራዊትህም ስለማይጠቅም ስለ ልቡናችሁ መደንደንና ስለ ሕሊናችሁ ትዕቢት ከእግዚአብሔር ምስጋና ወጥታችሁ ሳታችሁ፤ በሌላም ሳይሆን በፈጣሪያችሁ ላይ ታበያችሁ።
d869b106-86d3-528c-a731-371ed5c3b51c,6f618cf9-dc53-533d-abe1-66ca717633dc,12f21ab6-9f15-557d-ab54-f5eef64764d7,14,14,ስለዚህም በትሑታን ይመሰገን ዘንድ አዳምን ከምድር አፈር ፈጠረው፤ ከበለስም ፍሬ እንዳይበላ ትእዛዝንና ሕግን ሰጠው።
be940979-556c-556a-a119-79597fc523d3,6f618cf9-dc53-533d-abe1-66ca717633dc,12f21ab6-9f15-557d-ab54-f5eef64764d7,15,15,በፈጠረውም ሁሉ ላይ ሾመው፤ እንዲህም ብሎ አስታወቀው፤ “በገነት ውስጥ ከአለው ዛፍ ሁሉ ብላ፤ በራስህም ላይ ሞትን እንዳታመጣ የሞት እሾህ ከሆነችው ከአንዲት ዛፍ አትብላ፤”
4f000830-124d-5ebd-a935-72a386b1f60e,6f618cf9-dc53-533d-abe1-66ca717633dc,12f21ab6-9f15-557d-ab54-f5eef64764d7,16,16,ይህቺንም ቃል በሰማሃት ጊዜ ከአዳም የጎን አጥንት በተገኘች በሔዋን ላይ የአፍህን መርዝ ተፋህ።
991f5609-2a6b-5911-ad5e-0c8d886feb21,6f618cf9-dc53-533d-abe1-66ca717633dc,12f21ab6-9f15-557d-ab54-f5eef64764d7,17,17,እንደ አንተም ሕግ አፍራሽ ታደርገው ዘንድ በክፉ ሽንገላ ንጹሑን በግ ነጠቅኸው።
527abcc5-e912-581c-a5c8-1a973d85b97d,6f618cf9-dc53-533d-abe1-66ca717633dc,12f21ab6-9f15-557d-ab54-f5eef64764d7,18,18,እንደ የዋህ ርግብ ሆና የተፈጠረች ተንኰልህን የማታውቅ ሔዋንንም ባሳትሃት ጊዜ በተከናወነ ነገርህና በጠማማ ቃልህ አስካድሃት፤ ያችንም መጀመሪያዪቱን ፍጥረት ካሳትሃት በኋላ፥ እርሷ ሄዳ ከመሬት የተፈጠረ መጀመሪያውን የእግዚአብሔር ፍጥረት አዳምን አሳተችው።
0fbd2a04-4a4f-5609-af76-ef5b9590c7ab,6f618cf9-dc53-533d-abe1-66ca717633dc,12f21ab6-9f15-557d-ab54-f5eef64764d7,19,19,በትዕቢትህም ወደማይገባ ሁከት ጨመርኸው፤ የፈጣሪውንም ቃል እንዲክድ አደረግኸው፤ በትዕቢትህም ድሃውን አጠፋኸው።
46cd0467-e7b1-529d-a2c1-3d985d783412,6f618cf9-dc53-533d-abe1-66ca717633dc,12f21ab6-9f15-557d-ab54-f5eef64764d7,20,20,በተንኰልህም ከፈጣሪው ፍቅር አራቅኸው፤ በምክንያትህም ከደስታ ገነት አወጣኸው፤ በመሰናክልህም የገነትን መብል አስተውኸው።
b603d60d-de07-56e7-af0f-0ef1006f86a2,6f618cf9-dc53-533d-abe1-66ca717633dc,12f21ab6-9f15-557d-ab54-f5eef64764d7,21,21,በሐሰትህም ከገነት መጠጥ አስጠማኸው፤ አንተ ፍዳ ወደምትቀበልባት ወደ ሲኦል ታወርደው ዘንድ ካለመኖር ወደ እውነተኛ መኖር ካመጣው አምላኩም ፍቅር ታወጣው ዘንድ የዋህ አዳምን ከጥንት ጀምሮ አንተ ተጣልተኸዋልና።
b3bb14bd-5e14-5b81-a01b-6845f3d9d480,6f618cf9-dc53-533d-abe1-66ca717633dc,12f21ab6-9f15-557d-ab54-f5eef64764d7,22,22,መሬታዊም ሲሆን በነፍሱና በሥጋው፥ በልቡናውም ፈጣሪውን የሚያከብርና የሚያመሰግን መንፈሳዊና ተናጋሪ አደረገው።
953c9905-fde0-569b-af69-34c86085d301,6f618cf9-dc53-533d-abe1-66ca717633dc,12f21ab6-9f15-557d-ab54-f5eef64764d7,23,23,እንደ በገና በተለያዩ ብዙ ስልቶች የሚያመሰግኑ ዐሥር ሕሊናትን ፈጠረለት።
f9c6991b-7034-53ae-ac81-de7da7958c7d,5119cd55-8a4e-56ea-aee8-377934723a97,c7f6c796-96fa-5d5e-acc8-962236561676,1,1,ለአንተስ ፈጣሪህ ወደላከህ እየተላክህ ፈጽመህ ታመሰግን ዘንድ አንድ አሳብን ፈጠረልህ።
775164f7-d9e1-5970-a7e2-3917c315a0c3,5119cd55-8a4e-56ea-aee8-377934723a97,c7f6c796-96fa-5d5e-acc8-962236561676,2,2,ለአዳም ግን ክፉ የሆኑ አምስት አሳቦችና በጎ የሆኑ አምስት አሳቦች ዐሥር አሳቦች ተሰጡት።
8eeef7b6-7848-55ad-aad7-9f205f8e4268,5119cd55-8a4e-56ea-aee8-377934723a97,c7f6c796-96fa-5d5e-acc8-962236561676,3,3,ዳግመኛም እንደ ባሕር ሞገድ፥ ከምድርም አንሥቶ ትቢያን እንደሚበትን ጥቅል ነፋስ፥ ነፋስም እንደሚያናውጠው እንደ ባሕር ሞገድ የሚታወኩ ብዙ አሳቦች አሉት፤ እንደማይቈጠር እንደ ዝናብም ጠብታ በልቡ ከአለ ከማይቈጠር ከአሳቡ ብዛት የተነሣ የአዳም አሳብ እንደዚሁ ነው።
b928f7c5-272b-556e-aa7b-84794f408e51,5119cd55-8a4e-56ea-aee8-377934723a97,c7f6c796-96fa-5d5e-acc8-962236561676,4,4,የአንተ ግን አሳብህ አንዲት ናት፤ ሥጋዊ አይደለህምና ሌላ አሳብ የለህም።
3ceaf319-f8e2-5249-a6fe-2af5fad28ad1,5119cd55-8a4e-56ea-aee8-377934723a97,c7f6c796-96fa-5d5e-acc8-962236561676,5,5,አንተ ግን በእባብ ልቡና አድረህ አንድ አካል የሆነ አዳምን በክፉ ሽንገላ አጠፋኸው፤ ሔዋንም የእባብን ነገር ሰማች፤ ሰምታም እንዳዘዘቻት አደረገች።
b3811631-04fc-5e48-aca4-f600afb04f49,5119cd55-8a4e-56ea-aee8-377934723a97,c7f6c796-96fa-5d5e-acc8-962236561676,6,6,መጥታም የእግዚአብሔር መጀመሪያ ፍጥረቱ አዳምን የበለስን ፍሬ በማብላት አሳተችው፤ የፈጣሪዋንም ትእዛዝ ስለ ተላለፈች በእርስዋና በልጆችዋ ሞትን አመጣች።
5fe7b0b8-7765-5517-a768-45a9783be670,5119cd55-8a4e-56ea-aee8-377934723a97,c7f6c796-96fa-5d5e-acc8-962236561676,7,7,በእግዚአብሔርም እውነተኛ ፍርድ ከገነት ወጡ፤ ተጣልቶም ከገነት አላራቃቸውም። ነገር ግን በተሰደዱበት ምድር በሆዳቸው ፍሬ በልጆቻቸውና በምድራቸው ፍሬ አረጋጋቸው።
f1bf0101-e0e5-52e3-a475-9f78f65511b7,5119cd55-8a4e-56ea-aee8-377934723a97,c7f6c796-96fa-5d5e-acc8-962236561676,8,8,በቅንአትህም ከገነት ባስወጣሃቸው ጊዜ እግዚአብሔር ከገነት የለመለሙ ዕፀዋትን ሰጣቸው፤ ይተክሉ ዘንድ እግዚአብሔር በሰጣቸው በገነት ፍሬና በምድር ፍሬ ይረጋጉ ዘንድ፤
9a3984ff-a18b-5c27-a526-282ca13f7c9f,5119cd55-8a4e-56ea-aee8-377934723a97,c7f6c796-96fa-5d5e-acc8-962236561676,9,9,ልጆችን በማየት፥ ገነትንና ምድር ከአፈር ያበቀለችውን የምድር ፍሬ በማየት ልቡናቸውን እጅግ ደስ ያሰኙ ዘንድ፤ እርሱንም በበሉ ጊዜ ከገነት እነርሱን ካስወጣህበት ኀዘን ፈጽመው ይረጋጋሉ።
4e68e720-4d25-53df-adba-54c811bfd024,5119cd55-8a4e-56ea-aee8-377934723a97,c7f6c796-96fa-5d5e-acc8-962236561676,10,10,እግዚአብሔርም ፍጥረቱን ማረጋጋት ያውቃልና በልጆቻቸውና በምድር ፍሬ ልቡናቸው ይረጋጋል።
3c40a991-b994-5d04-aa5a-f61ac7513b6d,5119cd55-8a4e-56ea-aee8-377934723a97,c7f6c796-96fa-5d5e-acc8-962236561676,11,11,ወደዚች የእሾህና የአሜከላ ምድርም ተሰደዋልና ልቡናቸውን በእህልና በውኃ ያጸናሉ።
cc12c37b-875c-5709-a1ce-b30433d73ed8,a8dc0738-7284-5147-ae72-2c21aff7a818,ca2be3c4-64c3-53ce-a533-995157c3447a,1,1,ጌታውም አዳምን ይቤዠው ዘንድ አለው፤ አንተንም ያሳፍርሃል፤ በጉንም ከተኵላ አፍ ያድነዋል።
715ed794-dac6-52ad-a086-cf8720b65c9b,a8dc0738-7284-5147-ae72-2c21aff7a818,ca2be3c4-64c3-53ce-a533-995157c3447a,2,2,ነገር ግን አንተ የገዛሃቸውን ሰዎች ከአንተ ጋር ይዘህ ወደ ጥፋት ትሄዳለህ።
f1ef91e2-3e3d-5ae2-a8d1-34e89cc7e1d9,a8dc0738-7284-5147-ae72-2c21aff7a818,ca2be3c4-64c3-53ce-a533-995157c3447a,3,3,የፈጣሪያቸው የእግዚአብሔርን ሕግ የጠበቁ ግን የእርሱ እድል ፋንታ ያደርጋቸው ዘንድ፥ የፈጣሪያቸው የእግዚአብሔርንም ሕግ እንዳንተ ካልተላለፉ ከቅዱሳን መላእክቱ ጋር ያመሰግኑት ዘንድ ከክፉ ሥራህ ከሰወራቸው ከፈጣሪያቸው ከእግዚአብሔር ጋር ደስ ይላቸዋል።
f0069290-caec-5ae4-ae7b-ce8e5ccb5a2a,a8dc0738-7284-5147-ae72-2c21aff7a818,ca2be3c4-64c3-53ce-a533-995157c3447a,4,4,አንተ ግን ከመላእክቱ ጋራ ታመሰግነው ዘንድ እንደ አንተ ካሉት ሁሉ ይልቅ መርጦ የሰጠህ እግዚአብሔር በትዕቢትህ ከፍ ያለ ዙፋንን ነሳህ።
7042d032-16a1-571b-a1f3-e64c0e79e324,a8dc0738-7284-5147-ae72-2c21aff7a818,ca2be3c4-64c3-53ce-a533-995157c3447a,5,5,አንተም ታበይህ፤ ዲያብሎስም ተባልህ፤ ሠራዊቶችህም አጋንንት ተባሉ።
f0f16a51-54aa-50a2-aa01-de052ffff95d,a8dc0738-7284-5147-ae72-2c21aff7a818,ca2be3c4-64c3-53ce-a533-995157c3447a,6,6,እግዚአብሔርን የሚወዱ ግን እንደ ቅዱሳን መላእክት ለእርሱ ወገኖቹ ይሆናሉ፤ የሚያመሰግኑት ሱራፌልና ኪሩቤልም ክንፎቻቸውን ዘርግተው ያለማቋረጥ ያመሰግናሉ።
fddfa47c-f665-508f-a986-978e5d36b2af,a8dc0738-7284-5147-ae72-2c21aff7a818,ca2be3c4-64c3-53ce-a533-995157c3447a,7,7,አንተ ግን በመልክህ ከተፈጠሩ ከነገድህና ከሠራዊትህ ጋር ሁልጊዜ ታመሰግነው ዘንድ ምስጋናህን በትዕቢትህና በስንፍናህ አጠፋህ።
5daa2feb-5064-5e97-abcd-e06a6e5bb6f6,a8dc0738-7284-5147-ae72-2c21aff7a818,ca2be3c4-64c3-53ce-a533-995157c3447a,8,8,እንደ አንተ ያለ መፍጠር የማይቻለው መስሎህ አንተ የፈጠረህ የእግዚአብሔርን ምስጋና በዘነጋህ ጊዜ፥ ዐሥረኛ ነገድ አድርጎ የፈጠረህ የእግዚአብሔር ምስጋናው እንዳይጐድል አንተም ከወንድሞችህ አንድነት በተለየህ ጊዜ የፈጠረህ የእግዚአብሔር ምስጋናው እንዳይጐድል፥
d63ecc5a-c767-51ff-a524-e0f9c71bc522,a8dc0738-7284-5147-ae72-2c21aff7a818,ca2be3c4-64c3-53ce-a533-995157c3447a,9,9,አንተም በልቡናህ ትዕቢት የፈጠረህ የእግዚአብሔርን ምስጋና ቸል ባልህ ጊዜ፥ እርሱም በተቈጣህና፤ በተዘባበተብህ ጊዜ፤ ከሠራዊቶችህም ጋራ በገሃነም እንቅጥቅጥ በአጋዘህ ጊዜ
13fca489-571f-507e-a023-8a8a81267c88,a8dc0738-7284-5147-ae72-2c21aff7a818,ca2be3c4-64c3-53ce-a533-995157c3447a,10,10,በቅዱሳት እጆቹ ከምድር መሬትን ወሰደ፤ ውኃንና እሳትን፥ ነፋስንም ጨመረ፤ አዳምንም በመልኩና በምሳሌው ፈጠረው።
4c12f480-bb42-5bb7-a35d-c094b0ec9485,a8dc0738-7284-5147-ae72-2c21aff7a818,ca2be3c4-64c3-53ce-a533-995157c3447a,11,11,ምስጋናው በአንተ ጉድለት ይመላ ዘንድ በእጁ በፈጠረው ፍጥረት ሁሉ ላይ ሾመው። የመሬታዊውም ምስጋና ከሰማያውያኑ ምስጋና ጋር ተጨመረ፤ ምስጋናቸውም እኩል ሆነ።
33ce4256-0fe9-5e6b-a404-b8e21782ae27,a8dc0738-7284-5147-ae72-2c21aff7a818,ca2be3c4-64c3-53ce-a533-995157c3447a,12,12,አንተ ግን በትዕቢትህና በአንገትህ መደንደን ተሰደድህ፤ ከፈጠረህ ከእግዚአብሔርም ጌትነት ወጥተህ ራስህን አጠፋህ።
f0fe371d-69be-5c0a-a6a1-b9afce0a0c56,a8dc0738-7284-5147-ae72-2c21aff7a818,ca2be3c4-64c3-53ce-a533-995157c3447a,13,13,የእግዚአብሔርነቱ ምስጋና እንዳይጐድል እግዚአብሔር በፈቃዱ ምክር የሚያመሰግነውን ፈጥሯልና ምስጋናው እንዳይጐድል ዕወቅ።
6b48b333-fa76-5290-ab0b-0d67351bceb7,a8dc0738-7284-5147-ae72-2c21aff7a818,ca2be3c4-64c3-53ce-a533-995157c3447a,14,14,እርሱ ሳይደረግ ሁሉን ያውቃልና፥ ትእዛዙንም እንደምታፈርስ ሳይፈጥርህ ዐወቀህ፤ ዓለም ሳይፈጠር በእርሱ ዘንድ የተሰወረ ምክር ነበረና በካድኸው ጊዜ ባርያው አዳምን በመልኩና በምሳሌው ፈጠረው።
223f08e1-8cd8-52b6-aa2d-8f4e41806811,a8dc0738-7284-5147-ae72-2c21aff7a818,ca2be3c4-64c3-53ce-a533-995157c3447a,15,15,ሰሎሞን፥ “ከኮረብቶች በፊት ወለደኝ፤ ዓለምም ሳይከናወን የምድርም መሠረት ሳይመሠረት፥
48d4ac37-84f2-5786-a921-39581233f8d4,a8dc0738-7284-5147-ae72-2c21aff7a818,ca2be3c4-64c3-53ce-a533-995157c3447a,16,16,የተራራዎችና የኮረብቶች መቋምያ ሳይተከል፥ የዓለምም ጐዳና ሳይጸና፥ የፀሐይና የጨረቃ ብርሃን ሳይበራ፥ የከዋክብትና የዘመኖች ምግብና ሳይታወቅ፥
85a05d20-117b-55dd-a1f8-e8e1c10fc349,a8dc0738-7284-5147-ae72-2c21aff7a818,ca2be3c4-64c3-53ce-a533-995157c3447a,17,17,ሌሊትና መዓልት ሳይፈራረቁ፥ ባሕርም ባሸዋ ሳትወሰን፥ የተፈጠረው ፍጥረት ሁሉ ሳይፈጠር፥
4be2b34b-e1f4-5ca5-a996-9ef09f5a2c2a,a8dc0738-7284-5147-ae72-2c21aff7a818,ca2be3c4-64c3-53ce-a533-995157c3447a,18,18,ዛሬም የሚታየው ሁሉ ሳይታይ፥ ዛሬ የሚጠራው ስም ሁሉ ሳይጠራ ፈጠረኝ” ብሎ እንደ ተናገረ፥ አንተና እንዳንተ ያሉ መላእክት፥ ባርያው አዳምም በእግዚአብሔር ኅሊና ውስጥ ነበራችሁ።
43c3fab8-86c5-560b-ae34-97889a3c9db4,a8dc0738-7284-5147-ae72-2c21aff7a818,ca2be3c4-64c3-53ce-a533-995157c3447a,19,19,አንተ በካድህ ጊዜ ቅዱስ ስሙ ይመሰገን ዘንድ፥ አንተም በታበይህ ጊዜ ከመሬት በፈጠረው በተዋረደ በባርያው በአዳም ይመሰገን ዘንድ አዳምን ፈጠረው።
02b3e133-f2e9-5410-a561-e5e6beaac094,a8dc0738-7284-5147-ae72-2c21aff7a818,ca2be3c4-64c3-53ce-a533-995157c3447a,20,20,እግዚአብሔር የድሆችን ጸሎት ከሩቅ ይሰማልና፥ የተዋረዱ ሰዎችንም ምስጋና እግዚአብሔር ይወዳልና።
ec947a61-0488-571e-a5d6-cd702e842a68,a8dc0738-7284-5147-ae72-2c21aff7a818,ca2be3c4-64c3-53ce-a533-995157c3447a,21,21,እግዚአብሔር የትዕቢተኞችን ነገር ቸል ይላል፥ የፈረስን ኀይል አይወድምና፥ በሰው ጕልበትም ደስ አይለውምና።
a711625e-6b13-5822-a016-37bb77fc6136,a8dc0738-7284-5147-ae72-2c21aff7a818,ca2be3c4-64c3-53ce-a533-995157c3447a,22,22,ነገር ግን እግዚአብሔር በሚፈሩትና ስለ ኀጢአታቸው ጩኸው በሚያለቅሱ ደስ ይለዋል።
0951ca45-66b8-523c-a3b5-d60b23728233,a8dc0738-7284-5147-ae72-2c21aff7a818,ca2be3c4-64c3-53ce-a533-995157c3447a,23,23,አንተ በንስሓ መናዘዝ ተሳነህ።
36bf210b-0752-5acb-a941-5105b3ba9bd9,a8dc0738-7284-5147-ae72-2c21aff7a818,ca2be3c4-64c3-53ce-a533-995157c3447a,24,24,ያ መሬት ግን ስለ ኀጢአቱ በእግዚአብሔር ፊት ፈጽሞ እያለቀሰ በንስሓ ተመለሰ።
ba131f08-78c9-5663-a35b-2e9c39a4e7b6,a8dc0738-7284-5147-ae72-2c21aff7a818,ca2be3c4-64c3-53ce-a533-995157c3447a,25,25,አንተስ በልብህ ትዕቢትና በአንገትህ መደንደን የሰላም መንገድን አላወቅሃትም፥ ንስሓንም አላወቅሃትም፥ በንስሓ፥ በልቅሶና በእንባ በፈጣሪህ በእግዚአብሔር ፊት መናዘዝ ተሳነህ።
ef63a89b-03af-5e01-a172-8c61b461f455,a8dc0738-7284-5147-ae72-2c21aff7a818,ca2be3c4-64c3-53ce-a533-995157c3447a,26,26,ያ አመድና መሬት የሆነ ድሃ ግን በልቅሶና በእንባ ወደ ንስሓ፥ ወደ ሰላምና ወደ ትሕትና መንገድ ተመለሰ።
d838fd25-fce3-5e78-a042-006f248577b3,a8dc0738-7284-5147-ae72-2c21aff7a818,ca2be3c4-64c3-53ce-a533-995157c3447a,27,27,አንተስ ለፈጠረህ ለእግዚአብሔር ራስህንና የልብህን ቀፈት አላዋረድህም።
03389946-6708-567c-a607-fa454ef7f910,a8dc0738-7284-5147-ae72-2c21aff7a818,ca2be3c4-64c3-53ce-a533-995157c3447a,28,28,እርሱ ግን በበደለው በደል ራሱን አዋርዶ ተናዘዘ፤ አልታበየምም።
c133a37d-52c7-5e77-a9ab-64e91971cd16,a8dc0738-7284-5147-ae72-2c21aff7a818,ca2be3c4-64c3-53ce-a533-995157c3447a,29,29,ያንም ስሕተት የፈጠረው እርሱ አይደለም። ከአንተ የተገኘ ነው እንጂ፥ ወንጀልን ፈጥረህ አውጥተኸዋልና። በትዕቢትህም ከአንተ ጋራ ወደ አንተ ጥፋት ወሰድኸው።
a41c5bb8-e348-5f0a-af4b-4b1baa36d812,a8dc0738-7284-5147-ae72-2c21aff7a818,ca2be3c4-64c3-53ce-a533-995157c3447a,30,30,ሁለታችሁን ሁሉ ሳይፈጥራችሁ ዐውቋችኋልና፥ አካሄዳችሁንም ዐውቋልና ይህ የተደረገ በልብህ ትዕቢት እንደ ሆነ እርሱ ያውቃል።
466b5be9-17c9-58fc-ae34-be0fcfd306f5,a8dc0738-7284-5147-ae72-2c21aff7a818,ca2be3c4-64c3-53ce-a533-995157c3447a,31,31,ያን የትዕቢት ተንኰል የሌለውን ግን በንስሓ፥ በልቅሶና በእንባ መለሰው።
21ce9ac4-76c2-51f2-a3c1-56f4bcd71f5c,a8dc0738-7284-5147-ae72-2c21aff7a818,ca2be3c4-64c3-53ce-a533-995157c3447a,32,32,አንተ ግን በልብህ ትዕቢት በንስሓ መናዘዝ ተሳነህ። በድሎ በንስሓ የማይናዘዝ ሰው ከቀድሞ በደሉ ይልቅ በደሉን ያከፋልና።
bbe08add-c040-5b5a-a45e-6a2a264e7023,a8dc0738-7284-5147-ae72-2c21aff7a818,ca2be3c4-64c3-53ce-a533-995157c3447a,33,33,ነገር ግን በድሎ በፈጣሪው በእግዚአብሔር ፊት የሚናዘዝና የሚያለቅስ፥ እርሱ በእውነት ንስሓ ገባ፤ የጌታውንም ልብ ያራራ ዘንድ የመዳኑን መንገድ አገኘ፤ በጌታውም ፊት ተናዘዘ፤ ጌታውም በባሪያው ላይ ይቈጣ ዘንድ ቀድሞ ከመከረበት ያቃልልለታል፤ በብዙ ንስሓና ስግደት ተናዝዞአልና። የቀደመ ኀጢአቱንም ይቅር ይለዋል።
c7342207-4c9d-5ccd-aa04-6d118ed09757,a8dc0738-7284-5147-ae72-2c21aff7a818,ca2be3c4-64c3-53ce-a533-995157c3447a,34,34,ወደ ቀደመ በደሉም ካልተመለሰ፥ ይህንም ካደረገ ይህ ፍጹም ንስሓ ነው። አዳምስ ፈጣሪውን ማሰብንና ለፈጣሪው መናዘዝን አልዘነጋም።
570994c3-6d25-569e-a060-0078d3b5c08c,a8dc0738-7284-5147-ae72-2c21aff7a818,ca2be3c4-64c3-53ce-a533-995157c3447a,35,35,አንተም ለፈጣሪህ በንስሓ ተናዘዝ፤ በእርሱ ላይና በእጁ ሥራ ላይም በደልን አታብዛ፤ እነርሱ ሥጋውያንና ደማውያን ስለ ሆኑ የፈጠራቸው እግዚአብሔር ድካማቸውን ያውቃልና።
1e578294-718f-55c5-af8f-6233392946a6,a8dc0738-7284-5147-ae72-2c21aff7a818,ca2be3c4-64c3-53ce-a533-995157c3447a,36,36,ነፍሳቸውም ከተለየች በኋላ ሥጋቸው እግዚአብሔር እስከፈቀዳት ቀን ድረስ ትቢያ ይሆናል።
37c093bd-fde2-52ed-ae96-2ed21a4e89cc,e2dd5eb9-ca9f-5128-a587-82d8b4a21072,48e0b9cd-6167-5664-a8e6-7c471af61792,1,1,የፈጠረህን ዕወቀው፤ ያጸናህና ያዳነህ የእስራኤልን ቅዱስም አትርሳው፤ አንተ መሬት ስትሆን በመልኩና በምሳሌው ፈጥሮሃልና ደስ ይልህ ዘንድ፥ ምድርንም ትቈፍራት ዘንድ በገነት አኖረህ።
fffef2df-12bd-5324-af10-2a8a86d3bf91,e2dd5eb9-ca9f-5128-a587-82d8b4a21072,48e0b9cd-6167-5664-a8e6-7c471af61792,2,2,ትእዛዙንም ባፈረስህ ጊዜ ከዚያ ከገነት አሜከላና እሾህ ወደምታበቅል፥ በአንተም ምክንያት ወደ ረገማት ወደዚች ምድር አወጣህ።
711ca00c-05d2-5f72-a25c-b1c71bf22b15,e2dd5eb9-ca9f-5128-a587-82d8b4a21072,48e0b9cd-6167-5664-a8e6-7c471af61792,3,3,አንተ ምድር ነህና፥ እርስዋም ምድር ናትና፥ አንተ ትቢያ ነህና፥ እርስዋም ትቢያ ናትና፥ አንተ መሬት ነህና እርስዋም መሬት ናትና ከእርስዋም ትመገባለህ፤ ወደ እርስዋም ትመለሳለህ፤ ያስነሣህ ዘንድ እስኪወድድ ድረስ ትቢያ ትሆናለህና የሠራኸውን በደልና ኀጢአት ሁሉ ይመረምርሃልና።
4d06e784-4f4f-5e76-a322-aa54fb1534d5,e2dd5eb9-ca9f-5128-a587-82d8b4a21072,48e0b9cd-6167-5664-a8e6-7c471af61792,4,4,ያንጊዜ የምትመልሰውን ዕወቅ፤ በዚህም ዓለም የሠራኸውን ክፉውንና በጎውን አስብ፤ ክፉው ይበዛ እንደ ሆነ፥ ወይም በጎው ይበዛ እንደ ሆነ መዝን፤ ምከርም።
a33513bd-3bbf-5355-a9be-dd339dc4d94e,e2dd5eb9-ca9f-5128-a587-82d8b4a21072,48e0b9cd-6167-5664-a8e6-7c471af61792,5,5,በጎ ነገርንም ብታበዛ፥ ሙታን በሚነሡበት ቀን ደስ ይልህና ሐሤት ታደርግ ዘንድ ለአንተ መልካም ይሆንልሃል።
fd0ec180-ff1b-55b2-a1a0-08f433e7531c,e2dd5eb9-ca9f-5128-a587-82d8b4a21072,48e0b9cd-6167-5664-a8e6-7c471af61792,6,6,ክፉ ሥራን ብታበዛ ግን ወዮልህ፤ እንደ እጅህ ሥራና እንደ ልቡናህ ክፋት ፍዳህን ትቀበላለህና በባልንጀራህ ክፉ እንደ ሠራህበት፥ እግዚአብሔርንም እንዳልፈራኸው እንደ ሥራህ ፍዳህን ትቀበላለህና።
e0ef6e6b-8352-5647-a6a0-eb95c2a9fc73,e2dd5eb9-ca9f-5128-a587-82d8b4a21072,48e0b9cd-6167-5664-a8e6-7c471af61792,7,7,ባልንጀራህንም ብትከዳው፥ በእግዚአብሔርም ስም በሐሰት ብትምል፥ እንደ ሥራህ ፍዳህን ትቀበላለህና።
65e17fb8-5c9d-506f-a4d2-b2c5f8fc8c2e,e2dd5eb9-ca9f-5128-a587-82d8b4a21072,48e0b9cd-6167-5664-a8e6-7c471af61792,8,8,ለባልንጀራህ በማስመሰል ቃልህን በሐሰት እውነተኛ እንዲሆን ታደርጋለህና፤ አንተ ግን ሐሰት እንደ ተናገርህ ታውቀዋለህ።
dd471cf4-d9fc-5efd-a9ee-3b63d1b76321,e2dd5eb9-ca9f-5128-a587-82d8b4a21072,48e0b9cd-6167-5664-a8e6-7c471af61792,9,9,ከአንተ ጋራ ያሉትንም እያሳመንህ ቃልህ እውነት እንደ ሆነ ታጸናለህ፤ እውነት ያልሆነ ነገርንም ታበዛለህ፤ እንደ ሥራህም ፍዳህን ትቀበላለህ፤ የማትሰጠውን ለባልንጀራህ እሰጥሃለሁ እያልህ ባልንጀራህን ትከዳዋለህ።
6120d53f-4668-51cd-a089-37895f3f46a9,e2dd5eb9-ca9f-5128-a587-82d8b4a21072,48e0b9cd-6167-5664-a8e6-7c471af61792,10,10,በንጹሕ ልቡናህም እሰጣለሁ ባልህ ጊዜ አጋንንት እንደ ውሾች ደጅ ይጠኑሃል፤ ሁሉንም ያስረሱሃል፤ ብትነሣም፥ ትሰጥ ዘንድ ብትወድም የማይጠቅምህንና የማትበላውን ገንዘብ ታደልብ ዘንድ የዚህ ዓለም ገንዘብ ያስጎመጅሃል፤ “ይሰበስባሉ፤ የሚሰበስቡለትንም አያውቁም” ብሏልና።
6560c7e9-0239-534f-aa87-b57043df8572,e2dd5eb9-ca9f-5128-a587-82d8b4a21072,48e0b9cd-6167-5664-a8e6-7c471af61792,11,11,ዳግመኛም “ሐሰተኞች የአዳም ልጆች ሚዛንን ሐሰተኛ ያደርጋሉ፤ እነርሱስ መቼም መች ከከንቱ ወደ ከንቱ ይሄዳሉ” ብሏልና።
a9a4d12b-ad9e-5e0f-abc3-19bd73bb3de9,e2dd5eb9-ca9f-5128-a587-82d8b4a21072,48e0b9cd-6167-5664-a8e6-7c471af61792,12,12,ሰዎች ሆይ ሚዛንንና ላዳንን በማሳበል፥ የሌላውንም ገንዘብ በመስረቅና በዐመፅ ወደ ገንዘባችሁ በመጨመር፥ የባልንጀራችሁንም ገንዘብ፥ የባልንጀራችሁንም እርሻ በመድፈር፥ ለባልንጀራችሁ ያይደለ ለራሳችሁ ትርፍ በምታደርጉት ሁሉ ዐመፅን ተስፋ አታድርጓት።
0ba31ecb-b341-5801-ae24-8e3b39d62c4e,e2dd5eb9-ca9f-5128-a587-82d8b4a21072,48e0b9cd-6167-5664-a8e6-7c471af61792,13,13,ይህንም ብታደርጉ እንደ ሥራችሁ ትቀበላላችሁ።
71100d1e-67e2-5133-a2d1-8c99b7a51d0e,e2dd5eb9-ca9f-5128-a587-82d8b4a21072,48e0b9cd-6167-5664-a8e6-7c471af61792,14,14,ሰዎች ሆይ በሚገባ በእጃችሁ ሥራ ተመገቡ እንጂ ቅሚያን አትታመኗት፤ በማይገባ ያለ ፍርድ በመቀማትና በመንጠቅ የሰውን ገንዘብ ትበሉ ዘንድ አትውደዱ።
16ed7af6-5644-5a80-a54e-3ba0a1cf78dd,e2dd5eb9-ca9f-5128-a587-82d8b4a21072,48e0b9cd-6167-5664-a8e6-7c471af61792,15,15,ብትበሉትም አያጠግባችሁም፤ ብታደልቡትም በምትሞቱበት ጊዜ ለሌላ ትተዉታላችሁ እንጂ አይጠቅማችሁም።
8e56c74f-e388-5954-a1da-6b7c665a1c3b,e2dd5eb9-ca9f-5128-a587-82d8b4a21072,48e0b9cd-6167-5664-a8e6-7c471af61792,16,16,ገንዘባችሁም ቢበዛ ልቡናችሁን አታኵሩ፤ የኀጢአተኞች ሰዎች ገንዘብ ከምድጃ እንደሚወጣ፥ ነፋስም እንደሚወስደው እንደ ጢስ ነውና፥ ከብዙ የኀጢአተኞች ገንዘብ በእውነት ያለ ጥቂት ገንዘብ ይሻላል።
10ca1c09-5bfe-599d-a162-e3af3ee6388e,b848bb19-d466-5f4e-a148-2babdf179202,860ccccd-fa31-5900-ad56-68516676586d,1,1,የምትሞቱበትን ቀን አስቡ፤ ነፍሳችሁ ከሥጋችሁ በምትለይበት ጊዜ፥ ገንዘባችሁንም ለሌላ በምትተዉበት ጊዜ፥ ወደማታውቁትም መንገድ በምትሄዱበት ጊዜ የምትመጣባችሁን አስቧት።
d4088771-ecd9-5534-af34-2b9eeccfe02a,b848bb19-d466-5f4e-a148-2babdf179202,860ccccd-fa31-5900-ad56-68516676586d,2,2,የሚቀበሏችሁም ክፉዎች ናቸው፤ በመልካቸውም ጥፉዎች ናቸው፤ በግርማቸውም የሚያስፈሩ ናቸው፤ ቃላችሁን አይሰሙም፤ ቃላቸውንም አትሰሙም።
684cdbd7-e0d9-5b15-a947-8687c281e3a8,b848bb19-d466-5f4e-a148-2babdf179202,860ccccd-fa31-5900-ad56-68516676586d,3,3,የአምላካችሁን የእግዚአብሔርንም ፈቃድ ስለ አላደረጋችሁ በለመናችኋቸው ጊዜ አይመልሱላችሁም፤ ስለዚህም እጅግ ያስፈሯችኋል።
53d12c84-e62f-5f33-afe4-201bb70b1799,b848bb19-d466-5f4e-a148-2babdf179202,860ccccd-fa31-5900-ad56-68516676586d,4,4,አጋንንት ይፈሯቸዋልና የእግዚአብሔርን ፈቃድ በሚፈጽሙ ሰዎች ግን ፍርሀት የለባቸውም። በኃጥኣን ነፍሳትም አጋንንት ይዘባበቱባቸዋል።
9b19bd64-3dfb-5fca-aadb-3107ad2b373b,b848bb19-d466-5f4e-a148-2babdf179202,860ccccd-fa31-5900-ad56-68516676586d,5,5,ይህን ዓለም ስለ ናቁት እጅግ ደስ ያሰኛቸዋልና የጻድቃን ሰዎች ነፍሳት በመላእክት ይባቤ ደስ ይላቸዋል፤ የኃጥኣን ነፍሳትን ግን ክፉዎች መላእክት ይቀበሏቸዋል።
4cb33c9b-dfd4-5460-a4df-4ec6226a44cb,b848bb19-d466-5f4e-a148-2babdf179202,860ccccd-fa31-5900-ad56-68516676586d,6,6,የጻድቃንን ነፍሳት ያረጋጓቸው ዘንድ ከእግዚአብሔር ይላካሉና፥ የጻድቃንንና የደጋጎች ነፍሳትን የምሕረት መላእክት ይቀበሉአቸዋል። የኃጥኣንን ነፍሳት ግን ክፉዎች አጋንንት ይቀበሏቸዋል፤ በኃጥኣን ነፍሳት ይዘባበቱባቸው ዘንድ ከዲያብሎስ ይላካሉና።
794ebbd2-3541-5869-a463-b60f1bf0796c,b848bb19-d466-5f4e-a148-2babdf179202,860ccccd-fa31-5900-ad56-68516676586d,7,7,ኃጥኣን ወዮላችሁ፤ የምትሞቱባት ቀን ሳትደርስባችሁ ለራሳችሁ አልቅሱ፤ ከሞታችሁ በኋላ ያለፈው ዘመናችሁ አይመለስም።
96861a93-48a5-57d9-a646-dd59ef38f62b,b848bb19-d466-5f4e-a148-2babdf179202,860ccccd-fa31-5900-ad56-68516676586d,8,8,ነገር ግን ወደ እግዚአብሔር ፊት በደረሳችሁ ጊዜ ያለ መከራና ያለ ደዌ በደስታ ትኖሩ ዘንድ ዘመናችሁ ሳያልፍ በአላችሁበት ንስሓ ግቡ።
78b7a560-00c5-5efe-ae06-8b7cac9a0f0c,b848bb19-d466-5f4e-a148-2babdf179202,860ccccd-fa31-5900-ad56-68516676586d,9,9,ከእግዚአብሔር ወደሚያርቅ ከንቱ ፈቃድ እንዳይስባችሁ፥ በእናንተ ጽኑ ነቀፋና መቀማጠል፥ መብልንና ደስታንም መውደድ አይገኝባችሁ፤ ያለ ልክ የጠገበች ሰውነት የእግዚአብሔርን ስም አታስብምና የዲያብሎስ መንፈስ ያድርባታል እንጂ በእርስዋ የሕይወት መንፈስ አያድርባትም።
14605cb3-3efb-52ef-ab70-04620729a68d,b848bb19-d466-5f4e-a148-2babdf179202,860ccccd-fa31-5900-ad56-68516676586d,10,10,ሙሴ፥ “ያዕቆብ በልቶ ጠገበ ወፈረም፥ ሰባ፥ ሰፋም፥ የፈጠረው እግዚአብሔርንም ተወው፤
bff2cfd4-009e-5da3-a857-8d72d0897bd6,b848bb19-d466-5f4e-a148-2babdf179202,860ccccd-fa31-5900-ad56-68516676586d,11,11,ሕይወቱም ከእግዚአብሔር ራቀ” ብሎ እንደ ተናገረ፥ ያለ ልክ የሆድ ጥጋብ እንዳለሌ ፈረስ መሆን ነውና፥ ያለ ልክ መብላትና መጠጣት፥ ማመንዘርም እንደ ምድረ በዳ እሪያ መሆን ነውና።
7dd7ec7d-7360-527e-a17a-ede5a901ab1c,b848bb19-d466-5f4e-a148-2babdf179202,860ccccd-fa31-5900-ad56-68516676586d,12,12,በልክ የሚበላ ግን በእግዚአብሔር መሠረት የጸና ይሆናል፤ እንደ አድማስም ድንጋይ፥ አጥርም እንዳለው ግንብ ይጸናል። “ኀጢአተኛ የሚያባርረው ሳይኖር ይሸሻል” ተብሎአልና።
61c5c68e-ba76-50ee-a33a-8a79896a0239,b848bb19-d466-5f4e-a148-2babdf179202,860ccccd-fa31-5900-ad56-68516676586d,13,13,ጻድቅ ግን እንደ አንበሳ ተዘልሎ ይኖራል።
6c043265-e4e4-588e-a6a0-9234552f35a6,b848bb19-d466-5f4e-a148-2babdf179202,860ccccd-fa31-5900-ad56-68516676586d,14,14,እግዚአብሔርን የማይወዱ ሰዎች ግን ቃሉን አይጠብቁም፤ ልቡናቸውም የቀና አይደለም።
e8591498-ce60-5cb3-a17b-ac0e7fe7a932,b848bb19-d466-5f4e-a148-2babdf179202,860ccccd-fa31-5900-ad56-68516676586d,15,15,እግዚአብሔርም በምድር ሳሉ እንዳያርፉ በመንቀጥቀጥና በፍርሀት፥ ገንዘባቸውንም በመንጠቅ፥ ቍጥርም በሌለው ብዙ መከራ ተይዘው ከጌቶቻቸው እጅ እጃቸውን በሰንሰለት ታስረው፥
76d24c19-397f-5446-a274-c5c45fd16dda,b848bb19-d466-5f4e-a148-2babdf179202,860ccccd-fa31-5900-ad56-68516676586d,16,16,ከመከራውም ያረፉ እንዳይሆኑ፥ አኗኗራቸውም በሰላም እንዳይሆን በተለያዩ የሚያስደነግጡ መከራዎች ሳሉ ኀዘንንና ድንጋጤን ያመጣባቸዋል።
eea10fdd-e7cc-5c45-afbb-dabf0f924386,cd78ccaf-a112-56fe-a86a-7f6676caf3e9,02d281aa-edfe-5ce7-a09d-47b677dce845,1,1,ዳዊት፥ “በእግዚአብሔር አመንሁ፤ አልፈራም፤ ሰው ምን ያደርገኛል” ብሎ እንደ ተናገረ በእግዚአብሔር በሚያምኑ ሰዎች ግን ፍርሀትና ድንጋጤ የለባቸውም።
724eb0a4-18a0-5280-a80e-a66cb085f3de,cd78ccaf-a112-56fe-a86a-7f6676caf3e9,02d281aa-edfe-5ce7-a09d-47b677dce845,2,2,ዳግመኛም አለ፥ “አርበኞች ቢከቡኝ፥ እኔ በእርሱ አመንሁ፤ እግዚአብሔርን አንዲት ነገር ለመንሁት፤ እርስዋንም እፈልጋለሁ፥ በእርሱም ያመነ ለዘለዓለሙ በሕይወት ይኖራል፥ ከክፉ ነገርም የተነሣ አይፈራም።”
6a50ba67-32fa-53ac-a9e5-c7ba8689497d,cd78ccaf-a112-56fe-a86a-7f6676caf3e9,02d281aa-edfe-5ce7-a09d-47b677dce845,3,3,በእግዚአብሔር አምኖ ያፈረ ሰው ማን ነው? ጠርቶትስ ቸል ያለው ማን ነው?
0b1534d1-7ac9-5eec-a7db-2f719accbb62,cd78ccaf-a112-56fe-a86a-7f6676caf3e9,02d281aa-edfe-5ce7-a09d-47b677dce845,4,4,“የወደደኝን እወደዋለሁ፤ ያከበረኝንም አከብረዋለሁ፤ ወደ እኔ የተመለሰውንም እጠብቀዋለሁ” ብሏልና እርሱን ተስፋ አድርጎ ያፈረ ሰው ማን ነው?
76c8dbec-e9dc-5162-a314-b4033810e37b,cd78ccaf-a112-56fe-a86a-7f6676caf3e9,02d281aa-edfe-5ce7-a09d-47b677dce845,5,5,የባልቴቲቱን ሰውነት አድኑ፤ በክፉ ነገር ከሚቃወማችሁ ሁሉ እግዚአብሔር ያድናችሁ ዘንድ አድኗቸው፤ ጠብቋቸውም፤ ከእናንተም በኋላ ልጆቻችሁን ያድናቸዋል፤ የጻድቃን ልጆች ይባረካሉና፤ አትርፈውም ይሰጣሉ እንጂ እህልን አይቸገሩም።
0279b71d-9660-5846-ae4a-eb3a64c8127e,bbb7e060-ed44-5ba9-a377-de1ef132464e,5c02a8b7-53cb-59ff-ad3a-874df4898773,1,1,ኢዮብ በእግዚአብሔር አመነ፤ ፈጣሪው እግዚአብሔርን ማመስገንን ቸል አላለምና የአዳም ልጆች ጠላት ዲያብሎስ ካመጣበት መከራውም ሁሉ አዳነው፤ በደረሰበትም መከራ ልቡን አላሳዘነም፤ ነገር ግን “እግዚአብሔር ሰጠ፤ እግዚአብሔርም ነሳ፤ እግዚአብሔርም እንደ ወደደ ሆነ፤ በሁሉም በሰማይና በምድር የእግዚአብሔር ስሙ የተመሰገነ ይሁን” አለ።
4b066f8d-217c-54b3-a5df-3f39dd9258c4,bbb7e060-ed44-5ba9-a377-de1ef132464e,5c02a8b7-53cb-59ff-ad3a-874df4898773,2,2,እግዚአብሔርም የኢዮብ ልቡ ንጽሕት እንደ ሆነች ባየው ጊዜ፥ እግዚአብሔር በብዙ ክብር ተቀበለው።
194b38fb-f589-50ba-a06c-233673b7a892,bbb7e060-ed44-5ba9-a377-de1ef132464e,5c02a8b7-53cb-59ff-ad3a-874df4898773,3,3,ከቀደመ ገንዘቡ ይልቅ የሚበዛ ገንዘብንም ሰጠው፤ እጅግ ትዕግሥተኛ ሆኗልና፥ የደረሰበትን መከራ ሁሉ ስለ መታገሡ ከቍስሉ ፈወሰው።
1a60d265-bdf2-5b67-a681-303f1dd46002,bbb7e060-ed44-5ba9-a377-de1ef132464e,5c02a8b7-53cb-59ff-ad3a-874df4898773,4,4,እንዲሁም እናንተ ወደ እናንተ ከሚላኩ ጠላቶች ብትታገሡ ብፁዓን ትሆናላችሁ።
2eb713eb-99b9-50ba-a990-3f7f4410a47e,bbb7e060-ed44-5ba9-a377-de1ef132464e,5c02a8b7-53cb-59ff-ad3a-874df4898773,5,5,ታገሡ፤ እግዚአብሔር ከሚጠሏችሁ ሰዎች ለእናንተና ከእናንተም በኋላ ለልጆቻችሁና ለልጅ ልጆቻችሁ መጠጊያ ይሆናችሁ ዘንድ ከመጣባችሁ መከራ የተነሣ ልቡናችሁን አታሳዝኑ፤
6e0fd9ce-edae-5748-a402-df947d6b6aed,bbb7e060-ed44-5ba9-a377-de1ef132464e,5c02a8b7-53cb-59ff-ad3a-874df4898773,6,6,እመኑት፥ እርሱም መጠጊያ ይሆናችኋል፤ ጥሩት፥ ይሰማችኋልም፤ ተስፋ አድርጉት፥ እርሱም ይቅር ይላችኋል፤ ለምኑት፥ እርሱም አባት ይሆናችኋል።
a835df29-ba6d-5477-ac85-7f9f46d486a9,bbb7e060-ed44-5ba9-a377-de1ef132464e,5c02a8b7-53cb-59ff-ad3a-874df4898773,7,7,አስቴርንና መርዶክዮስን፥ ዮዲትንና ጌዴዎንንም፥ ባርቅንና ዲቦራንም፥ ሶምሶምንና ዮፍታሔንም፥
066f06b2-d267-5fff-a9c0-c74fb293ce53,bbb7e060-ed44-5ba9-a377-de1ef132464e,5c02a8b7-53cb-59ff-ad3a-874df4898773,8,8,በእግዚአብሔር ለማመን የጨከኑ ጠላቶቻቸውም ድል ያልነሷቸው እንደነርሱ ያሉ ሌሎችንም አስቡ።
f60a1a10-fc29-5253-a86f-caa0283c3478,bbb7e060-ed44-5ba9-a377-de1ef132464e,5c02a8b7-53cb-59ff-ad3a-874df4898773,9,9,እግዚአብሔር እውነተኛ ነውና፥ ፊት አይቶም አያዳላምና በእነርሱ ላይ ክፉ ያደርጉ ዘንድ የወደዱ ክፉውን ተቀበሉ፤ የሚፈሩትንና ጽድቅን የሚያደርጉትን ሁሉ ግን ነፍሶቻቸውን ይጠብቃል፤ ክብርንና ባለሟልነትንም ይሰጣቸዋል።
d75196cc-6c47-5250-ac1c-34c010bf7343,bbb7e060-ed44-5ba9-a377-de1ef132464e,5c02a8b7-53cb-59ff-ad3a-874df4898773,10,10,በመግባታቸውና በመውጣታቸው፥ በሞታቸውና በሕይወታቸው፤ በመቀመጣቸውና በመነሣታቸውም ደስ ያሰኛቸዋል፤ እርሱ ያድናልና፥ ይገድላልምና።
e509e772-29a9-5df5-a81d-a241eb5b76a6,bbb7e060-ed44-5ba9-a377-de1ef132464e,5c02a8b7-53cb-59ff-ad3a-874df4898773,11,11,እርሱ ይገርፋል፤ ይቅርም ይላል።
c3e82d87-9f59-5264-ada1-dea4ac1a606d,bbb7e060-ed44-5ba9-a377-de1ef132464e,5c02a8b7-53cb-59ff-ad3a-874df4898773,12,12,እርሱ ያደኸያል፤ ባለ ጸጋም ያደርጋል፤ እርሱ ያዋርዳል፥ ያከብራልም።
a0da634b-c520-5977-a05f-f6010224ed02,54e8705d-21c3-5eae-a978-6729cb2c9097,fed47c06-34c1-5c5c-adb0-f9cd47af789b,1,1,በሰማይም ያለ ቢሆን፥ በምድርም ያለ ቢሆን፥ ረቂቅም ቢሆን፥ ግዙፍም ቢሆን ሁሉም የእርሱ ነው፤ ሁሉም በሥርዐቱ ጸንቶ ይኖራል።
6e03d990-e468-589e-ab6e-cedcc4a2f28d,54e8705d-21c3-5eae-a978-6729cb2c9097,fed47c06-34c1-5c5c-adb0-f9cd47af789b,2,2,ከዓለሙ ሁሉ ፈጣሪ ሕግና ትእዛዝ የሚተላለፍ የለም፤ በሰማይ የሚበር የንስር ፍለጋ ቢሆን፥ ወደ ወደደበት መሄጃውን እርሱ ያዝዛል።
e78023b2-fff4-52f1-aed7-a221b0cd54d2,54e8705d-21c3-5eae-a978-6729cb2c9097,fed47c06-34c1-5c5c-adb0-f9cd47af789b,3,3,የእባብንም ጎዳና በዓለት ውስጥ እርሱ ወደ ወደደበት ያዝዛል፤ የመርከብንም ጎዳና በባሕር ውስጥ ከእግዚአብሔር ብቻ በቀር ጎዳናውን የሚያውቀው የለም።
27dd531e-6a63-5330-a471-e28e1c20461c,54e8705d-21c3-5eae-a978-6729cb2c9097,fed47c06-34c1-5c5c-adb0-f9cd47af789b,4,4,የጻድቅም ነፍስ፥ የኃጥእም ነፍስ ብትሆን፥ ከሥጋዋ ከተለየች በኋላ ከእግዚአብሔር ብቻ በቀር ነፍስ የምትሄድበትን ጎዳና የሚያውቅ የለም።
25f40708-2d5b-518c-a771-20f92dd7ee9c,54e8705d-21c3-5eae-a978-6729cb2c9097,fed47c06-34c1-5c5c-adb0-f9cd47af789b,5,5,በምድረ በዳ ወይም በተራራም ትዞር እንደ ሆነ የምትዞርበትን ማን ያውቃል? እንደ ወፍም ትበር እንደ ሆነ፥ በተራራውም ንቃቃት ላይ እንደሚወርድ እንደ አርሞንኤም ጠል ትሆን እንደ ሆነ፥
c229d75a-6dea-5e28-aa36-883e8fb28a14,54e8705d-21c3-5eae-a978-6729cb2c9097,fed47c06-34c1-5c5c-adb0-f9cd47af789b,6,6,እንደ ጥቅል ነፋስም ትሆን እንደ ሆነ፥ ጎዳናውን እንደሚያቀና መብረቅም ትሆን እንደ ሆነ፥
7be8d70c-8343-54f0-a803-3413aeffc873,54e8705d-21c3-5eae-a978-6729cb2c9097,fed47c06-34c1-5c5c-adb0-f9cd47af789b,7,7,በጥልቁ ላይም እንደሚያበሩ ከዋክብት ትሆን እንደ ሆነ፥ በጥልቁ መካከል እንደሚከመር እንደ ባሕር ዳር አሸዋም ትሆን እንደ ሆነ፥
dd67922e-8fa4-51eb-aab8-21b5c274aca9,54e8705d-21c3-5eae-a978-6729cb2c9097,fed47c06-34c1-5c5c-adb0-f9cd47af789b,8,8,በባሕሩም ጥልቅ ዳርቻ እንደ ጸና እንደ አድማስ ድንጋይም ትሆን እንደ ሆነ፥ በውኃ መፍሰሻ እንደ በቀለች፥ የአማረ ፍሬዋንም እንደምትሰጥ ዛፍ ትሆን እንደ ሆነ፥
3350db58-4d5e-5fc5-a2d7-5d3ded6edc80,54e8705d-21c3-5eae-a978-6729cb2c9097,fed47c06-34c1-5c5c-adb0-f9cd47af789b,9,9,ዋዕየ ፀሐይ እንደሚያቃጥለው፥ ነፋስም አንሥቶ ወደ አልበቀለበት ወደ ሌላ ቦታ እንደሚወስደው፥ ፍለጋውም እንደማይገኝ እንደ መቃ ትሆን እንደ ሆነ፥ ፍለጋው እንደማይገኝ እንደ ጉም ሽንትም ትሆን እንደ ሆነ ማን ያውቃል?
87abbcdb-7e67-5fb0-a8f3-f9e0f86e4bc2,54e8705d-21c3-5eae-a978-6729cb2c9097,fed47c06-34c1-5c5c-adb0-f9cd47af789b,10,10,የእግዚአብሔርንስ መንገድ ማን ያውቃል? መካሮቹስ እነማን ናቸው? ከማንስ ጋር መከረ?
bdf1d139-1a4b-597f-a56c-98f867ea6b11,54e8705d-21c3-5eae-a978-6729cb2c9097,fed47c06-34c1-5c5c-adb0-f9cd47af789b,11,11,የእግዚአብሔር አሳቡ ከሰው የተሰወረ ነውና ፍለጋውን ማን ይከተላል?
dcbc4ee9-0f2b-514e-a628-ba449f297667,54e8705d-21c3-5eae-a978-6729cb2c9097,fed47c06-34c1-5c5c-adb0-f9cd47af789b,12,12,የእግዚአብሔርን ምክሩንና ጥበቡን መመርመር የሚችል ማን ነው? እርሱ ምድርን በውኃ ላይ መሥርትዋታልና፥ ያለካስማም አጽንትዋታልና፥ በፍጹም ጥበቡም ሰማይን በነፋስ አጸናው፤ ተባዕታዊውንም ውኃ እንደ ድንኳን ዘረጋው።
cf32e36f-f330-5e5a-a6ef-22d14580d546,54e8705d-21c3-5eae-a978-6729cb2c9097,fed47c06-34c1-5c5c-adb0-f9cd47af789b,13,13,ደመናትንም በምድር ላይ ዝናምን ያዘንሙ ዘንድ አዘዛቸው፤ ሣርንም ያበቅላል፤ በእግዚአብሔርም በአንድነት ደስ ይለን ዘንድ ለሰው ምግብ ሊሆኑ ቍጥር የሌላቸው ፍሬዎችን ያበቅላል።
f9f62705-7d56-56c6-a98a-0ff877b3eda3,54e8705d-21c3-5eae-a978-6729cb2c9097,fed47c06-34c1-5c5c-adb0-f9cd47af789b,14,14,እግዚአብሔር ለሰው ልጆች በረከቱን ሁሉ፥ ደስታውንና ጥጋቡንም ይሰጣቸዋል ይኸውም ጠግበው ከምድር ፍሬ የሰጣቸውን እግዚአብሔርን ያመሰግኑት ዘንድ ነው።
a36c0e05-8f51-536c-a71f-3977501a4c67,54e8705d-21c3-5eae-a978-6729cb2c9097,fed47c06-34c1-5c5c-adb0-f9cd47af789b,15,15,የአማረ መጐናጸፊያንም ያለበሳቸውን፥ የሚፈለገውንም በረከት ሁሉ፥ የእግዚአብሔርን ፈቃድ ለሚፈጽሙ ሰዎች የተሰጠ ደስታውንና ተድላውንም ይሰጣቸዋል።
56d952f5-2e13-5a41-a5e0-1eb0871f64b6,54e8705d-21c3-5eae-a978-6729cb2c9097,fed47c06-34c1-5c5c-adb0-f9cd47af789b,16,16,የእግዚአብሔርንም ትእዛዝ ለሚጠብቁ፥ ለአባቶቻቸው በአዘጋጀው ማደሪያ በሰማያት ክብርንና መወደድን ደስታንም ይሰጣቸዋል።
cf67fc35-9d6d-501a-ad02-078e6a6f4ec6,54e8705d-21c3-5eae-a978-6729cb2c9097,fed47c06-34c1-5c5c-adb0-f9cd47af789b,17,17,በአምልኮቱና በፍርዱ ለኖሩ፥ ሕጉን ይጠብቁ ዘንድ፥ ሥርዐቱንም ይሹ ዘንድ ለጠበቃቸውና ለመገባቸው፥ ለአሳደጋቸውና ለአከበራቸው፥ ከእርሱም ትእዛዝ ላልወጡ ክብርንና ሞገስን ይሰጣቸዋል፤ እኔም ጠላቶቻቸውን በማድከም፥ ሰውነታቸውንም በመጠበቅ እግዚአብሔር በዚህ ዓለም ለወዳጆቹ የሚያደርገውን አየሁ።
c4e8a11a-b2a5-5f86-ac34-1a74ec861cc2,54e8705d-21c3-5eae-a978-6729cb2c9097,fed47c06-34c1-5c5c-adb0-f9cd47af789b,18,18,ሁሉንም እንደ ለመኑት ይሰጣቸዋል፥ ፈቃዳቸውንም ይፈጽምላቸዋል፤ ከእግዚአብሔር ትእዛዝ አትውጡ፤ የእግዚአብሔርንም ፈቃድ ፈጽሙ።
82a6eac8-bd06-5a4b-a3e1-a00eb37128a9,54e8705d-21c3-5eae-a978-6729cb2c9097,fed47c06-34c1-5c5c-adb0-f9cd47af789b,19,19,እንዳይቈጣባችሁ፥ በአንድ ጊዜም እንዳያጠፋችሁ፥ በቍጣውም እንዳይገርፋችሁ፥ ቀድሞ ከነበራችሁበት ከአባቶቻችሁ ርስትም እንዳትወጡ፥ ማደሪያችሁም እስከ ዘለዓለሙ ድረስ መውጫ በሌለበት በገሃነም እንዳይሆን ከትእዛዙና ከሕጉ አትውጡ።
684593a6-0581-5513-a32e-5581b5239971,54e8705d-21c3-5eae-a978-6729cb2c9097,fed47c06-34c1-5c5c-adb0-f9cd47af789b,20,20,በእግዚአብሔር ፊት በቆማችሁ ጊዜ ሥራችሁ በጎ ይሆን ዘንድ ነፍሳችሁ ከሥጋችሁ ሳትለይ የፈጣሪያችሁን የእግዚአብሔርን ፈቃድ ጠብቁ።
e9688cf1-218b-5f87-a0d6-6e7b39b367c1,54e8705d-21c3-5eae-a978-6729cb2c9097,fed47c06-34c1-5c5c-adb0-f9cd47af789b,21,21,የሰማይና የምድር መንግሥት ለእርሱ ብቻ ነውና፤ ከሃሊነትም፥ መንግሥትም ለእርሱ ነውና፤ መራራትና ይቅር ማለትም ለእርሱ ብቻ ነው።
5941fb79-21d3-5910-af1b-f5473ec60140,54e8705d-21c3-5eae-a978-6729cb2c9097,fed47c06-34c1-5c5c-adb0-f9cd47af789b,22,22,እርሱ ባለጸጋ ያደርጋልና፤ ያደኸያልምና፥ ያዋርዳልና፥ ያከብራልምና።
be6879df-3b9d-586e-a522-71f2e29b9b7f,54e8705d-21c3-5eae-a978-6729cb2c9097,fed47c06-34c1-5c5c-adb0-f9cd47af789b,23,23,ዳዊትም ስለ እርሱ እንዲህ ብሎ ተናገረ፥ “ሰው ከንቱን ይመስላል፤ ዘመኑም እንደ ጥላ ያልፋል።
b229fd09-6711-5f43-ad45-269371217530,54e8705d-21c3-5eae-a978-6729cb2c9097,fed47c06-34c1-5c5c-adb0-f9cd47af789b,24,24,አቤቱ፥ አንተ ግን ለዘለዓለም ትኖራለህ፤ ስም አጠራርህም ለልጅ ልጅ ነው።”
31410cc6-7379-5027-ab82-fd1f0aed0b25,54e8705d-21c3-5eae-a978-6729cb2c9097,fed47c06-34c1-5c5c-adb0-f9cd47af789b,25,25,ዳግመኛም እንዲህ አለ፥ “መንግሥትህ የዘለዓለም መንግሥት ነው፤ አገዛዝህም ለልጅ ልጅ ነው፥” አንተ መንግሥትን ከሳኦል ወስደህ ለዳዊት ሰጠህ።
10d53814-600b-5df9-a152-29bee68ccae1,54e8705d-21c3-5eae-a978-6729cb2c9097,fed47c06-34c1-5c5c-adb0-f9cd47af789b,26,26,አንተን ግን የሚሾምህ የለም፤ አንተንም መሻር የሚችል የለም፤ አንተን ማየት የሚችል የለም፤ አንተ ግን ሁሉን ታያለህ።
f726c620-18fb-5c86-a599-9906ad6eb80f,54e8705d-21c3-5eae-a978-6729cb2c9097,fed47c06-34c1-5c5c-adb0-f9cd47af789b,27,27,መንግሥትህም ለልጅ ልጅ ዘመንና ለዘለዓለም አይሻርም፤ እርሱን የሚገዛው የለም፤ እርሱ ግን ሁሉን ይገዛል፤ ሁሉንም ያያል።
bc1f0262-de3e-5494-ae09-07a125a1b3a9,54e8705d-21c3-5eae-a978-6729cb2c9097,fed47c06-34c1-5c5c-adb0-f9cd47af789b,28,28,ያመሰግኑት ዘንድ ያለ ጥርጥርም በቀና ልቡና አምልኮቱን ያውቁ ዘንድ፥ ከፈጠራቸውና ከመገባቸው፥ ከአከበራቸውና ከአሳደጋቸው ከእግዚአብሔርም ብቻ በቀር ለሌሎች አማልክት የሚሰግዱ እንዳይሆኑ እርሱ ሰውን በመልኩና በምሳሌው ፈጥሮታልና ልብንና ኵላሊትን ይመረምራል።
a7326755-0059-5846-ad28-246bd8191ec9,54e8705d-21c3-5eae-a978-6729cb2c9097,fed47c06-34c1-5c5c-adb0-f9cd47af789b,29,29,እነርሱ ግን የፈጠራቸውን እግዚአብሔርን ማምለክን እንቢ አሉ፤ ለድንጋይና ለእንጨት፥ የሰው እጅም ለሠራቸው ለብርና ለወርቅ ይሰግዳሉ።
7177b5fc-9d2b-503a-af83-95401625c280,54e8705d-21c3-5eae-a978-6729cb2c9097,fed47c06-34c1-5c5c-adb0-f9cd47af789b,30,30,በዚያም በእግዚአብሔር ፊት ይቆም ዘንድ የመሥዋዕታቸው ጢስ ወደ ሰማይ እስኪወጣ ድረስ ይሠዉላቸዋል፤ ጣዖታቸውንም በማምለክ ሰለ ሠሩት ኀጢአታቸው ሁሉ ይከስሳቸዋል።
3c105b12-9d58-5911-aa70-acdefa430472,54e8705d-21c3-5eae-a978-6729cb2c9097,fed47c06-34c1-5c5c-adb0-f9cd47af789b,31,31,የተማሩትንም የእግዚአብሔርን ትእዛዝ አልጠበቁም። ነገር ግን ለጣዖት መስገድን፥ የሚገባ ያይደለ የጐደፈ ሥራንም ሁሉ፥ በኮከብ ማሟረትን፥ ጥንቆላንና ጣዖት ማምለክን፥ ክፉ ፈቃድንና እግዚአብሔር የማይወድደውንም ሥራ ሁሉ ተማሩ።
205c6510-b8c5-58fe-add4-0032369ceb5c,54e8705d-21c3-5eae-a978-6729cb2c9097,fed47c06-34c1-5c5c-adb0-f9cd47af789b,32,32,በእግዚአብሔርና በመላእክቱ ፊት እንዲመሰገኑ ከኀጢአትና ከበደል ሰውነታቸውን ያድኑ ዘንድ፥ እግዚአብሔርን ማመስገንን አልወደዱምና በጎ ሥራ በማጣት ይኸን ሁሉ ይሠራሉ።
3364c030-4543-5c23-a1a2-133b9b48cd4f,54e8705d-21c3-5eae-a978-6729cb2c9097,fed47c06-34c1-5c5c-adb0-f9cd47af789b,33,33,ከተቀበሩበትና አጥንቶቻቸው ከረገፉበት ከመቃብር ሁሉም በአንድነት በተነሡ ጊዜ፥ ነፍሳቸው በእግዚአብሔር ፊት ዕራቁትዋን ትቆማለች፤ ነፍሳቸውም ለደጋጎች ሰዎች በተዘጋጁ በብርሃን ቤቶች ትኖራለች።
7ce3cbef-ec79-5b12-ab40-cc81d9f83dee,54e8705d-21c3-5eae-a978-6729cb2c9097,fed47c06-34c1-5c5c-adb0-f9cd47af789b,34,34,የኀጢአተኞች ሰዎች ነፍስ ግን በጨለማ ትኖራለች፤ መቃብራትም በተከፈቱ ጊዜ ሥጋዎች ይነሣሉ፤ ነፍሳትም ቀድሞ ወደ ተለዩአቸው ሥጋዎች ይመለሳሉ።
7b7e1fb3-c93f-508c-a86d-57d9e2dd6303,54e8705d-21c3-5eae-a978-6729cb2c9097,fed47c06-34c1-5c5c-adb0-f9cd47af789b,35,35,ዕራቁታቸውን እንደ ተወለዱ በእግዚአብሔር ፊት ዕራቁታቸውን ይቆማሉ፤ ከሕፃንነታቸው ጀምሮ እስከዚያ ጊዜ የሠሩት ኀጢአታቸውም ይገለጣል።
0cbd2df9-e32b-564b-a590-b7f2f1f205f6,54e8705d-21c3-5eae-a978-6729cb2c9097,fed47c06-34c1-5c5c-adb0-f9cd47af789b,36,36,ኀጢአታቸውን በጫንቃቸው ይሸከማሉ፤ ጥቂትም ቢሆን፥ ብዙም ቢሆን፥ ኀጢአት ቢሠሩ እንደ ሠሩት ሥራቸው ይቀበላሉ።
fab21cc0-0879-5e84-aca9-8297002c6294,96cc0bbe-5052-54e8-a7fa-bd44f97d48e9,89c19a12-f6d0-53a8-a343-2c7bbcbc94f0,1,1,የሙታንን ትንሣኤ ከአላመንህ ሳይወለዱ ነፍሳት በክረምት ምን ያህል እንደሚነሡ ስማ፤ ቀድሞ እፍ እንዳለባቸው የእግዚአብሔር መንፈስ በእነርሱ ላይ ያርፋልና።
679647d7-b8a9-518b-a626-776645d12d65,96cc0bbe-5052-54e8-a7fa-bd44f97d48e9,89c19a12-f6d0-53a8-a343-2c7bbcbc94f0,2,2,እንዲሞቱም ቀድሞ በቃሉ ያዛቸዋል።
dadfc34b-f291-50ab-a0ce-55b5316443ae,96cc0bbe-5052-54e8-a7fa-bd44f97d48e9,89c19a12-f6d0-53a8-a343-2c7bbcbc94f0,3,3,ሥጋቸው ፈርሶ ሳለ እርሱ እንደ ወደደ ይነሣሉ፤ ዳግመኛም ይታደሳሉ።
bd022435-4bf1-57e1-a68c-13ee9b124ec9,96cc0bbe-5052-54e8-a7fa-bd44f97d48e9,89c19a12-f6d0-53a8-a343-2c7bbcbc94f0,4,4,ዳግመኛም ዝናም በሚወርድ ጊዜ ምድርንም በሚአረካት ጊዜ ይነሣሉ፤ ቀድሞም እንደ ተሠራላቸው ይኖራሉ።
49de33d2-f23a-59f6-a99c-eaf63cf0a896,96cc0bbe-5052-54e8-a7fa-bd44f97d48e9,89c19a12-f6d0-53a8-a343-2c7bbcbc94f0,5,5,በደማዊት ነፍስ ሕያዋን የሚሆኑትና በምድር ላይ የሚንቀሳቀስ፥ ውኃም የሚያስገኛቸው ሁሉ እርሱ አዝዞአልና ተፈጠሩ፤ የእግዚአብሔርም መንፈስ በውኃው ላይ ይሰፍፍ ነበርና፤ በመንፈሱና በቃሉም ደማዊት ነፍስ ትሰጣቸዋለች።
5f73b9a7-634a-50f7-a97e-adc9fc860fa0,96cc0bbe-5052-54e8-a7fa-bd44f97d48e9,89c19a12-f6d0-53a8-a343-2c7bbcbc94f0,6,6,ሙታን አይነሡም የምትል አንተ ልበ-ዕውር እስኪ ተመልከት፤ በመንፈሱና በቃሉ ያለ አባትና እናት ይፈጠራሉና፤ ጥበብ ካለህስ ሙታን በፈጣሪያቸው በእግዚአብሔር ቃል አይነሡም እንዴት ትላለህ?
c1971ee2-fb4a-5d61-a4df-ce848a2d750f,96cc0bbe-5052-54e8-a7fa-bd44f97d48e9,89c19a12-f6d0-53a8-a343-2c7bbcbc94f0,7,7,አንተስ ንስሓ ግባ፤ ወደ እምነትህም ተመለስ፤ በመቃብር ኣመድና ትቢያ የሆኑ ሙታን በእግዚአብሔር ቃል ይነሣሉና።
fdf564aa-2fb2-5f3c-ae84-00760502e5ba,96cc0bbe-5052-54e8-a7fa-bd44f97d48e9,89c19a12-f6d0-53a8-a343-2c7bbcbc94f0,8,8,ቀድሞ ቃሉ እንደ ተናገረ ከእግዚአብሔር በተገኘ በይቅርታ ጠል ይነሣሉ፤ ያም ቃል ሁሉን ዞሮ ሙታንን እንደ ወደደ ያስነሣቸዋል።
43adac27-369a-5dec-aa80-49f5deae389f,96cc0bbe-5052-54e8-a7fa-bd44f97d48e9,89c19a12-f6d0-53a8-a343-2c7bbcbc94f0,9,9,ተነሥተህም በፊቱ እንደምትቆም ዕወቅ፤ እንደ አሳብህም በመቃብር የምትቀር አይምሰልህ።
42bfc86b-9c98-5f85-aa73-8b1dc096696e,96cc0bbe-5052-54e8-a7fa-bd44f97d48e9,89c19a12-f6d0-53a8-a343-2c7bbcbc94f0,10,10,እንዲህ አይደለም፥ በምድር እንደ ሠራኸው ሥራ በጎም ቢሆን፥ ክፉም ቢሆን፥ ተነሥተህ ዋጋህን ትቀበላለህ፤ ይህች የፍዳ ቀን ናትና።
7d2650f3-ccad-5df9-ac37-6ef6bbce86bd,96cc0bbe-5052-54e8-a7fa-bd44f97d48e9,89c19a12-f6d0-53a8-a343-2c7bbcbc94f0,11,11,በትንሣኤም ጊዜ በሠራኸው ኀጢአትህ ሁሉ ፍዳህን ትቀበላለህ፤ ከሕፃንነትህ ጀምሮ እስከዚያ ጊዜ ድረስ የተጻፈ ዕዳህን ትጨርሳለህ፤ ኀጢአትህንም ትክድ ዘንድ እንደዚህ ዓለም ሥራ በኀጢአትህ የምታመካኘው ምክንያት የለህም።
18d741d6-4912-5171-af1d-b8ff7ab65233,96cc0bbe-5052-54e8-a7fa-bd44f97d48e9,89c19a12-f6d0-53a8-a343-2c7bbcbc94f0,12,12,ሐሰተኛ ቃልህን በፊትህ እውነት እንደምታደርገው፥ የተናገርኸው ሐሰቱንም ነገር እውነት እንደምታደርገው፥ በዚያ የምታመካኘው ምክንያት የለህም።
3deaf4b1-e6dd-51d7-a8cc-b2b31067ac49,96cc0bbe-5052-54e8-a7fa-bd44f97d48e9,89c19a12-f6d0-53a8-a343-2c7bbcbc94f0,13,13,እርሷ የሠራኸውን ክፉ ሥራህን ሁሉ የምታውቅብህ ስለሆነ በፈጣሪዋ በእግዚአብሔር ፊትም የምትገልጥብህ ስለ ሆነ የእግዚአብሔር ቃሉ በአንተ አድሮ ይናገርብሃልና።
57b024ea-992c-5d67-a81a-25c4f9c68962,96cc0bbe-5052-54e8-a7fa-bd44f97d48e9,89c19a12-f6d0-53a8-a343-2c7bbcbc94f0,14,14,በዚያም ስለ ሠራኸው ኀጢአትህ ታፍራለህ፤ በመልካም ሥራቸው ከሚመሰገኑ ጋር ትመሰገን ዘንድ ነው እንጂ በፍርድ ቀን በመላእክትና በሰዎች ፊት እንዳታፍር ወደዚያ ሳትደርስ በዚህ ንስሓ ለመግባት ፍጠን።
9b13805a-455c-5a6c-a3aa-f433239bcc95,96cc0bbe-5052-54e8-a7fa-bd44f97d48e9,89c19a12-f6d0-53a8-a343-2c7bbcbc94f0,15,15,ከመላእክት ጋራ እግዚአብሔርን የሚያመሰግኑ ያለ ኀፍረት ከፈጣሪያቸው ዋጋቸውን ይቀበላሉ፤ ደስም ይላቸዋል፤ ነገር ግን በሥጋህ በሕይወት ሳለህ በጎ ሥራን ካልሠራህ ከጻድቃን ጋር እድል የለህም።
cf9a52d0-9bd2-5dd7-a610-1269e872ca51,96cc0bbe-5052-54e8-a7fa-bd44f97d48e9,89c19a12-f6d0-53a8-a343-2c7bbcbc94f0,16,16,ዕውቀት ሳለህ፥ ዋጋና ገብያም ሳለህ አልተዘጋጀህምና፥ ገንዘብም ሳለህ ለተራበው አላጐረስኸውምና የማይረባ ጸጸት ይሆንብሃል።
e59385d7-9bec-5ab6-a248-b3607c8dc09c,96cc0bbe-5052-54e8-a7fa-bd44f97d48e9,89c19a12-f6d0-53a8-a343-2c7bbcbc94f0,17,17,ልብስም ሳለህ የታረዘውን አላለበስኸውምና፥ ሥልጣንም ሳለህ የተበደለውን አላዳንኸውምና።
3ef00f91-ad29-5334-a968-d5ec20325b87,96cc0bbe-5052-54e8-a7fa-bd44f97d48e9,89c19a12-f6d0-53a8-a343-2c7bbcbc94f0,18,18,ዕውቀትም ሳለህ ተመልሶ ንስሓ ይገባ ዘንድ፥ ቀድሞ ባለማወቅ የሠራውንም ኀጢአቱን እግዚአብሔር ይቅር ይለው ዘንድ ኃጥኡን ሰው አላስተማርኸውምና፥ ድል መንሣትንም ትችል ዘንድ ኀይል ሳለህ ከሚጣሉህ ከአጋንንት ጋር አልተዋጋህም።
181a5708-e24c-5234-a2fc-762947dac100,96cc0bbe-5052-54e8-a7fa-bd44f97d48e9,89c19a12-f6d0-53a8-a343-2c7bbcbc94f0,19,19,ጽናትም ሳለህ በሥጋ ያለ የሕፃንነትህን ኀይል ታደክም ዘንድ በዓለም ያለ ሥጋን ለማስደሰት ያይደለ ለጽድቅ ራስህን ታስገዛ ዘንድ አልጾምህም፤ አልጸለይህምም።
0b533ca8-3345-529d-afde-276625fcab53,96cc0bbe-5052-54e8-a7fa-bd44f97d48e9,89c19a12-f6d0-53a8-a343-2c7bbcbc94f0,20,20,በዓለም በአለ ደስታ፥ በጣፋጭ ምግቦችና በማለፊያ መጠጥ አይደለም፤ በቀጭን ልብስም በወርቅና በብር በማጌጥም አይደለም።
ded72439-9ff1-5125-a15b-ef1b8073c5dd,96cc0bbe-5052-54e8-a7fa-bd44f97d48e9,89c19a12-f6d0-53a8-a343-2c7bbcbc94f0,21,21,በከበሩ በሕንደኬ ዕንቍዎች፥ በጳዝዮንና በመረግድ አይደለም፤ ይህ የሚገባ የሰው ጌጥ አይደለም።
b21ab5bc-66c5-51f5-a2aa-a68acec26582,96cc0bbe-5052-54e8-a7fa-bd44f97d48e9,89c19a12-f6d0-53a8-a343-2c7bbcbc94f0,22,22,ለሰውስ ጌጡ ንጽሕና፥ ጥበብና ዕውቅት፥ ያለ መቅናትና ያለ ምቀኝነት፥ ያለ መጠራጠርና ያለ ጠብ በሚገባ መዋደድ ነው።
514b5143-b3f9-5c17-a310-cde7dddc379b,96cc0bbe-5052-54e8-a7fa-bd44f97d48e9,89c19a12-f6d0-53a8-a343-2c7bbcbc94f0,23,23,ባልንጀራህን እንደ ራስህ እየወደድህ፥ ክፉ ባደረገብህ ሰውም ክፉ ነገር ሳታደርግ፥ መከራውን ለታገሡ ሰዎች ወደ ተሰጠ ማደሪያም ትገባ ዘንድ፥ ቅድስት ምድርን በትዕግሥትና በዕውቀት፥ በትንሣኤም ጊዜ መንግሥተ ሰማይን ተስፋ በማድረግ ከወረስዋት ሰዎች ጋር ዋጋህን ይሰጥህ ዘንድ ነው።
d29a259c-d923-5ac9-af67-271ec4ab1ec7,96cc0bbe-5052-54e8-a7fa-bd44f97d48e9,89c19a12-f6d0-53a8-a343-2c7bbcbc94f0,24,24,“ከሞትን በኋላ አንነሣም” አትበሉ፤ ይኽን የሚናገሩና የሚያስቡ ሰዎችን በትንሣኤ ጊዜ እንዳይድኑ ዲያብሎስ ተስፋ ያስቈርጣቸዋልና፥ ትንሣኤም በደረሰችባቸው ጊዜ ያውቃሉ፤ ኀጢአታቸውን ያስብባቸው ዘንድ ባለ ማወቅ ኀጢአት የሠሩ ሰዎች በትንሣኤ ጊዜ ፈጽመው ያዝናሉ፤ በዚያች ቀን እንደሚነሡ አላመኑበትምና።
7f61cf81-0ac5-545c-af97-41fe79cc0220,96cc0bbe-5052-54e8-a7fa-bd44f97d48e9,89c19a12-f6d0-53a8-a343-2c7bbcbc94f0,25,25,ስለዚህም በምድር ላይ እንደ ሠሩት ሥራቸው ክፋት ይወቀሳሉ፤ በሥጋ በአንድነት የሚነሡባትን የካዷትንም ትንሣኤ ያዩአታል።
a561c10d-029f-5d58-aa4b-31f11d161f00,96cc0bbe-5052-54e8-a7fa-bd44f97d48e9,89c19a12-f6d0-53a8-a343-2c7bbcbc94f0,26,26,ሥራቸውንም ስላላሳመሩ ያንጊዜ ያለቅሳሉ፤ ቢቻላቸውስ በዚያ የሚያለቅሱ እንዳይሆኑ፥ በዚህ ዓለም ቢያለቅሱ በተሻላቸው ነበር።
6c0b6b7f-0eb1-53b2-a33a-3c2cc5a3999f,96cc0bbe-5052-54e8-a7fa-bd44f97d48e9,89c19a12-f6d0-53a8-a343-2c7bbcbc94f0,27,27,በዚህ በፈቃዳችን ካላለቀስን፥ በዚያ ያለፈቃዳችን ያስለቅሱናል፤ በዚህ ንስሓን ካላዘጋጀን፥ በዚያ የማይረባና የማይጠቅም ጩኸትንና ልቅሶን እናዘጋጃለን።
168923ec-083f-5e54-a4af-3ec1a6edf523,96cc0bbe-5052-54e8-a7fa-bd44f97d48e9,89c19a12-f6d0-53a8-a343-2c7bbcbc94f0,28,28,ከሞት ወደ ሕይወት፥ ከምታልፍ ከዚህች ዓለምም ወደ ላይኝ`ዋ መንግሥተ ሰማይ፥ ከዚች ምድራዊት ብርሃንም ወደ ሰማያዊት ብርሃን ትሸጋገሩ ዘንድ መልካም ሥራን አዘጋጁ።
e5ddbdd3-a7c5-5cdd-a6b2-2f831b299c97,96cc0bbe-5052-54e8-a7fa-bd44f97d48e9,89c19a12-f6d0-53a8-a343-2c7bbcbc94f0,29,29,የሙታን ትንሣኤን ከሚያምኑ ሰዎች ጋር በማያልቅ ደስታ በመንግሥተ ሰማይ ደስ ይልህ ዘንድ በምድር ያለች ደስታን እንቢ በላት፤ ከዛሬ ጀምሮ እስከ ዘለዓለም አሜን።
5b1b1cb3-cf97-57a5-ac47-8348dacae65e,3ff34124-ad5f-5e65-a4d4-688236f187e1,e03ec81e-1bd7-5636-a310-1a5e61a19c3a,1,1,አውስጢድ በሚባል ሀገር ስሙ ኢዮብ የተባለ አንድ ሰው ነበረ፤ ያም ሰው ቅን፥ ንጹሕና ጻድቅ፥ እግዚአብሔርንም የሚፈራ፥ ከክፉ ሥራም ሁሉ የራቀ ነበር።
07d87979-8169-570f-a0a1-53d89ab2c09c,3ff34124-ad5f-5e65-a4d4-688236f187e1,e03ec81e-1bd7-5636-a310-1a5e61a19c3a,2,2,ሰባትም ወንዶች፥ ሦስትም ሴቶች ልጆች ነበሩት።
fad683e9-35e7-53f5-a10c-a7b2633bf2e2,3ff34124-ad5f-5e65-a4d4-688236f187e1,e03ec81e-1bd7-5636-a310-1a5e61a19c3a,3,3,ከብቶቹም፦ ሰባት ሺህ በጎች፥ ሦስት ሺህ ግመሎች፥ አምስት መቶም ጥማድ በሬ፥ አምስት መቶም እንስት አህዮች ነበሩ፤ እጅግ ብዙም አገልጋዮች ነበሩት፤ ሥራውም በምድር ላይ ታላቅ ነበረ፤ ያም ሰው በምሥራቅ ካሉ ሰዎች ሁሉ ይልቅ ገናና ነበረ።
58624ba3-d73b-529b-aba5-75beab45fdb1,3ff34124-ad5f-5e65-a4d4-688236f187e1,e03ec81e-1bd7-5636-a310-1a5e61a19c3a,4,4,ወንዶች ልጆቹም ሄደው በየተራ በእያንዳንዳቸው ቤት ግብዣ ያደርጉ ነበር፤ ሦስቱ እኅቶቻቸውንም ከእነርሱ ጋር ይወስዱአቸው ነበር፤ ከእነርሱም ጋር ይበሉና ይጠጡ ነበር።
3747c29a-339c-5f3e-af7d-748c4e26cbd4,3ff34124-ad5f-5e65-a4d4-688236f187e1,e03ec81e-1bd7-5636-a310-1a5e61a19c3a,5,5,የግብዣውም ቀኖች በተፈጸሙ ጊዜ ኢዮብ ይልክና ይቀድሳቸው ነበር፤ በማለዳም ገሥግሦ፦ ስለ ልጆቹ በቍጥራቸው መሥዋዕት ያቀርብ ነበር፤ አንድ ወይፈን ስለ ነፍሳቸው የኀጢአት መሥዋዕት ያቀርብ ነበር፤ ኢዮብ፥ “ምናልባት ልጆቼ በልባቸው በእግዚአብሔር ላይ ክፉ ነገር ያስቡ ይሆናል” ይል ነበርና።
0fa3c6ea-7d1e-543f-a823-d7d7a9e3e804,3ff34124-ad5f-5e65-a4d4-688236f187e1,e03ec81e-1bd7-5636-a310-1a5e61a19c3a,6,6,ከዕለታት አንድ ቀንም እንዲህ ሆነ፤ የእግዚአብሔር መላእክት በእግዚአብሔር ፊት ለመቆም መጡ፤ ሰይጣንም ደግሞ ከእነርሱ ጋር መጣ።
2238c0ed-ead6-5039-a55f-d6fdb30146bb,3ff34124-ad5f-5e65-a4d4-688236f187e1,e03ec81e-1bd7-5636-a310-1a5e61a19c3a,7,7,እግዚአብሔርም ሰይጣንን፥ “ከወዴት መጣህ?” አለው። ሰይጣንም፥ “ምድርን ሁሉ ዞርሁአት፥ ከሰማይ በታችም ተመላለስሁና መጣሁ።” ብሎ ለእግዚአብሔር መለሰ።
bbd27832-3676-5715-a0e3-4604f7d98000,3ff34124-ad5f-5e65-a4d4-688236f187e1,e03ec81e-1bd7-5636-a310-1a5e61a19c3a,8,8,እግዚአብሔርም ሰይጣንን አለው፥ “በባሪያዬ በኢዮብ ላይ የምታስበው ነገር እንዳይኖር ተጠንቀቅ! በምድር ላይ እንደ እርሱ ቅን፥ ንጹሕና ጻድቅ፥ እግዚአብሔርንም የሚፈራ፥ ከክፉ ሥራም ሁሉ የራቀ ሰው የለምና።”
f17e7bae-1a5f-5671-a0b6-99d464ae612f,3ff34124-ad5f-5e65-a4d4-688236f187e1,e03ec81e-1bd7-5636-a310-1a5e61a19c3a,9,9,ሰይጣንም በእግዚአብሔር ፊት እንዲህ ብሎ መለሰ፥ “በውኑ ኢዮብ እግዚአብሔርን የሚያመልከው በከንቱ ነውን?
fb0e2685-de85-5952-a50f-23c0d375546c,3ff34124-ad5f-5e65-a4d4-688236f187e1,e03ec81e-1bd7-5636-a310-1a5e61a19c3a,10,10,አንተ ቤቱን በውስጥም በውጭም፥ በዙሪያው ያለውንም ሁሉ አልሞላህለትምን? የእጁንም ሥራ ባርከህለታል፥ ከብቱንም በምድር ላይ አብዝተህለታል።
f3c555d6-44f4-5a90-a18f-5e62125453ec,3ff34124-ad5f-5e65-a4d4-688236f187e1,e03ec81e-1bd7-5636-a310-1a5e61a19c3a,11,11,ነገር ግን እጅህን ዘርግተህ ያለውን ሁሉ ዳስስ፤ በእውነት በፊትህ ይሰድብሃል።”
668aecef-d051-508f-af5a-7a2db15cc9d2,3ff34124-ad5f-5e65-a4d4-688236f187e1,e03ec81e-1bd7-5636-a310-1a5e61a19c3a,12,12,እግዚአብሔርም ሰይጣንን፥ “እነሆ፥ ለእርሱ ያለውን ሁሉ በእጅህ ሰጠሁህ፥ ነገር ግን በእርሱ ላይ እጅህን አትዘርጋ” አለው። ሰይጣንም ከእግዚአብሔር ፊት ወጣ።
22d7caac-5c35-5ee6-aa29-d1c0c48a7239,3ff34124-ad5f-5e65-a4d4-688236f187e1,31ce422a-b3b4-59d1-ad8d-6e17a3fe93e5,1,13,አንድ ቀንም እንዲህ ሆነ፤ የኢዮብ ወንዶችና ሴቶች ልጆች በታላቅ ወንድማቸው ቤት ይበሉና የወይን ጠጅ ይጠጡ ነበር።
760cb64f-9bd5-57e7-a842-07891c41f808,3ff34124-ad5f-5e65-a4d4-688236f187e1,31ce422a-b3b4-59d1-ad8d-6e17a3fe93e5,2,14,መልእክተኛም ወደ ኢዮብ መጥቶ፥ “ጥምድ በሬዎችህ እርሻ ያርሱ ነበር፥ በአጠገባቸውም ሴቶች አህዮችህ ይሰማሩ ነበር፤
57b3898d-1b14-5465-abbd-bef17e2acca9,3ff34124-ad5f-5e65-a4d4-688236f187e1,31ce422a-b3b4-59d1-ad8d-6e17a3fe93e5,3,15,ማራኪዎችም መጥተው ወሰዱአቸው፥ ብላቴኖችህንም በሰይፍ ስለት ገደሉ፥ እኔም ብቻዬን አምልጬ እነግርህ ዘንድ መጣሁ” አለው።
1c38382b-a547-5072-a49e-a36cdaff297a,3ff34124-ad5f-5e65-a4d4-688236f187e1,31ce422a-b3b4-59d1-ad8d-6e17a3fe93e5,4,16,እርሱም ገና ይህን ሲናገር ሌላ መልእክተኛ መጥቶ፦ ለኢዮብ እንዲህ አለው፥ “እሳት ከሰማይ ወደቀች፥ በጎችህንም አቃጠለች፥ ጠባቂዎችህንም በላች፤ እኔም ብቻዬን አምልጬ እነግርህ ዘንድ መጣሁ።”
dcf194dc-c596-531c-ae10-a2b682fda3fa,3ff34124-ad5f-5e65-a4d4-688236f187e1,31ce422a-b3b4-59d1-ad8d-6e17a3fe93e5,5,17,እርሱም ገና ይህን ሲናገር ሦስተኛው መልእክተኛ መጥቶ ለኢዮብ እንዲህ አለው፥ “ፈረሰኞች በሦስት ረድፍ ከብበው ግመሎችን ማርከው ወሰዱ፥ ብላቴኖችህንም በሰይፍ ስለት ገደሉ፤ እኔም ብቻዬን አምልጬ እነግርህ ዘንድ መጣሁ።”
952161ab-2484-5150-aa4d-4a1b0fdf0ed5,3ff34124-ad5f-5e65-a4d4-688236f187e1,31ce422a-b3b4-59d1-ad8d-6e17a3fe93e5,6,18,እርሱም ገና ይህን ሲናገር አራተኛው መልእክተኛ መጥቶ ለኢዮብ እንዲህ አለው፥ “ወንዶችና ሴቶች ልጆችህ በታላቅ ወንድማቸው ቤት ሲበሉና የወይን ጠጅ ሲጠጡ፥
9f51bf4d-f361-592b-afa6-21c8f242322b,3ff34124-ad5f-5e65-a4d4-688236f187e1,31ce422a-b3b4-59d1-ad8d-6e17a3fe93e5,7,19,እነሆ፥ ዐውሎ ነፋስ ከምድረ በዳ ድንገት መጥቶ ቤቱን በአራት ማዕዘኑ መታው፥ ቤቱም በብላቴኖቹ ላይ ወደቀ፥ እነርሱም ሞቱ፤ እኔም ብቻዬን አምልጬ እነግርህ ዘንድ መጣሁ።”
a113a7c6-e024-5abd-a987-ffb4f559c3e1,3ff34124-ad5f-5e65-a4d4-688236f187e1,31ce422a-b3b4-59d1-ad8d-6e17a3fe93e5,8,20,ኢዮብም ተነሣ መጐናጸፊያውንም ቀደደ፥ ራሱንም ተላጨ፥ በምድርም ላይ ተደፍቶ ሰገደ፤
a07c131c-51bc-5645-a10a-93096853f3de,3ff34124-ad5f-5e65-a4d4-688236f187e1,31ce422a-b3b4-59d1-ad8d-6e17a3fe93e5,9,21,እንዲህም አለ፥ “ከእናቴ ማኅፀን ራቁቴን ወጥቻለሁ፥ ራቁቴንም ወደ ምድር እመለሳለሁ፤ እግዚአብሔር ሰጠ፥ እግዚአብሔርም ነሣ፤ እግዚአብሔርም እንደ ፈቀደ ሆነ የእግዚአብብሔር ስም የተባረከ ይሁን።”
eba90d15-c084-533f-a2a1-d38df09492cb,3ff34124-ad5f-5e65-a4d4-688236f187e1,31ce422a-b3b4-59d1-ad8d-6e17a3fe93e5,10,22,በዚህም በደረሰበት ሁሉ ኢዮብ በእግዚአብሔር ፊት አልበደለም፥ ለእግዚአብሔርም ስንፍናን አልሰጠም።
1e268163-daa2-5343-a185-f53f69ad53ac,1d9b94f6-b62a-5a02-afcd-f26496a0481e,b6eac0d3-3a8c-594b-a32a-78c3401cf9d4,1,1,ከዕለታት አንድ ቀን እንዲህ ሆነ፤ የእግዚአብሔር መላእክት መጥተው በእግዚአብሔር ፊት ቆሙ፥ ሰይጣን ደግሞ በእግዚአብሔር ፊት ለመቆም ከእነርሱ ጋር መጣ።
e8541e0b-c15e-5937-a75b-f93c3c0924f1,1d9b94f6-b62a-5a02-afcd-f26496a0481e,b6eac0d3-3a8c-594b-a32a-78c3401cf9d4,2,2,እግዚአብሔርም ሰይጣንን፥ “ከወዴት መጣህ?” አለው። ሰይጣንም፥ “ከሰማይ በታች በምድር ላይ ዞርሁ፥ በእርስዋም ተመላለስሁ” ብሎ በእግዚአብሔር ፊት መለሰ።
7a82d370-afe2-566f-ac03-92949e79bf08,1d9b94f6-b62a-5a02-afcd-f26496a0481e,b6eac0d3-3a8c-594b-a32a-78c3401cf9d4,3,3,እግዚአብሔርም ሰይጣንን አለው፥ “በባሪያዬ በኢዮብ ላይ እንዲህ እንዳታስብ ተጠንቀቅ፤ በምድር ላይ እንደ እርሱ ያለ ገር፥ ጻድቅና ንጹሕ፥ እግዚአብሔርን የሚፈራ፥ ከክፋትም ሁሉ የራቀ፥ ዳግመኛም ቅን የሆነ ሰው የለምና፤ አንተ ግን ሀብቱን በከንቱ አጠፋ ዘንድ ነገርኸኝ።”
2a463e97-1048-5f7c-a0c2-cf6c542725bd,1d9b94f6-b62a-5a02-afcd-f26496a0481e,b6eac0d3-3a8c-594b-a32a-78c3401cf9d4,4,4,ሰይጣንም መልሶ ለእግዚአብሔር፥ “ቍርበት ስለ ቍርበት ነው፤ ሰው ያለውን ሁሉ ስለ ሕይወቱ ይሰጣል።
15ef7452-d485-55e0-abf5-206be54ec6e5,1d9b94f6-b62a-5a02-afcd-f26496a0481e,b6eac0d3-3a8c-594b-a32a-78c3401cf9d4,5,5,ነገር ግን አሁን እጅህን ዘርግተህ አጥንቱንና ሥጋውን ዳስስ፤ በእውነት በፊትህ ይሰድብሃል” ብሎ መለሰ።
a33b1847-1919-5df5-aa96-89c9fca6f8a1,1d9b94f6-b62a-5a02-afcd-f26496a0481e,b6eac0d3-3a8c-594b-a32a-78c3401cf9d4,6,6,እግዚአብሔርም ሰይጣንን አለው፥ “እነሆ፥ ሥጋውንና አጥንቱን በእጅህ ሰጠሁህ። ነገር ግን ሕይወቱን ተው።”
26b3a0cb-f744-5f75-a67b-b62f84f02c45,1d9b94f6-b62a-5a02-afcd-f26496a0481e,b6eac0d3-3a8c-594b-a32a-78c3401cf9d4,7,7,ሰይጣንም ከእግዚአብሔር ፊት ወጣ፥ ኢዮብንም ከእግሩ ጀምሮ እስከ አናቱ ድረስ በክፉ ቍስል መታው።
8369fcb5-92e4-50da-af09-1045d9631d41,1d9b94f6-b62a-5a02-afcd-f26496a0481e,b6eac0d3-3a8c-594b-a32a-78c3401cf9d4,8,8,ቍስሉንም ያክክበት ዘንድ ገል ወሰደ፥ ከከተማም ወጥቶ በአመድ ላይ ተቀመጠ።
73220797-defd-522c-a321-e53db2109a32,1d9b94f6-b62a-5a02-afcd-f26496a0481e,b6eac0d3-3a8c-594b-a32a-78c3401cf9d4,9,9,ብዙ ወራትም ካለፈ በኋላ ሚስቱ እንዲህ አለችው፥ “እስከ መቼ ትታገሣለህ? 9 ‘ሀ’ ዳግመኛም እግዚአብሔርን ጥቂት ወራት ደጅ እጠናዋለሁ፤ ዳግመኛም መከራውን እታገሠዋለሁ፤ የቀድሞው ኑሬዬንም ተስፋ አደርገዋለሁ ትላለህን? 9 ‘ለ’ እንደዚህስ እንዳትል ከዚህ ዓለም እነሆ ስም አጠራርህ ጠፋ፤ ወንዶችና ሴቶች ልጆቼም ሞቱ፥ ማኅፀኔም በምጥ ተጨነቀ፥ በከንቱም ደከምሁ። 9 ‘ሐ’ አንተም በመግልና በትል ትኖራለህ፤ ሌሊቱንም ሁሉ ትዛብራለህ። 9 ‘መ’ እኔ ግን እየዞርሁ እቀላውጣለሁ። ከአንዱ መንደር ወደ አንዱ መንደር፥ ከአንዱ ቤትም ወደ አንዱ ቤት እሄዳለሁ፤ ከድካሜና በእኔ ላይ ካለ ችግሬም ዐርፍ ዘንድ ፀሐይ እስኪገባ ድረስ እጠብቃለሁ፤ ነገር ግን አሁን እግዚአብሔርን ስደብና ሙት።”
64dc4bd2-ef42-53b0-ab8a-fa9584eaf390,1d9b94f6-b62a-5a02-afcd-f26496a0481e,b6eac0d3-3a8c-594b-a32a-78c3401cf9d4,10,10,እርሱ ግን፦ ወደ እርስዋ ተመለከተና እንዲህ አላት፥ “አንቺ ከሰነፎች ሴቶች እንደ አንዲቱ ተናገርሽ፤ ከእግዚአብሔር እጅ መልካሙን ተቀበልን፥ ክፉውን ነገርስ አንታገሥምን?” በዚህ በደረሰበት ሁሉ ኢዮብ በእግዚአብሔር ፊት በከንፈሩ አልበደለም።
15088dbd-956b-5168-add5-1fec4585fc4e,1d9b94f6-b62a-5a02-afcd-f26496a0481e,613b9c80-5fcc-502c-ac7e-02b734641c0c,1,11,ሦስቱም የኢዮብ ወዳጆች ይህን የደረሰበትን ክፉ ነገር ሁሉ ሰምተው ከየሀገራቸው ወደ እርሱ መጡ፤ እነርሱም ቴማናዊው ንጉሥ ኤልፋዝ፥ አውኬናዊው መስፍን በልዳዶስ፥ አሜናዊው ንጉሥ ሶፋር ነበሩ። እነርሱም ሊጐበኙትና ሊያጽናኑት በአንድነት ወደ እርሱ መጡ።
843f4c94-e62f-537b-ac14-8c1febd9c9fb,1d9b94f6-b62a-5a02-afcd-f26496a0481e,613b9c80-5fcc-502c-ac7e-02b734641c0c,2,12,ከሩቅም ሆነው ባዩት ጊዜ አላወቁትም፤ በታላቅ ድምፅም ጮኸው አለቀሱ፤ መጐናጸፊያቸውንም ቀደዱ፥ በራሳቸውም ላይ ትቢያ ነሰነሱ።
a275972a-639e-5c9d-ade9-0508e0724944,1d9b94f6-b62a-5a02-afcd-f26496a0481e,613b9c80-5fcc-502c-ac7e-02b734641c0c,3,13,ሰባት ቀንና ሰባት ሌሊትም በአጠገቡ ተቀመጡ፤ ሕማሙ እጅግ አስፈሪና ታላቅ እንደ ነበረ አይተዋልና ከእነርሱ አንድ ቃል የሚናገረው አልነበረም።
a319d4a3-2cf1-55d1-a9be-900cfbf67a5c,ca55a357-9463-5fb5-a35f-a8b4fc8ff915,5802d587-e306-5b60-aa01-f2bf5313cbc6,1,1,ከዚያም በኋላ ኢዮብ አፉን ከፈተ፥ የተወለደባትንም ቀን ረገመ።
3f5adf3e-4d19-59de-a694-8309d9045fb9,ca55a357-9463-5fb5-a35f-a8b4fc8ff915,5802d587-e306-5b60-aa01-f2bf5313cbc6,2,2,እንዲህም አለ፦
052c5179-042b-5a5a-a78a-596970f82dfb,ca55a357-9463-5fb5-a35f-a8b4fc8ff915,5802d587-e306-5b60-aa01-f2bf5313cbc6,3,3,“ያች የተወለድሁባት ቀን ትጥፋ፥
3715038a-7813-5000-a3b0-e1f0c94ee10f,ca55a357-9463-5fb5-a35f-a8b4fc8ff915,5802d587-e306-5b60-aa01-f2bf5313cbc6,4,4,ያች ቀን ጨለማ ትሁን፤
06befb2d-c90c-56fd-a4bd-e46555f7ff9c,ca55a357-9463-5fb5-a35f-a8b4fc8ff915,5802d587-e306-5b60-aa01-f2bf5313cbc6,5,5,ጨለማና የሞት ጥላ ያግኙአት፤
734ef29c-4b51-5bc2-a87e-b7b75c771c79,ca55a357-9463-5fb5-a35f-a8b4fc8ff915,5802d587-e306-5b60-aa01-f2bf5313cbc6,6,6,ያች ቀንም የተረገመች ትሁን።
bfd34aaa-9332-552e-aaa2-c32e59d7f3cd,ca55a357-9463-5fb5-a35f-a8b4fc8ff915,5802d587-e306-5b60-aa01-f2bf5313cbc6,7,7,ለዚያም ሌሊት ጭንቅ ይሁን፥
779df581-93da-565f-a486-2b35276d2cb5,ca55a357-9463-5fb5-a35f-a8b4fc8ff915,5802d587-e306-5b60-aa01-f2bf5313cbc6,8,8,ነገር ግን ሌዋታንን ለመግደል የተዘጋጀ
71ea3550-e3cb-56d9-a05f-884c578122f3,ca55a357-9463-5fb5-a35f-a8b4fc8ff915,5802d587-e306-5b60-aa01-f2bf5313cbc6,9,9,የዚያ ሌሊት ኮከቦች ይጨልሙ፤
67bd8b6b-e48b-5f7a-ad00-114d7c2e4531,ca55a357-9463-5fb5-a35f-a8b4fc8ff915,5802d587-e306-5b60-aa01-f2bf5313cbc6,10,10,የእናቴን ማኅፀን ደጅ አልዘጋምና፥
74a956a2-7d3a-5c92-a464-57949a2b73da,ca55a357-9463-5fb5-a35f-a8b4fc8ff915,5802d587-e306-5b60-aa01-f2bf5313cbc6,11,11,በማኅፀን ሳለሁ ስለ ምን አልሞትሁም?
1b62751f-0c09-5bea-a638-108c357516ee,ca55a357-9463-5fb5-a35f-a8b4fc8ff915,5802d587-e306-5b60-aa01-f2bf5313cbc6,12,12,ጕልበቶች ስለ ምን ደገፉኝ?
89f029fe-ce50-53f1-adad-aad7482ff4d8,ca55a357-9463-5fb5-a35f-a8b4fc8ff915,5802d587-e306-5b60-aa01-f2bf5313cbc6,13,13,አሁንም ተኝቼ ዝም ባልሁ ነበር፤
bc86c469-124c-5852-a7ec-ae850e90cc31,ca55a357-9463-5fb5-a35f-a8b4fc8ff915,5802d587-e306-5b60-aa01-f2bf5313cbc6,14,14,በሰይፋቸው ከከበሩ
419828da-1c5b-52d4-ae54-fc9140daf96f,ca55a357-9463-5fb5-a35f-a8b4fc8ff915,5802d587-e306-5b60-aa01-f2bf5313cbc6,15,15,ወይም ወርቅን ካበዙ፥
51873927-da79-5d7d-a52b-0ce5a686b3d1,ca55a357-9463-5fb5-a35f-a8b4fc8ff915,5802d587-e306-5b60-aa01-f2bf5313cbc6,16,16,ወይም ከእናቱ ማኅፀን እንደ ወጣ ጭንጋፍ፥
0fdbe5c2-0d23-55c9-aaf6-b6884da6a8ce,ca55a357-9463-5fb5-a35f-a8b4fc8ff915,5802d587-e306-5b60-aa01-f2bf5313cbc6,17,17,ኃጥኣን በዚያ በቍጣው መቅሠፍት ይቃጠላሉ፤
6452a9e4-c45b-5e6b-a685-f8a93fd7c8c9,ca55a357-9463-5fb5-a35f-a8b4fc8ff915,5802d587-e306-5b60-aa01-f2bf5313cbc6,18,18,በዚያም የጥንት ዘመን ሰዎች በአንድነት፥
2a17e1ca-12fd-50f1-ae6f-5b5cc2b751a8,ca55a357-9463-5fb5-a35f-a8b4fc8ff915,5802d587-e306-5b60-aa01-f2bf5313cbc6,19,19,ታናሹና ታላቁ በዚያ አሉ፤
f3e524b1-d601-5fed-aa3e-ce945f592af7,ca55a357-9463-5fb5-a35f-a8b4fc8ff915,5802d587-e306-5b60-aa01-f2bf5313cbc6,20,20,በመራራነት ላሉት ብርሃን፥
4cb625b3-9240-5ac2-ad54-ea52f1029525,ca55a357-9463-5fb5-a35f-a8b4fc8ff915,5802d587-e306-5b60-aa01-f2bf5313cbc6,21,21,የተሰወረ ሀብትን ከሚቈፍሩ ይልቅ፥
4a34e94c-b221-5896-a3a8-a24a94e27307,ca55a357-9463-5fb5-a35f-a8b4fc8ff915,5802d587-e306-5b60-aa01-f2bf5313cbc6,22,22,ባገኙትም ጊዜ ደስ ለሚላቸው፥
17d515d6-250b-587a-a3af-250c59959395,ca55a357-9463-5fb5-a35f-a8b4fc8ff915,5802d587-e306-5b60-aa01-f2bf5313cbc6,23,23,ሞት ለሰው ዕረፍቱ ነው፥
64534196-ace5-50f2-a3e4-fb1d3f44c456,ca55a357-9463-5fb5-a35f-a8b4fc8ff915,5802d587-e306-5b60-aa01-f2bf5313cbc6,24,24,ከአዝመራዬ በፊት ልቅሶዬ መጥቶአልና፥
e4d942a3-841f-52e4-a312-d3911002b9c1,ca55a357-9463-5fb5-a35f-a8b4fc8ff915,5802d587-e306-5b60-aa01-f2bf5313cbc6,25,25,የተጠራጠርሁት ነገር መጥቶብኛልና፥
2ef47b3d-38c4-5e45-af0d-04e6480297a0,ca55a357-9463-5fb5-a35f-a8b4fc8ff915,5802d587-e306-5b60-aa01-f2bf5313cbc6,26,26,ተዘልዬ አልተቀመጥሁም፥
d5cdb30e-6e57-546d-aacb-f8f858eee260,c3cde109-c70d-5c57-a352-d81d205ec0ea,2fb7c302-fb9d-5f87-a52c-ea9d7aaf85c6,1,1,ቴማናዊውም ኤልፋዝ መለሰ፥ እንዲህም አለ፦
d7854584-f1e6-5e27-a07c-e7b5c8f7969f,c3cde109-c70d-5c57-a352-d81d205ec0ea,2fb7c302-fb9d-5f87-a52c-ea9d7aaf85c6,2,2,“በመከራ ሳለህ ነገር አታብዛ፥ የነገር ብዛት ምን ይጠቅምሃል?
3e0a799c-2fd9-54a0-a8bd-13f3ad136a18,c3cde109-c70d-5c57-a352-d81d205ec0ea,2fb7c302-fb9d-5f87-a52c-ea9d7aaf85c6,3,3,እነሆ፥ አንተ ብዙዎችን ታስተምር ነበር፥
214d9a44-1069-5f89-a430-943c62e61bac,c3cde109-c70d-5c57-a352-d81d205ec0ea,2fb7c302-fb9d-5f87-a52c-ea9d7aaf85c6,4,4,በቃልህ በሽተኞችን ታስነሣ ነበር፥
532e1109-edb4-5cfb-a89c-ad21d4cd6402,c3cde109-c70d-5c57-a352-d81d205ec0ea,2fb7c302-fb9d-5f87-a52c-ea9d7aaf85c6,5,5,አሁን ግን ሕማም በአንተ ላይ መጥቶ ዳሰሰህ።
8fcec21c-794d-5c63-ab49-4ca1a892a252,c3cde109-c70d-5c57-a352-d81d205ec0ea,2fb7c302-fb9d-5f87-a52c-ea9d7aaf85c6,6,6,ጥንቱን ፍርሀትህ፥ ተስፋህም፥
e1a332fc-4545-52e7-ad05-05c2addac0ab,c3cde109-c70d-5c57-a352-d81d205ec0ea,2fb7c302-fb9d-5f87-a52c-ea9d7aaf85c6,7,7,እባክህ አስብ፥ ንጹሕ ሆኖ የጠፋ ማን ነው?
96bf2396-1c6c-55d7-a551-83f0998e682f,c3cde109-c70d-5c57-a352-d81d205ec0ea,2fb7c302-fb9d-5f87-a52c-ea9d7aaf85c6,8,8,እኔ እንዳየሁ፥ ኀጢኣትን የሚያርሱ፥ የሚዘሩአትም
9a891597-a1f2-5bc5-ad9c-c37713bb4933,c3cde109-c70d-5c57-a352-d81d205ec0ea,2fb7c302-fb9d-5f87-a52c-ea9d7aaf85c6,9,9,በእግዚአብሔርም ትእዛዝ ይጠፋሉ፥
cb6ead0e-d6cb-57d3-ac78-3812bac47194,c3cde109-c70d-5c57-a352-d81d205ec0ea,2fb7c302-fb9d-5f87-a52c-ea9d7aaf85c6,10,10,የአንበሳው ጩኸት፥ የአንበሳዪቱም ድምፅ፥
01d9bc78-4aa0-5874-a394-cd56ec9f8074,c3cde109-c70d-5c57-a352-d81d205ec0ea,2fb7c302-fb9d-5f87-a52c-ea9d7aaf85c6,11,11,“ገብረ ጉንዳን ምግብ በማጣት አለቀ፥
4c633024-e503-57ce-a2f4-02d1de0bd5de,c3cde109-c70d-5c57-a352-d81d205ec0ea,2fb7c302-fb9d-5f87-a52c-ea9d7aaf85c6,12,12,ነገር ግን አንተ አንዳች እውነት አድርገህ ቢሆን ኖሮ፥
42358dbd-b947-5592-a372-eb3c7f933e57,c3cde109-c70d-5c57-a352-d81d205ec0ea,2fb7c302-fb9d-5f87-a52c-ea9d7aaf85c6,13,13,በሰዎች ላይ ፍርሀት በወደቀ ጊዜ
01b21742-b1e3-52fc-a332-9e30045f7756,c3cde109-c70d-5c57-a352-d81d205ec0ea,2fb7c302-fb9d-5f87-a52c-ea9d7aaf85c6,14,14,ድንጋጤና መንቀጥቀጥ ያዙኝ፤
c6b6cd77-0cea-5cab-af7a-a3795bc76ca2,c3cde109-c70d-5c57-a352-d81d205ec0ea,2fb7c302-fb9d-5f87-a52c-ea9d7aaf85c6,15,15,መንፈሴም በፊቴ ዐለፈ፥
d78be3d2-1a5d-5195-aef1-bb5beda263fa,c3cde109-c70d-5c57-a352-d81d205ec0ea,2fb7c302-fb9d-5f87-a52c-ea9d7aaf85c6,16,16,ተነሣሁ፤ ነገር ግን አላወቅሁም፥
4ccd48e1-10b7-55c8-a49e-5d8580f566cc,c3cde109-c70d-5c57-a352-d81d205ec0ea,2fb7c302-fb9d-5f87-a52c-ea9d7aaf85c6,17,17,በእግዚአብሔር ፊት ንጹሕ የሚሆን ሟች ማን ነው?
c73c1a18-1b2f-5c32-af17-bd36d6bf1d55,c3cde109-c70d-5c57-a352-d81d205ec0ea,2fb7c302-fb9d-5f87-a52c-ea9d7aaf85c6,18,18,እነሆ፥ አገልጋዮቹንም አይተማመናቸውም፥
3e9190d6-4620-518e-a90e-a1b3746aab8d,c3cde109-c70d-5c57-a352-d81d205ec0ea,2fb7c302-fb9d-5f87-a52c-ea9d7aaf85c6,19,19,ይልቁንም ከአንድ ዐይነት ጭቃ የተፈጠርን እኛ፥
1735f217-19d1-521c-ae6c-00fb5bc9cfd2,c3cde109-c70d-5c57-a352-d81d205ec0ea,2fb7c302-fb9d-5f87-a52c-ea9d7aaf85c6,20,20,ከጥዋት እስከ ማታ አይኖሩም።
5a401b2d-7a6f-594e-ab98-9ebb74b99d21,c3cde109-c70d-5c57-a352-d81d205ec0ea,2fb7c302-fb9d-5f87-a52c-ea9d7aaf85c6,21,21,እፍ ብሎባቸዋልና ይደርቃሉ፥
61d11db1-cd8a-5ea6-a330-3853ae24038c,f1c01859-715b-5808-aa33-5bf4b4bba494,e9fadef0-3e16-522a-ac20-7997161836a5,1,1,“አሁንም የሚመልስልህ ካለ ጥራ፥
fe787528-3123-5a9c-a062-60fe6a900248,f1c01859-715b-5808-aa33-5bf4b4bba494,e9fadef0-3e16-522a-ac20-7997161836a5,2,2,ሰነፉን ሰው ቍጣ ይገድለዋልና፥
927d9dc2-5622-53c3-a6bf-029ccdcb9272,f1c01859-715b-5808-aa33-5bf4b4bba494,e9fadef0-3e16-522a-ac20-7997161836a5,3,3,ሰነፎችን ሥር ሰድደው አየኋቸው፥
6b51ee4f-2eed-5a8d-a99a-bd486c05250c,f1c01859-715b-5808-aa33-5bf4b4bba494,e9fadef0-3e16-522a-ac20-7997161836a5,4,4,ልጆቻቸው ከደኅንነት ርቀዋል፥
2b7926cb-03df-5c4c-afc2-f90320c94885,f1c01859-715b-5808-aa33-5bf4b4bba494,e9fadef0-3e16-522a-ac20-7997161836a5,5,5,እነርሱ የሰበሰቡትንም ጻድቃን ይበሉታል።
aa32a710-2672-587b-abba-37b0cc7cb6c1,f1c01859-715b-5808-aa33-5bf4b4bba494,e9fadef0-3e16-522a-ac20-7997161836a5,6,6,ችግር ከምድር አይወጣምና፥
54b66d32-f9cc-5f94-ac1d-9bf8afb5b170,f1c01859-715b-5808-aa33-5bf4b4bba494,e9fadef0-3e16-522a-ac20-7997161836a5,7,7,የአሞራ ግልገሎች ግን ወደ ላይ እየበረሩ ከፍ እንዲሉ፥
e9ced080-0e2b-557c-abc5-51860328482b,f1c01859-715b-5808-aa33-5bf4b4bba494,e9fadef0-3e16-522a-ac20-7997161836a5,8,8,“እኔ ግን እግዚአብሔርን እለምነው ነበር፥
8cced300-eb8b-5d40-aab2-cf00896a9eda,f1c01859-715b-5808-aa33-5bf4b4bba494,e9fadef0-3e16-522a-ac20-7997161836a5,9,9,እርሱ የማይመረመረውን ታላቅ ነገርና
7440fffa-f794-50c9-ae20-25a02947aaaf,f1c01859-715b-5808-aa33-5bf4b4bba494,e9fadef0-3e16-522a-ac20-7997161836a5,10,10,በምድር ላይ ዝናብን ይሰጣል፥
5aa94cb7-84c2-560b-a109-d092bf47ac30,f1c01859-715b-5808-aa33-5bf4b4bba494,e9fadef0-3e16-522a-ac20-7997161836a5,11,11,የተዋረዱትን ከፍ ያደርጋቸዋል፥
6ea85149-4249-58e2-a34f-d400d7df0d83,f1c01859-715b-5808-aa33-5bf4b4bba494,e9fadef0-3e16-522a-ac20-7997161836a5,12,12,የተንኰለኞችን ምክር ይለውጣል፥
bd695ec2-ecc5-5ec4-a3f7-eaed0f4efcc6,f1c01859-715b-5808-aa33-5bf4b4bba494,e9fadef0-3e16-522a-ac20-7997161836a5,13,13,ጠቢባንንም በተንኰላቸው ይይዛቸዋል፤
b0bdb8af-da5b-511c-aae6-0793255a53dd,f1c01859-715b-5808-aa33-5bf4b4bba494,e9fadef0-3e16-522a-ac20-7997161836a5,14,14,በቀን ጨለማ ያገኛቸዋል፥
bd77eb54-621a-5618-aed4-39dcc6592448,f1c01859-715b-5808-aa33-5bf4b4bba494,e9fadef0-3e16-522a-ac20-7997161836a5,15,15,በጦርነት ይጠፋሉ፤
76bc5477-ff8d-5e74-a045-71677e28da20,f1c01859-715b-5808-aa33-5bf4b4bba494,e9fadef0-3e16-522a-ac20-7997161836a5,16,16,ለምስኪኑ ተስፋ አለውና፤
b7d02018-74a1-5da5-aec7-0251d270570a,f1c01859-715b-5808-aa33-5bf4b4bba494,e9fadef0-3e16-522a-ac20-7997161836a5,17,17,“ነገር ግን እግዚአብሔር የሚገሥጸው ሰው ብፁዕ ነው፤
cc5a4f78-d543-5b9d-aa93-88042862fc32,f1c01859-715b-5808-aa33-5bf4b4bba494,e9fadef0-3e16-522a-ac20-7997161836a5,18,18,እርሱ ይሰብራል፥ ዳግመኛም ይጠግናል፤
deb4f936-8c95-5006-ab80-fee932dc40af,f1c01859-715b-5808-aa33-5bf4b4bba494,e9fadef0-3e16-522a-ac20-7997161836a5,19,19,ስድስት ጊዜ ከክፉ ነገር ያድንሃል፥
bf411295-f206-55c9-a6ca-adc3033d704c,f1c01859-715b-5808-aa33-5bf4b4bba494,e9fadef0-3e16-522a-ac20-7997161836a5,20,20,በራብ ጊዜ ከሞት ያድንሃል፥
7cde7b7b-0cce-5e45-a491-cff4be244434,f1c01859-715b-5808-aa33-5bf4b4bba494,e9fadef0-3e16-522a-ac20-7997161836a5,21,21,ከምላስ ጅራፍ ይሰውርሃል፥
882ce010-377f-58d1-a368-237c0045f35d,f1c01859-715b-5808-aa33-5bf4b4bba494,e9fadef0-3e16-522a-ac20-7997161836a5,22,22,በኃጥኣንና በዐመጸኞች ላይ ትስቅባቸዋለህ፤
409fc982-60d3-56c9-ad42-a85e8bd363c6,f1c01859-715b-5808-aa33-5bf4b4bba494,e9fadef0-3e16-522a-ac20-7997161836a5,23,23,የምድረ በዳ አራዊትም ከአንተ ጋር ይስማማሉ።
555be700-0a76-5586-a1d5-6960839a9adf,f1c01859-715b-5808-aa33-5bf4b4bba494,e9fadef0-3e16-522a-ac20-7997161836a5,24,24,ያንጊዜ ቤትህ በሰላም እንዲሆን ታውቃለህ፤
94804bfb-6120-5c53-a4f5-e657832433c0,f1c01859-715b-5808-aa33-5bf4b4bba494,e9fadef0-3e16-522a-ac20-7997161836a5,25,25,ዘርህም ብዙ እንዲሆን፥
aaab0791-f39b-5391-a7ed-3c4874410238,f1c01859-715b-5808-aa33-5bf4b4bba494,e9fadef0-3e16-522a-ac20-7997161836a5,26,26,በወራቱ የደረሰ አዝመራ እንዲሰበሰብ፥
f7203118-efc2-5dd2-a743-d6552c0d4b79,f1c01859-715b-5808-aa33-5bf4b4bba494,e9fadef0-3e16-522a-ac20-7997161836a5,27,27,እነሆ፥ ይህን ዐውቀን መረመርን፥ የሰማነውም ይህ ነው፤
f5cfc164-272d-5087-a869-0e05235eaa26,ec1691f6-ec3a-537a-aca9-c21ec84bc8f1,9b3dfddc-77a0-55e0-a2d1-2a54331af58d,1,1,ኢዮብም መለሰ፥ እንዲህም አለ፦
def0bc56-8beb-56e1-aa32-5830d8dec20e,ec1691f6-ec3a-537a-aca9-c21ec84bc8f1,9b3dfddc-77a0-55e0-a2d1-2a54331af58d,2,2,“ከእናንተ አንዱ መቅሠፍቴን ምነው በመዘነ ኖሮ!
367de19c-43d8-51c3-a66a-a539b6803296,ec1691f6-ec3a-537a-aca9-c21ec84bc8f1,9b3dfddc-77a0-55e0-a2d1-2a54331af58d,3,3,ከባሕር አሸዋ ይልቅ ይከብድ ነበርና፤
eca8f4ad-4c9e-5ac9-a8fa-b7d285232932,ec1691f6-ec3a-537a-aca9-c21ec84bc8f1,9b3dfddc-77a0-55e0-a2d1-2a54331af58d,4,4,እነሆ፥ የእግዚአብሔር ፍላጻ በሥጋዬ ላይ ነው፤
34fa57a5-5c7f-54ca-a769-8dcb3864717e,ec1691f6-ec3a-537a-aca9-c21ec84bc8f1,9b3dfddc-77a0-55e0-a2d1-2a54331af58d,5,5,በውኑ የሜዳ አህያ ሣር እያለው በከንቱ ይጮኻልን? የሚበላውን ፈልጎ አይደለምን?
0418d5f6-4015-5253-aa67-e857fe9e764a,ec1691f6-ec3a-537a-aca9-c21ec84bc8f1,9b3dfddc-77a0-55e0-a2d1-2a54331af58d,6,6,ምግብ ያለ ጨው ይበላልን?
df54bb2d-28a7-53ce-a84b-3b934efb20ef,ec1691f6-ec3a-537a-aca9-c21ec84bc8f1,9b3dfddc-77a0-55e0-a2d1-2a54331af58d,7,7,ሰውነቴ ማረፍ አልቻለችም፤
9a2367ce-a363-5460-ad87-9a06c1e226e2,ec1691f6-ec3a-537a-aca9-c21ec84bc8f1,9b3dfddc-77a0-55e0-a2d1-2a54331af58d,8,8,ልመናዬ ምነው በደረሰልኝ!
9ca3f592-759e-5d5e-a445-cd0919dae5cd,ec1691f6-ec3a-537a-aca9-c21ec84bc8f1,9b3dfddc-77a0-55e0-a2d1-2a54331af58d,9,9,እግዚአብሔርም ያቈስለኝ ዘንድ ጀመረ፥
5e5c204c-a11e-5c80-a48d-d290984a7be6,ec1691f6-ec3a-537a-aca9-c21ec84bc8f1,9b3dfddc-77a0-55e0-a2d1-2a54331af58d,10,10,መቃብሬ በግንቡ የምመላለስበት ከተማዬ ይሁን፥
472f18ca-2dea-504f-af7b-66ffd131dd96,ec1691f6-ec3a-537a-aca9-c21ec84bc8f1,9b3dfddc-77a0-55e0-a2d1-2a54331af58d,11,11,እታገሥ ዘንድ ጕልበቴ ምንድን ነው?
e1c1bf03-6617-5b5a-ae99-e300e24c65cd,ec1691f6-ec3a-537a-aca9-c21ec84bc8f1,9b3dfddc-77a0-55e0-a2d1-2a54331af58d,12,12,ጕልበቴ የድንጋይ ጉልበት ነውን?
5871ef3b-154f-5032-a680-88e6abbde0d7,ec1691f6-ec3a-537a-aca9-c21ec84bc8f1,9b3dfddc-77a0-55e0-a2d1-2a54331af58d,13,13,በእርሱ የታመንሁ አይደለሁምን?
7e1b5973-7545-50cb-a41b-e9a21af0bf8a,ec1691f6-ec3a-537a-aca9-c21ec84bc8f1,9b3dfddc-77a0-55e0-a2d1-2a54331af58d,14,14,ምሕረቱ ቸል አለኝ፥
6bc25cc8-4ac9-54fc-a46d-5efd0c03766c,ec1691f6-ec3a-537a-aca9-c21ec84bc8f1,9b3dfddc-77a0-55e0-a2d1-2a54331af58d,15,15,“ወንድሞቼም እንደ ደረቅ ወንዝ፥
4070e624-bf0c-5a65-a1c3-e784de377361,ec1691f6-ec3a-537a-aca9-c21ec84bc8f1,9b3dfddc-77a0-55e0-a2d1-2a54331af58d,16,16,ያከብሩኝ የነበሩ እነዚያ፥
13da3a9c-1a10-523a-ace3-a6a9c8e3b5fe,ec1691f6-ec3a-537a-aca9-c21ec84bc8f1,9b3dfddc-77a0-55e0-a2d1-2a54331af58d,17,17,ወደ ሙቀት ሲቀርብ በቀለጠ ጊዜ
1bde2eb9-23cf-5d5d-a7ed-317cd2f87843,ec1691f6-ec3a-537a-aca9-c21ec84bc8f1,9b3dfddc-77a0-55e0-a2d1-2a54331af58d,18,18,እንደዚሁም እኔ ከሁሉ ተለይቼ ጠፋሁ፥
4e70d606-ec48-51ac-addd-87e7c7155256,ec1691f6-ec3a-537a-aca9-c21ec84bc8f1,9b3dfddc-77a0-55e0-a2d1-2a54331af58d,19,19,የቴማናውያንን መንገዶች፥
ad089963-fc40-508e-a1be-74405a1edb2d,ec1691f6-ec3a-537a-aca9-c21ec84bc8f1,9b3dfddc-77a0-55e0-a2d1-2a54331af58d,20,20,በከተሞችና በገንዘቦች የሚታመኑ ያፍራሉ።
7fbc8a28-8180-51ca-a75b-8bcc826d0612,ec1691f6-ec3a-537a-aca9-c21ec84bc8f1,9b3dfddc-77a0-55e0-a2d1-2a54331af58d,21,21,አሁንም እናንተ ያለ ምሕረት መጣችሁ፤
0e11123c-2857-5ee4-a50c-7e3e3defade9,ec1691f6-ec3a-537a-aca9-c21ec84bc8f1,9b3dfddc-77a0-55e0-a2d1-2a54331af58d,22,22,ለምን? በውኑ፦ ከእናንተ አንዳች ነገር ጠየቅሁን?
0dd5504c-c3b7-51ee-adbe-5b656f8e10a9,ec1691f6-ec3a-537a-aca9-c21ec84bc8f1,9b3dfddc-77a0-55e0-a2d1-2a54331af58d,23,23,ወይስ ከጠላቶች እጅ ታስጥሉኝ ዘንድ
bf147ebe-048d-571d-a234-949fe43dde4c,ec1691f6-ec3a-537a-aca9-c21ec84bc8f1,9b3dfddc-77a0-55e0-a2d1-2a54331af58d,24,24,“አስተምሩኝ፥ እኔም አዳምጣችኋለሁ፤
c0d40a82-a553-5747-a009-0e01826558b8,ec1691f6-ec3a-537a-aca9-c21ec84bc8f1,9b3dfddc-77a0-55e0-a2d1-2a54331af58d,25,25,የእውነተኛ ሰው ቃል ሐሰትን ይመስላል፥
66fae36e-4712-53bd-a5f1-5fe16512b4b7,ec1691f6-ec3a-537a-aca9-c21ec84bc8f1,9b3dfddc-77a0-55e0-a2d1-2a54331af58d,26,26,የንግግራችሁም ማጽናናት ዕረፍትን አይሰጠኝም፤
2d10139a-5f66-5d2a-a06a-138353fe5a79,ec1691f6-ec3a-537a-aca9-c21ec84bc8f1,9b3dfddc-77a0-55e0-a2d1-2a54331af58d,27,27,በድሃ አደጉ ላይ ትስቃላችሁና፥
044e8470-d156-577f-aa9d-409e3d36817a,ec1691f6-ec3a-537a-aca9-c21ec84bc8f1,9b3dfddc-77a0-55e0-a2d1-2a54331af58d,28,28,አሁንም፥ ፊታችሁን አይቼ
a2962db0-e647-5e09-a29f-cc9527ea68ab,ec1691f6-ec3a-537a-aca9-c21ec84bc8f1,9b3dfddc-77a0-55e0-a2d1-2a54331af58d,29,29,አሁንም ተቀመጡ፤ በደልም አይኑር፤
0d0b5578-7308-5925-a653-32b286fe6a78,ec1691f6-ec3a-537a-aca9-c21ec84bc8f1,9b3dfddc-77a0-55e0-a2d1-2a54331af58d,30,30,በአንደበቴ በደል የለምና
3b69e49c-f302-552a-a949-9e24c3725fab,3c6d96b3-a1a9-599b-a1f6-bd7cfffc1de7,be1adc52-b112-5de9-abf3-d5595ecae27c,1,1,“ጥንቱን በምድር ላይ የሰው ሕይወት ጥላ አይደለምን?
de8cd808-ec34-5b46-adab-71e92950a139,3c6d96b3-a1a9-599b-a1f6-bd7cfffc1de7,be1adc52-b112-5de9-abf3-d5595ecae27c,2,2,ወይም ጌታውን እንደሚፈራ አገልጋይ ጥላውንም እንደሚመኝ፥
92349ec6-2827-5944-a810-fd5692709dcb,3c6d96b3-a1a9-599b-a1f6-bd7cfffc1de7,be1adc52-b112-5de9-abf3-d5595ecae27c,3,3,እንዲሁ እኔ የከንቱ ወራትን ታገሥሁ፥
91ebfc0a-b496-5e3d-a7ad-1c1e56d7e620,3c6d96b3-a1a9-599b-a1f6-bd7cfffc1de7,be1adc52-b112-5de9-abf3-d5595ecae27c,4,4,በተኛሁም ጊዜ፦ መቼ ይነጋል? እላለሁ፤
e3da643b-c737-5050-ad2e-95b924d37727,3c6d96b3-a1a9-599b-a1f6-bd7cfffc1de7,be1adc52-b112-5de9-abf3-d5595ecae27c,5,5,ሥጋዬ በትልና በመግል በስብሶአል፥
1f6e8913-53bc-513b-a1ff-c84de1673ae0,3c6d96b3-a1a9-599b-a1f6-bd7cfffc1de7,be1adc52-b112-5de9-abf3-d5595ecae27c,6,6,ሕይወቴ እንደ ሸማኔ መወርወርያ፥ ቀላል ሆነች
5c5361ac-c6f0-5d58-a2df-f5199107a6a4,3c6d96b3-a1a9-599b-a1f6-bd7cfffc1de7,be1adc52-b112-5de9-abf3-d5595ecae27c,7,7,ሕይወቴ እስትንፋስ እንደ ሆነች አስብ፤
5af39c9f-5ec3-5519-a079-44522b13c85f,3c6d96b3-a1a9-599b-a1f6-bd7cfffc1de7,be1adc52-b112-5de9-abf3-d5595ecae27c,8,8,የሚያየኝ ሰው ዐይን ከእንግዲህ ወዲህ አያየኝም፤
d0698b2e-efbe-51bd-a5e6-c4471033a8b6,3c6d96b3-a1a9-599b-a1f6-bd7cfffc1de7,be1adc52-b112-5de9-abf3-d5595ecae27c,9,9,ደመና ከሰማይ ተበትኖ እንደሚጠፋ፥
8943bded-999f-5543-abd1-09c8fa4d6e6d,3c6d96b3-a1a9-599b-a1f6-bd7cfffc1de7,be1adc52-b112-5de9-abf3-d5595ecae27c,10,10,ወደ ቤቱም ዳግመኛ አይመለስም፥
ad352fc3-939b-5164-adf2-3a967b7e8731,3c6d96b3-a1a9-599b-a1f6-bd7cfffc1de7,be1adc52-b112-5de9-abf3-d5595ecae27c,11,11,ስለዚህም እኔ አፌን አልከለክልም፤
5c8ca925-4b56-5dfd-a5f7-265bd6e08c37,3c6d96b3-a1a9-599b-a1f6-bd7cfffc1de7,be1adc52-b112-5de9-abf3-d5595ecae27c,12,12,ጠባቂ አዝዘህብኛልና፥
08d9ec5d-eee9-56ca-a86d-5418f3f5f03c,3c6d96b3-a1a9-599b-a1f6-bd7cfffc1de7,be1adc52-b112-5de9-abf3-d5595ecae27c,13,13,እኔም፦ አልጋዬ ያጽናናኝ ይሆን?
64f96bed-8c43-50e2-a14d-1b4f854039f2,3c6d96b3-a1a9-599b-a1f6-bd7cfffc1de7,be1adc52-b112-5de9-abf3-d5595ecae27c,14,14,አንተም በሕልም ታስፈራራኛለህ፥
8f0bdb9d-cd61-51b9-a922-999f231f0c7e,3c6d96b3-a1a9-599b-a1f6-bd7cfffc1de7,be1adc52-b112-5de9-abf3-d5595ecae27c,15,15,ሕይወትን ከመንፈሴ ትለያለህ።
2d0754ff-223d-56ca-acdd-8b985b9de0bb,3c6d96b3-a1a9-599b-a1f6-bd7cfffc1de7,be1adc52-b112-5de9-abf3-d5595ecae27c,16,16,እንድታገሥ ለዘለዓለም እኖራለሁን?
f10dca91-8931-54af-aecd-14137aeb8fa1,3c6d96b3-a1a9-599b-a1f6-bd7cfffc1de7,be1adc52-b112-5de9-abf3-d5595ecae27c,17,17,ሰው ምንድን ነው? ከፍ ከፍ ታደርገው ዘንድ፥
8db22c44-442d-5201-a14a-8de8c51a8e33,3c6d96b3-a1a9-599b-a1f6-bd7cfffc1de7,be1adc52-b112-5de9-abf3-d5595ecae27c,18,18,ማለዳ ማለዳስ ትጐበኘው ዘንድ፥
c162d3dc-5c17-5b94-a8b9-a0538d99c64c,3c6d96b3-a1a9-599b-a1f6-bd7cfffc1de7,be1adc52-b112-5de9-abf3-d5595ecae27c,19,19,የማታሳርፈኝ እስከ መቼ ነው?
e2aaf445-f222-5bc3-a1af-f9721d221d54,3c6d96b3-a1a9-599b-a1f6-bd7cfffc1de7,be1adc52-b112-5de9-abf3-d5595ecae27c,20,20,የሰውን ልብ፦ የምታውቅ ሆይ፥
1a2876b7-9618-5288-a40b-89a379c699cc,3c6d96b3-a1a9-599b-a1f6-bd7cfffc1de7,be1adc52-b112-5de9-abf3-d5595ecae27c,21,21,ስለ ምን መተላለፌን ይቅር አትልም?
026e45ed-f91d-5ee2-acf7-67a8f928f052,d60a22ea-6eb8-5578-a0a7-4d396dc4574b,16e89615-dbea-5685-aa5f-c415ab5b5ea8,1,1,አውኬናዊው በልዳዶስ መለሰ፥ እንዲህም አለ፦
64661fba-2faa-5824-a63a-19b11ddad956,d60a22ea-6eb8-5578-a0a7-4d396dc4574b,16e89615-dbea-5685-aa5f-c415ab5b5ea8,2,2,“እስከ መቼ ይህን ነገር ትናገራለህ?
6dffbdd4-8360-516c-a093-f9ae9d396ffd,d60a22ea-6eb8-5578-a0a7-4d396dc4574b,16e89615-dbea-5685-aa5f-c415ab5b5ea8,3,3,በውኑ እግዚአብሔር በዐመፅ ይፈርዳልን?
99ad18bd-9625-550a-accb-852c85293333,d60a22ea-6eb8-5578-a0a7-4d396dc4574b,16e89615-dbea-5685-aa5f-c415ab5b5ea8,4,4,ልጆችህ በፊቱ በድለው እንደ ሆነ፥
e28f51e8-b521-55b5-a559-7fc66ff6b07a,d60a22ea-6eb8-5578-a0a7-4d396dc4574b,16e89615-dbea-5685-aa5f-c415ab5b5ea8,5,5,“አንተ ግን ወደ እግዚአብሔር ገሥግሥ፥
da82c514-7676-5733-a444-1c8ea64dd875,d60a22ea-6eb8-5578-a0a7-4d396dc4574b,16e89615-dbea-5685-aa5f-c415ab5b5ea8,6,6,ንጹሕና ጻድቅ ብትሆን፥
20f85616-c4d1-520c-a9be-1487fc9c26ca,d60a22ea-6eb8-5578-a0a7-4d396dc4574b,16e89615-dbea-5685-aa5f-c415ab5b5ea8,7,7,ጅማሬህም ታናሽ ቢሆንም እንኳ
6b0d57ef-1e5d-59da-ac14-2f519edded51,d60a22ea-6eb8-5578-a0a7-4d396dc4574b,16e89615-dbea-5685-aa5f-c415ab5b5ea8,8,8,ስለዚህ የቀደመውን ትውልድ ጠይቅ፥ አባቶችንም በየወገናቸው በትጋት መርምር፥
50ba4f57-8f56-50e0-a040-423b738da30f,d60a22ea-6eb8-5578-a0a7-4d396dc4574b,16e89615-dbea-5685-aa5f-c415ab5b5ea8,9,9,እኛ የትናንት ብቻ ነን ምንም አናውቅም፤
c92157c1-8036-5e59-a74b-311a0e439f62,d60a22ea-6eb8-5578-a0a7-4d396dc4574b,16e89615-dbea-5685-aa5f-c415ab5b5ea8,10,10,እነርሱ የሚያስተምሩህና የሚነግሩህ፥
888a78d0-7461-54fd-a5b4-9b3b1494f74f,d60a22ea-6eb8-5578-a0a7-4d396dc4574b,16e89615-dbea-5685-aa5f-c415ab5b5ea8,11,11,“በውኑ ደንገል ረግረግ በሌለበት መሬት ይበቅላልን?
ab064b10-d5e5-5d74-a4d8-2590ae359c14,d60a22ea-6eb8-5578-a0a7-4d396dc4574b,16e89615-dbea-5685-aa5f-c415ab5b5ea8,12,12,ገና በሥሩ ሳለ፥ ሳይቈረጥም፥
61fbba09-ccad-5992-ab75-189587e4c6fe,d60a22ea-6eb8-5578-a0a7-4d396dc4574b,16e89615-dbea-5685-aa5f-c415ab5b5ea8,13,13,እግዚአብሔርን የሚረሱ ሁሉ ፍጻሜአቸው እንዲሁ ነው፤
12eaabd3-d4cd-52b7-af5c-e8d5a369a2d8,d60a22ea-6eb8-5578-a0a7-4d396dc4574b,16e89615-dbea-5685-aa5f-c415ab5b5ea8,14,14,ቤቱም ያለ ነዋሪ ይቀራል፥
8877bc00-4ff7-512c-a02d-7c19a1c6541f,d60a22ea-6eb8-5578-a0a7-4d396dc4574b,16e89615-dbea-5685-aa5f-c415ab5b5ea8,15,15,ቤቱን ቢደግፈውም አይቆምለትም፤
87e03a83-b699-580e-a4fc-102c4fa51397,d60a22ea-6eb8-5578-a0a7-4d396dc4574b,16e89615-dbea-5685-aa5f-c415ab5b5ea8,16,16,ከፀሐይ በታች ይሻግታል፤
f590ee6b-ad42-5fea-a10a-2fece77c654c,d60a22ea-6eb8-5578-a0a7-4d396dc4574b,16e89615-dbea-5685-aa5f-c415ab5b5ea8,17,17,በድንጋይ ክምር ላይ ያድራል፤
363f9c4c-df77-5be0-ab7f-d945e58f9c97,d60a22ea-6eb8-5578-a0a7-4d396dc4574b,16e89615-dbea-5685-aa5f-c415ab5b5ea8,18,18,ቦታው ቢውጠው፦
f6bf1934-6061-504e-abc7-153bf303fd9a,d60a22ea-6eb8-5578-a0a7-4d396dc4574b,16e89615-dbea-5685-aa5f-c415ab5b5ea8,19,19,ኀጢአተኞች እንዲሁ ይጠፋሉና፤
dab06d15-2575-5e56-a844-49e8d088a72d,d60a22ea-6eb8-5578-a0a7-4d396dc4574b,16e89615-dbea-5685-aa5f-c415ab5b5ea8,20,20,እነሆ፥ እግዚአብሔር የዋሁን ሰው አይጥለውም፥
0793f120-5a61-5ec9-a8ee-c1aeaf0c7533,d60a22ea-6eb8-5578-a0a7-4d396dc4574b,16e89615-dbea-5685-aa5f-c415ab5b5ea8,21,21,የቅኖችን አፍ ሳቅ ይሞላል፥
16ce5ec3-b312-5d92-a40d-d35d88b974a4,d60a22ea-6eb8-5578-a0a7-4d396dc4574b,16e89615-dbea-5685-aa5f-c415ab5b5ea8,22,22,ጠላቶቻቸውም ኀፍረትን ይለብሳሉ፤
963faadd-724c-59c2-a1bd-7b1834e554d9,ac02e31e-e2ee-5e3e-a0f8-82d2c4d53f5b,b987fb95-51fd-58a0-ac2a-54b0599572d4,1,1,ኢዮብም እንዲህ ሲል መለሰ፦
0c5bbbb3-c5e5-55cd-add9-acdff02d1d23,ac02e31e-e2ee-5e3e-a0f8-82d2c4d53f5b,b987fb95-51fd-58a0-ac2a-54b0599572d4,2,2,“በእውነት እንዲህ እንደ ሆነ ዐወቅሁ፤
73212b2c-f5d9-5011-a78c-1ead71f7374d,ac02e31e-e2ee-5e3e-a0f8-82d2c4d53f5b,b987fb95-51fd-58a0-ac2a-54b0599572d4,3,3,ከእርሱ ጋር ይከራከር ዘንድ ቢወድድ፥
b7c354c4-5af3-5eb6-affc-f831dc24678b,ac02e31e-e2ee-5e3e-a0f8-82d2c4d53f5b,b987fb95-51fd-58a0-ac2a-54b0599572d4,4,4,በልቡ ጠቢብ ነው፥ ኀይለኛም፥ ታላቅም ነው፤
f65102ef-c998-5f8f-aab7-e3189a159b71,ac02e31e-e2ee-5e3e-a0f8-82d2c4d53f5b,b987fb95-51fd-58a0-ac2a-54b0599572d4,5,5,ተራሮችን ይነቅላል፤ አያውቁትምም፤
6fc8b3a3-fed6-5d80-a154-fe3905feea13,ac02e31e-e2ee-5e3e-a0f8-82d2c4d53f5b,b987fb95-51fd-58a0-ac2a-54b0599572d4,6,6,ምድርን ከሰማይ በታች ከመሠረቷ ያናውጣታል፥
2f22525d-163d-5799-a014-f250fa23a855,ac02e31e-e2ee-5e3e-a0f8-82d2c4d53f5b,b987fb95-51fd-58a0-ac2a-54b0599572d4,7,7,ፀሐይን ያዝዛታል፥ አትወጣምም፤
8cbda365-d95c-5fe0-a055-716f1d9e867e,ac02e31e-e2ee-5e3e-a0f8-82d2c4d53f5b,b987fb95-51fd-58a0-ac2a-54b0599572d4,8,8,ሰማያትን ብቻውን ይዘረጋል፥
5c29833a-cd92-55ff-a923-b77746aa7149,ac02e31e-e2ee-5e3e-a0f8-82d2c4d53f5b,b987fb95-51fd-58a0-ac2a-54b0599572d4,9,9,ድብ የሚባለውን ኮከብና ኦሪዮን የሚባለውን ኮከብ፥
fe35acfd-866a-5241-a565-8e801c56dda2,ac02e31e-e2ee-5e3e-a0f8-82d2c4d53f5b,b987fb95-51fd-58a0-ac2a-54b0599572d4,10,10,ታላቁንና የማይመረመረውን ነገር፥
45800c3c-5828-5a23-a522-301e72344185,ac02e31e-e2ee-5e3e-a0f8-82d2c4d53f5b,b987fb95-51fd-58a0-ac2a-54b0599572d4,11,11,እነሆ፥ ቢመጣብኝ አላየውም፤
8c051513-a471-56d8-a13f-5c459d1c8aea,ac02e31e-e2ee-5e3e-a0f8-82d2c4d53f5b,b987fb95-51fd-58a0-ac2a-54b0599572d4,12,12,እርሱ ቢያርቅ የሚመልስ ማን ነው?
1b1a7d86-4237-5c8a-adf0-ae6755bd8e25,ac02e31e-e2ee-5e3e-a0f8-82d2c4d53f5b,b987fb95-51fd-58a0-ac2a-54b0599572d4,13,13,እግዚአብሔር እኔን ከመቅጣት አልተመለሰም፥
cab31a77-b2e0-53d4-a9a0-d12ac4685190,ac02e31e-e2ee-5e3e-a0f8-82d2c4d53f5b,b987fb95-51fd-58a0-ac2a-54b0599572d4,14,14,ቃሌን እንዴት ይሰማኛል?
236dd84e-1167-5ced-aed3-75152af59697,ac02e31e-e2ee-5e3e-a0f8-82d2c4d53f5b,b987fb95-51fd-58a0-ac2a-54b0599572d4,15,15,በጽድቅ ብጠራው፥ ባይሰማኝም፥
d3c17395-d063-5ce8-a649-0a4f48856dcf,ac02e31e-e2ee-5e3e-a0f8-82d2c4d53f5b,b987fb95-51fd-58a0-ac2a-54b0599572d4,16,16,ብጠራው፥ እርሱም ቢመልስልኝ ኖሮ፥
dceb1bfd-3418-5086-acc3-af5f05e7bb9b,ac02e31e-e2ee-5e3e-a0f8-82d2c4d53f5b,b987fb95-51fd-58a0-ac2a-54b0599572d4,17,17,“በዐውሎ ነፋስ ይቀጠቅጠኛል፤
28ec971b-ef41-5d22-a8c4-cb746b85da61,ac02e31e-e2ee-5e3e-a0f8-82d2c4d53f5b,b987fb95-51fd-58a0-ac2a-54b0599572d4,18,18,እተነፍስ ዘንድ አይተወኝም፤
65f7d1dc-ef16-5176-aa02-32334c00bc47,ac02e31e-e2ee-5e3e-a0f8-82d2c4d53f5b,b987fb95-51fd-58a0-ac2a-54b0599572d4,19,19,እርሱ በኀይል ይይዛልና፤
12578878-dbd6-56a7-a8a8-8ed74eee9317,ac02e31e-e2ee-5e3e-a0f8-82d2c4d53f5b,b987fb95-51fd-58a0-ac2a-54b0599572d4,20,20,ጻድቅ ብሆን አፌ ይወቅሰኛል፤
ba345ac5-176c-5d59-a1ea-18aff7090997,ac02e31e-e2ee-5e3e-a0f8-82d2c4d53f5b,b987fb95-51fd-58a0-ac2a-54b0599572d4,21,21,ንጹሕ ነኝ፤ ራሴንም አላውቅም፤
5bf203e4-0630-5047-aa64-3e26f92bb3ff,ac02e31e-e2ee-5e3e-a0f8-82d2c4d53f5b,b987fb95-51fd-58a0-ac2a-54b0599572d4,22,22,“ስለዚህ እንዲህ እላለሁ፦
80e69951-cdc6-5a1c-a0f9-e6a0d6310782,ac02e31e-e2ee-5e3e-a0f8-82d2c4d53f5b,b987fb95-51fd-58a0-ac2a-54b0599572d4,23,23,የኃጥኣን ሞታቸው ክፉ ነውና፥
8479a2e5-74c4-5f80-a4d3-8ddb1284dd9a,ac02e31e-e2ee-5e3e-a0f8-82d2c4d53f5b,b987fb95-51fd-58a0-ac2a-54b0599572d4,24,24,በኃጥኣን እጅ ተሰጥተዋልና፤
5b8fa4cd-af33-5c56-ad77-731e46d74955,ac02e31e-e2ee-5e3e-a0f8-82d2c4d53f5b,b987fb95-51fd-58a0-ac2a-54b0599572d4,25,25,ሕይወቴ ከሚሮጥ ሰው ይልቅ ይፈጥናል፤
1ff0bfc8-49de-5a49-a504-6a6b1b58aa2f,ac02e31e-e2ee-5e3e-a0f8-82d2c4d53f5b,b987fb95-51fd-58a0-ac2a-54b0599572d4,26,26,የመርከብ መንገድ ፍለጋ፥
68a30cc1-d1bc-5b9f-af5b-9cb080854f40,ac02e31e-e2ee-5e3e-a0f8-82d2c4d53f5b,b987fb95-51fd-58a0-ac2a-54b0599572d4,27,27,እኔ ብናገር የሚጠቅመኝ የለም፤
feedae65-fd13-5611-aa75-2a18a74888ed,ac02e31e-e2ee-5e3e-a0f8-82d2c4d53f5b,b987fb95-51fd-58a0-ac2a-54b0599572d4,28,28,ሰውነቶቼ ሁሉ ተነዋወጡ፤
b2fbc419-a5f0-554f-a813-07bc698171bd,ac02e31e-e2ee-5e3e-a0f8-82d2c4d53f5b,b987fb95-51fd-58a0-ac2a-54b0599572d4,29,29,“ኃጢኣተኛ ሰው ከሆንሁ፤
3f82aacb-a4aa-5e6c-a87d-5be5c70a8267,ac02e31e-e2ee-5e3e-a0f8-82d2c4d53f5b,b987fb95-51fd-58a0-ac2a-54b0599572d4,30,30,ብታጠብ፥ እንደ በረዶም ብነጻ፥
5508f6a4-a8ce-5053-a2b8-82a710361de8,ac02e31e-e2ee-5e3e-a0f8-82d2c4d53f5b,b987fb95-51fd-58a0-ac2a-54b0599572d4,31,31,በአዘቅት ውስጥ ታሰጥመኛለህ፤
b76571ab-baf3-5d0d-a53b-f9ff2a077725,ac02e31e-e2ee-5e3e-a0f8-82d2c4d53f5b,b987fb95-51fd-58a0-ac2a-54b0599572d4,32,32,የሚከራከረኝ ሰው ቢሆን ኖሮ፥
eee72653-0698-5abe-af27-29c711bba7f5,ac02e31e-e2ee-5e3e-a0f8-82d2c4d53f5b,b987fb95-51fd-58a0-ac2a-54b0599572d4,33,33,ማዕከላዊ ዳኛ ቢኖር፥
166f8262-be0c-5747-a68b-86aabcf9197a,ac02e31e-e2ee-5e3e-a0f8-82d2c4d53f5b,b987fb95-51fd-58a0-ac2a-54b0599572d4,34,34,በትሩ ከእኔ ላይ በራቀ ነበር፤
2ada9375-fc89-54ce-a380-943cc688d41d,ac02e31e-e2ee-5e3e-a0f8-82d2c4d53f5b,b987fb95-51fd-58a0-ac2a-54b0599572d4,35,35,እናገርም ነበር፤ አልፈራምም ነበር፤
53bcf346-90a9-53ae-a03f-2a37136fa200,d78d9c32-3e87-594b-ab93-9acdfdc10ba0,3a28279a-83f8-5201-a503-a930e8e282d3,1,1,“ነፍሴ ስለ ተጨነቀች
c18e0b2c-6c16-5f5f-a9a7-d6cf7627b3f9,d78d9c32-3e87-594b-ab93-9acdfdc10ba0,3a28279a-83f8-5201-a503-a930e8e282d3,2,2,እግዚአብሔርን እንዲህ እለዋለሁ፦
d3e7cd6b-e022-5931-a4be-f64c38f16764,d78d9c32-3e87-594b-ab93-9acdfdc10ba0,3a28279a-83f8-5201-a503-a930e8e282d3,3,3,ኀጢኣተኛ ብሆን በአንተ ዘንድ መልካም ነውን?
243d0a23-e971-5120-ab2d-cccc8211b5e6,d78d9c32-3e87-594b-ab93-9acdfdc10ba0,3a28279a-83f8-5201-a503-a930e8e282d3,4,4,በውኑ የሰው ዐይን አለህን?
cd2fed32-d17f-50e6-a514-a84f34d17ffe,d78d9c32-3e87-594b-ab93-9acdfdc10ba0,3a28279a-83f8-5201-a503-a930e8e282d3,5,5,ዘመንህ እንደ ሰው ዘመን ነውን?
55ddf38b-5643-54a6-a320-13f017f821a4,d78d9c32-3e87-594b-ab93-9acdfdc10ba0,3a28279a-83f8-5201-a503-a930e8e282d3,6,6,ክፋቴን ትፈላለግ ዘንድ፥
f32368cb-de15-5048-aed0-e937abf4206d,d78d9c32-3e87-594b-ab93-9acdfdc10ba0,3a28279a-83f8-5201-a503-a930e8e282d3,7,7,ከዚህ በላይ በደለኛ እንዳልሆንሁ፥ አንተ ታውቃለህ።
40a51db4-403e-514b-a09e-6291f42328e0,d78d9c32-3e87-594b-ab93-9acdfdc10ba0,3a28279a-83f8-5201-a503-a930e8e282d3,8,8,“እጆችህ ፈጠሩኝ፤ ሠሩኝም፤
3e8a13a3-58c2-5ea3-a41a-b016ddccb803,d78d9c32-3e87-594b-ab93-9acdfdc10ba0,3a28279a-83f8-5201-a503-a930e8e282d3,9,9,ከጭቃ እንደ ፈጠርኸኝ አስብ፤
9fcc0329-8421-5e4f-a857-2ae22f61541b,d78d9c32-3e87-594b-ab93-9acdfdc10ba0,3a28279a-83f8-5201-a503-a930e8e282d3,10,10,በውኑ እንደ ወተት አላፈሰስኸኝምን?
7d34b8d2-a4f5-5fa7-a008-2a9966cfb001,d78d9c32-3e87-594b-ab93-9acdfdc10ba0,3a28279a-83f8-5201-a503-a930e8e282d3,11,11,ቍርበትና ሥጋን አለበስኸኝ፤
553729cb-930a-58a6-a07a-5235959bc324,d78d9c32-3e87-594b-ab93-9acdfdc10ba0,3a28279a-83f8-5201-a503-a930e8e282d3,12,12,ሕይወትና ቸርነትን ሰጠኸኝ።
5b3554b4-fe82-507e-a27d-44458f743296,d78d9c32-3e87-594b-ab93-9acdfdc10ba0,3a28279a-83f8-5201-a503-a930e8e282d3,13,13,ይህ ሁሉ በአንተ ዘንድ አለ።
c5ef452d-3e21-54a0-a379-4c70528dbe17,d78d9c32-3e87-594b-ab93-9acdfdc10ba0,3a28279a-83f8-5201-a503-a930e8e282d3,14,14,ኀጢኣት ብሠራ አንተ ትጠባበቀኛለህ፤
31529a10-11a6-5be7-adf1-0def3e99e2b1,d78d9c32-3e87-594b-ab93-9acdfdc10ba0,3a28279a-83f8-5201-a503-a930e8e282d3,15,15,በደለኛ ብሆን ወዮልኝ፤
0a307ab9-0742-5cdf-a76e-a680dd68455c,d78d9c32-3e87-594b-ab93-9acdfdc10ba0,3a28279a-83f8-5201-a503-a930e8e282d3,16,16,ለመገደል እንደ አንበሳ ታደንሁ።
be4423eb-9412-53b8-a026-bf481729db1b,d78d9c32-3e87-594b-ab93-9acdfdc10ba0,3a28279a-83f8-5201-a503-a930e8e282d3,17,17,ዳግመኛም ከጥንት ጀምሮ ትመረምረኛለህ፤
84016fd5-8ace-5425-acab-dbbcea696f4d,d78d9c32-3e87-594b-ab93-9acdfdc10ba0,3a28279a-83f8-5201-a503-a930e8e282d3,18,18,“ስለ ምን ከማኅፀን አወጣኸኝ?
81728d77-5e79-5e3d-aea8-ee95506a937e,d78d9c32-3e87-594b-ab93-9acdfdc10ba0,3a28279a-83f8-5201-a503-a930e8e282d3,19,19,እንዳልነበረስ ለምን አልሆንሁም?
c8ba3291-0bd8-5652-addf-0e661cb2fdb3,d78d9c32-3e87-594b-ab93-9acdfdc10ba0,3a28279a-83f8-5201-a503-a930e8e282d3,20,20,የሕይወቴ ዘመን አጭር አይደለምን?
b7b0c57e-11cc-5860-aae1-8317c1436dc9,d78d9c32-3e87-594b-ab93-9acdfdc10ba0,3a28279a-83f8-5201-a503-a930e8e282d3,21,21,ወደማልመለስበት ስፍራ፥
6547268a-29aa-5e32-a8cc-21364089cb84,d78d9c32-3e87-594b-ab93-9acdfdc10ba0,3a28279a-83f8-5201-a503-a930e8e282d3,22,22,የዘለዓለም ጨለማም ወደ አለባት፥
64f3f19a-b516-5fd1-aa28-76a8d484d493,adb6320c-10d4-591a-a89c-5a74c6bad44f,6d5f125f-40ae-59a9-adcb-5273f309cc1c,1,1,አሜናዊው ሶፋር መለሰ፥ እንዲህም አለ፦
3453cdef-11a6-5c7d-a57c-901bdc72bd55,adb6320c-10d4-591a-a89c-5a74c6bad44f,6d5f125f-40ae-59a9-adcb-5273f309cc1c,2,2,“ብዙ እንደምትናገር እንዲሁ መስማት አለብህ።
471b6799-abf8-56fb-a5cf-f07f43125d63,adb6320c-10d4-591a-a89c-5a74c6bad44f,6d5f125f-40ae-59a9-adcb-5273f309cc1c,3,3,ንግግር አታብዛ፤
36991952-90a1-54ce-a8ec-64eb71aafba8,adb6320c-10d4-591a-a89c-5a74c6bad44f,6d5f125f-40ae-59a9-adcb-5273f309cc1c,4,4,አንተ፦ በሥራዬ ንጹሕ ነኝ
381a2844-f99f-57a6-abcd-5524d20b6736,adb6320c-10d4-591a-a89c-5a74c6bad44f,6d5f125f-40ae-59a9-adcb-5273f309cc1c,5,5,ምነው እግዚአብሔር ቢናገርህ!
e1b8c8da-7457-5c08-aa83-970461d7a0b7,adb6320c-10d4-591a-a89c-5a74c6bad44f,6d5f125f-40ae-59a9-adcb-5273f309cc1c,6,6,የጥበቡን ኀይል ቢገልጥልህ!
3eb737de-ea01-5620-a82e-b1bb126db144,adb6320c-10d4-591a-a89c-5a74c6bad44f,6d5f125f-40ae-59a9-adcb-5273f309cc1c,7,7,“የእግዚአብሔርን ፍለጋ ልትመረምር ትችላለህን?
eeea7d02-0c62-5607-a231-1495f0a2ce5b,adb6320c-10d4-591a-a89c-5a74c6bad44f,6d5f125f-40ae-59a9-adcb-5273f309cc1c,8,8,ሰማይ ከፍ ያለ ነው፤ ምን ልታደርግ ትችላለህ?
46b58b9e-d52d-5fa5-adde-1d08e8c440a6,adb6320c-10d4-591a-a89c-5a74c6bad44f,6d5f125f-40ae-59a9-adcb-5273f309cc1c,9,9,ርዝመቱ ከምድር ይልቅ ይረዝማል፥
8d075b4f-70b5-544c-aef0-26ecf8e1fd6a,adb6320c-10d4-591a-a89c-5a74c6bad44f,6d5f125f-40ae-59a9-adcb-5273f309cc1c,10,10,እርሱ ሁሉን ቢገለብጥ፥
d754d30c-67a0-5534-a915-be95017a8810,adb6320c-10d4-591a-a89c-5a74c6bad44f,6d5f125f-40ae-59a9-adcb-5273f309cc1c,11,11,እርሱ የኃጥኣን ሰዎች ሥራን ያውቃል፤
f141db3f-c359-5f0f-a7e2-79d4e4d086f7,adb6320c-10d4-591a-a89c-5a74c6bad44f,6d5f125f-40ae-59a9-adcb-5273f309cc1c,12,12,ነገር ግን በከንቱ ነገርን የሚፈልግ ሰው፥
ee24c599-c3c2-562b-a424-4780706728f0,adb6320c-10d4-591a-a89c-5a74c6bad44f,6d5f125f-40ae-59a9-adcb-5273f309cc1c,13,13,አንተ ልብህን ንጹሕ ብታደርግ፥
83dcfbd3-935d-56f7-a35f-75b32a922a4d,adb6320c-10d4-591a-a89c-5a74c6bad44f,6d5f125f-40ae-59a9-adcb-5273f309cc1c,14,14,በእጆችህ በደል ቢኖር ካንተ አርቀው፤
f61ec6a3-3fad-5b84-afa4-c4990c534a0e,adb6320c-10d4-591a-a89c-5a74c6bad44f,6d5f125f-40ae-59a9-adcb-5273f309cc1c,15,15,በዚያን ጊዜ ፊትህ በንጹሕ ውኃ እንደ ታጠበ ያበራል፥
f254a3a6-a4eb-5a97-a012-ec3c5c63970d,adb6320c-10d4-591a-a89c-5a74c6bad44f,6d5f125f-40ae-59a9-adcb-5273f309cc1c,16,16,መከራህንም እንዳለፈ ማዕበል ትረሳለህ፥
f8707dcd-607a-5146-a889-af13147b729a,adb6320c-10d4-591a-a89c-5a74c6bad44f,6d5f125f-40ae-59a9-adcb-5273f309cc1c,17,17,ጸሎትህ እንደ አጥቢያ ኮከብ ይሆናል።
7780fccb-20f9-5714-a050-653a31cd0c80,adb6320c-10d4-591a-a89c-5a74c6bad44f,6d5f125f-40ae-59a9-adcb-5273f309cc1c,18,18,ተስፋህንም ታገኝ ዘንድ ተዘልለህ ትቀመጣለህ፤
2fe65d2b-6b2f-503c-a495-8b21c60cf4a1,adb6320c-10d4-591a-a89c-5a74c6bad44f,6d5f125f-40ae-59a9-adcb-5273f309cc1c,19,19,ታርፋለህ፥ የሚዋጋህም የለም፤
ef6e0fce-3c47-5b09-a4bf-aa5a57d53024,adb6320c-10d4-591a-a89c-5a74c6bad44f,6d5f125f-40ae-59a9-adcb-5273f309cc1c,20,20,የኃጥኣን መድኀኒታቸው ታልቃለች።
315c5296-31f1-5274-a289-cad36b1b25d1,a8a59660-76c2-502b-a601-acdfb12018bc,256618a5-4c54-58ce-ac91-39ee63aaae4b,1,1,ኢዮብም መለሰ፥ እንዲህም አለ፦
b968dc06-595d-5dd5-af36-cae6152d8992,a8a59660-76c2-502b-a601-acdfb12018bc,256618a5-4c54-58ce-ac91-39ee63aaae4b,2,2,“በእርግጥ እናንተ ዓይነተኞች ሰዎች ናችሁ፤
5c8b810f-131a-55fe-acef-e2587c926542,a8a59660-76c2-502b-a601-acdfb12018bc,256618a5-4c54-58ce-ac91-39ee63aaae4b,3,3,ነገር ግን እኔ ደግሞ እንደ እናንተ ልብ አለኝ።
fa7bddf7-98dd-55d3-a9ff-665c0a19a014,a8a59660-76c2-502b-a601-acdfb12018bc,256618a5-4c54-58ce-ac91-39ee63aaae4b,4,4,እግዚአብሔርን የጠራሁ እርሱም የመለሰልኝ እኔ፥
ad85f95f-0c23-5125-ae8c-eeb6e43ba03e,a8a59660-76c2-502b-a601-acdfb12018bc,256618a5-4c54-58ce-ac91-39ee63aaae4b,5,5,እርሱ በተወሰነው ዕድሜ በሌሎች እንዲወድቅ፥
dd25d778-8aeb-5b8f-a538-0a9592ea219e,a8a59660-76c2-502b-a601-acdfb12018bc,256618a5-4c54-58ce-ac91-39ee63aaae4b,6,6,እግዚአብሔርን የሚያስቈጡትን ሰዎች፥
bb69192a-112d-53ce-a25c-cc9451d01206,a8a59660-76c2-502b-a601-acdfb12018bc,256618a5-4c54-58ce-ac91-39ee63aaae4b,7,7,“አሁን ግን እንስሶችን ጠይቅ፥ ያስተምሩህማል፤
24f89d74-41fd-53e7-ae4a-11eccabca8d9,a8a59660-76c2-502b-a601-acdfb12018bc,256618a5-4c54-58ce-ac91-39ee63aaae4b,8,8,ለምድር ንገራት፥
4821b813-5baf-5f44-a8f0-84deeb6cecf5,a8a59660-76c2-502b-a601-acdfb12018bc,256618a5-4c54-58ce-ac91-39ee63aaae4b,9,9,የእግዚአብሔር እጅ ይህን ሁሉ እንዳደረገ
06603b05-4f99-52d2-ae63-4eb892a59b0e,a8a59660-76c2-502b-a601-acdfb12018bc,256618a5-4c54-58ce-ac91-39ee63aaae4b,10,10,የሕያዋን ሁሉ ነፍስ፥
eb6bde11-c190-5bb8-aebe-76959b872c9a,a8a59660-76c2-502b-a601-acdfb12018bc,256618a5-4c54-58ce-ac91-39ee63aaae4b,11,11,ዦሮ ነገርን የሚለይ አይደለምን?
db4c0df3-c64d-5e53-a1a4-da45f9b3425b,a8a59660-76c2-502b-a601-acdfb12018bc,256618a5-4c54-58ce-ac91-39ee63aaae4b,12,12,በረዥም ዘመን ጥበብ፥
1befc96b-1649-5a84-a891-65ea5f831717,a8a59660-76c2-502b-a601-acdfb12018bc,256618a5-4c54-58ce-ac91-39ee63aaae4b,13,13,በእግዚአብሔር ዘንድ ጥበብና ኀይል አለ፤
8293e566-026e-5220-a2b9-14bbbef319ea,a8a59660-76c2-502b-a601-acdfb12018bc,256618a5-4c54-58ce-ac91-39ee63aaae4b,14,14,እነሆ፥ እርሱ ቢያፈርስ፥ ማን ይሠራል?
5fed5543-19f0-5f37-a490-b61a89a535fe,a8a59660-76c2-502b-a601-acdfb12018bc,256618a5-4c54-58ce-ac91-39ee63aaae4b,15,15,እነሆ፥ ዝናብን ከሰማይ ቢከለክል ምድርን ያደርቃታል፤
a04aa595-25e3-5a43-adb4-eea5d1dba790,a8a59660-76c2-502b-a601-acdfb12018bc,256618a5-4c54-58ce-ac91-39ee63aaae4b,16,16,ኀይልና ብርታት በእርሱ ዘንድ ናቸው፤
23976383-6c92-5f88-a47d-9e820aef0ebd,a8a59660-76c2-502b-a601-acdfb12018bc,256618a5-4c54-58ce-ac91-39ee63aaae4b,17,17,መካሮችንም እንዲማረኩ ያደርጋቸዋል፤
2e548b0f-e958-5bf0-ab47-cdde2b5857f0,a8a59660-76c2-502b-a601-acdfb12018bc,256618a5-4c54-58ce-ac91-39ee63aaae4b,18,18,ነገሥታትንም በዙፋን ያስቀምጣቸዋል፤
7a50db2d-fa23-556e-a09f-cfa1b22e5a43,a8a59660-76c2-502b-a601-acdfb12018bc,256618a5-4c54-58ce-ac91-39ee63aaae4b,19,19,ካህናተ ጣዖትን እንዲማረኩ ያደርጋቸዋል፤
702db328-e838-5fc1-a2ec-c91ef27f7d44,a8a59660-76c2-502b-a601-acdfb12018bc,256618a5-4c54-58ce-ac91-39ee63aaae4b,20,20,ከታመኑ ሰዎችም ቋንቋን ይለውጣል፤
786e8964-24a2-5efb-a8e3-0eb531b949e0,a8a59660-76c2-502b-a601-acdfb12018bc,256618a5-4c54-58ce-ac91-39ee63aaae4b,21,21,በአለቆች ላይ ውርደትን ያመጣል፥
51fefd37-2035-52fb-a4df-c7257382d06d,a8a59660-76c2-502b-a601-acdfb12018bc,256618a5-4c54-58ce-ac91-39ee63aaae4b,22,22,ጥልቅ ነገርን ከጨለማ ይገልጣል፤
d2efa2a7-3d3b-5059-afe0-d42e0901ab22,a8a59660-76c2-502b-a601-acdfb12018bc,256618a5-4c54-58ce-ac91-39ee63aaae4b,23,23,አሕዛብን ያቅበዘብዛቸዋል፤ ያጠፋቸዋልም፤
7da44455-c592-5e4e-a1cf-6fc0a4454b31,a8a59660-76c2-502b-a601-acdfb12018bc,256618a5-4c54-58ce-ac91-39ee63aaae4b,24,24,የምድር አለቆች ማስተዋልን ይለውጣል።
dea2afcd-649b-588a-ad29-1dab587e2a1a,a8a59660-76c2-502b-a601-acdfb12018bc,256618a5-4c54-58ce-ac91-39ee63aaae4b,25,25,ብርሃንም ሳይኖር በጨለማ ይርመሰመሳሉ፤
bafedd7d-1dba-5cdb-ad9d-61b0d1e7a2e7,25311417-366f-5da6-a1dc-17c45b8fe932,0dda1bf0-2e7d-577a-abb4-960f8172e6f2,1,1,“እነሆ፥ ይህን ሁሉ ዐይኔ አየች፤
be549eb8-73ea-5604-a199-c0f9fdf2f88f,25311417-366f-5da6-a1dc-17c45b8fe932,0dda1bf0-2e7d-577a-abb4-960f8172e6f2,2,2,እናንተ የምታውቁትን እኔ ደግሞ አውቃለሁ፤
68bf6bac-5f2e-596f-a877-cd7b6ac513ce,25311417-366f-5da6-a1dc-17c45b8fe932,0dda1bf0-2e7d-577a-abb4-960f8172e6f2,3,3,ነገር ግን ለእግዚአብሔር እናገራለሁ፤
0310491c-56d7-51ec-ada4-67ab96b2e19f,25311417-366f-5da6-a1dc-17c45b8fe932,0dda1bf0-2e7d-577a-abb4-960f8172e6f2,4,4,እናንተ ግን የዐመፅ ባለ መድኀኒቶች፥
3213a7e8-6df5-50dd-aa1c-0b3c85591d16,25311417-366f-5da6-a1dc-17c45b8fe932,0dda1bf0-2e7d-577a-abb4-960f8172e6f2,5,5,ላዳምጣችሁ አይገባኝም፥
5d83c5ed-608d-5ee5-ae72-4a314ffa8235,25311417-366f-5da6-a1dc-17c45b8fe932,0dda1bf0-2e7d-577a-abb4-960f8172e6f2,6,6,“አሁን የአፌን ክርክር ስሙ፥
55daaffa-7538-5fe2-a22f-6eec42a10e48,25311417-366f-5da6-a1dc-17c45b8fe932,0dda1bf0-2e7d-577a-abb4-960f8172e6f2,7,7,በውኑ በእግዚአብሔር ፊት የምትናገሩ አይደላችሁምን?
f7d1cec1-73cc-504d-a7bb-0f9b7ebf1599,25311417-366f-5da6-a1dc-17c45b8fe932,0dda1bf0-2e7d-577a-abb4-960f8172e6f2,8,8,ከእርሱ ወደ ኋላ ትመለሳላችሁን?
7dffa756-a7e9-5a39-ae02-06434b5c27dd,25311417-366f-5da6-a1dc-17c45b8fe932,0dda1bf0-2e7d-577a-abb4-960f8172e6f2,9,9,እርሱ ቢመረምራችሁ መልካም ነው፥
c5094202-73c0-5f01-a5ab-5a5c54a5cbe5,25311417-366f-5da6-a1dc-17c45b8fe932,0dda1bf0-2e7d-577a-abb4-960f8172e6f2,10,10,በስውር ለሰው ፊት ብታደሉ
3a45280d-59dc-533b-a49c-c446256858e4,25311417-366f-5da6-a1dc-17c45b8fe932,0dda1bf0-2e7d-577a-abb4-960f8172e6f2,11,11,ጥንቱን ኀይሉ አያስፈራችሁምን?
2ad0d2c2-55e5-5e97-a40c-6e3fedba9bbf,25311417-366f-5da6-a1dc-17c45b8fe932,0dda1bf0-2e7d-577a-abb4-960f8172e6f2,12,12,ምሳሌያችሁ እንደ አመድ ዐላፊ ነው፤
1483e909-89f0-561f-a1c6-fe828f491bd7,25311417-366f-5da6-a1dc-17c45b8fe932,0dda1bf0-2e7d-577a-abb4-960f8172e6f2,13,13,ዝም በሉ፤ እናገርም ዘንድ ተዉኝ፤
3753f0c7-354a-5e8c-a9e5-d505d9978f7c,25311417-366f-5da6-a1dc-17c45b8fe932,0dda1bf0-2e7d-577a-abb4-960f8172e6f2,14,14,ሥጋዬን በጥርሴ እይዛለሁ፤
d35380e7-a52f-5577-aa44-3005a7d8fd3e,25311417-366f-5da6-a1dc-17c45b8fe932,0dda1bf0-2e7d-577a-abb4-960f8172e6f2,15,15,እነሆ፥ ኀያሉ እጁን በእኔ ላይ ቢጭን፥
c51b2fe1-b3a8-5383-aed0-21a34db07c36,25311417-366f-5da6-a1dc-17c45b8fe932,0dda1bf0-2e7d-577a-abb4-960f8172e6f2,16,16,ዝንጉ ሰው በፊቱ አይገባምና
8dc05436-1404-511d-a773-24087450a531,25311417-366f-5da6-a1dc-17c45b8fe932,0dda1bf0-2e7d-577a-abb4-960f8172e6f2,17,17,ነገሬን ስሙ ስሙ፥
5c576e06-aefb-5bca-aac8-500748acfac3,25311417-366f-5da6-a1dc-17c45b8fe932,0dda1bf0-2e7d-577a-abb4-960f8172e6f2,18,18,እነሆ፥ ወደ ፍርዴ ቀርቤአለሁ።
2e736833-b356-5422-a3bc-58775aba25b3,25311417-366f-5da6-a1dc-17c45b8fe932,0dda1bf0-2e7d-577a-abb4-960f8172e6f2,19,19,አሁን ፈጽሜ ዝም እል ዘንድ፥
8bf4d3f4-3d60-5b06-a307-6495200e7261,25311417-366f-5da6-a1dc-17c45b8fe932,0dda1bf0-2e7d-577a-abb4-960f8172e6f2,20,20,“ነገር ግን ሁለት ነገርን ስጠኝ፤
a2df3fea-ea73-5b45-af97-edc0aad358c7,25311417-366f-5da6-a1dc-17c45b8fe932,0dda1bf0-2e7d-577a-abb4-960f8172e6f2,21,21,እጅህን ከእኔ አርቅ፤
665284b4-6bf3-5f6a-a326-4d6109becbbb,25311417-366f-5da6-a1dc-17c45b8fe932,0dda1bf0-2e7d-577a-abb4-960f8172e6f2,22,22,ከዚህም በኋላ ትጠራኛለህ፥ እኔም እመልስልሃለሁ።
5f8b6bc2-e710-5995-a1e1-6d5479e59e44,25311417-366f-5da6-a1dc-17c45b8fe932,0dda1bf0-2e7d-577a-abb4-960f8172e6f2,23,23,ኀጢአቶችና በደሌ ምን ያህል ናቸው?
6e551ab0-8d16-56aa-a388-f28ecdb52d9f,25311417-366f-5da6-a1dc-17c45b8fe932,0dda1bf0-2e7d-577a-abb4-960f8172e6f2,24,24,“ፊትህን ከእኔ የሰወርህ፥
d180cf29-4700-50ae-a1d2-e75f6bb2c5f6,25311417-366f-5da6-a1dc-17c45b8fe932,0dda1bf0-2e7d-577a-abb4-960f8172e6f2,25,25,በነፋስ እንደ ረገፈ ቅጠል ታፍሰኛለህን?
4bb95d66-8d80-5852-a209-d0aa01791172,25311417-366f-5da6-a1dc-17c45b8fe932,0dda1bf0-2e7d-577a-abb4-960f8172e6f2,26,26,ክፉ ነገርን ጽፈህብኛልና፤
73da47e4-be82-502e-ae22-705fe60d20dc,25311417-366f-5da6-a1dc-17c45b8fe932,0dda1bf0-2e7d-577a-abb4-960f8172e6f2,27,27,እግሮችንም በድጥ አሰነካከልህ፥
edff667b-8567-56c4-aaa3-84bc16ac77ab,25311417-366f-5da6-a1dc-17c45b8fe932,0dda1bf0-2e7d-577a-abb4-960f8172e6f2,28,28,እኔ እንደ አረጀ ረዋት፥
cc694411-36d7-5942-ad27-1e7ed702e0ff,22c8ac20-a7e6-5c82-ae6a-2ed72410d351,14952540-d6ac-5b34-aa69-63b8e3d3f99a,1,1,“ከሴት የተወለደ ሟች ሰው
1072afe1-27e1-500e-a39f-62017c9cb691,22c8ac20-a7e6-5c82-ae6a-2ed72410d351,14952540-d6ac-5b34-aa69-63b8e3d3f99a,2,2,እንደ አበባ ይወጣል፥ ይረግፋልም፤
9fc3bd23-b0a7-50ad-ae7a-c929ecf0ba0c,22c8ac20-a7e6-5c82-ae6a-2ed72410d351,14952540-d6ac-5b34-aa69-63b8e3d3f99a,3,3,እንደዚህስ ያለውን ሰው አንተ የምትመረምረው አይደለምን?
2bc06376-cf3e-5f76-a060-261ad397b8af,22c8ac20-a7e6-5c82-ae6a-2ed72410d351,14952540-d6ac-5b34-aa69-63b8e3d3f99a,4,4,ከርኵሰት የሚነጻ ማን ነው?
48bfd793-f54e-5bd7-a056-4112665be4f2,22c8ac20-a7e6-5c82-ae6a-2ed72410d351,14952540-d6ac-5b34-aa69-63b8e3d3f99a,5,5,በምድር ላይ አንድ ቀንም እንኳ ቢኖር፤
5eb57281-8621-5a38-a782-b32ee1cf88dd,22c8ac20-a7e6-5c82-ae6a-2ed72410d351,14952540-d6ac-5b34-aa69-63b8e3d3f99a,6,6,“እንደ ምንደኛ ሕይወቱን እንዲጠባበቃት፥
1eb44a02-015e-5614-a6fe-bef6cde1cd66,22c8ac20-a7e6-5c82-ae6a-2ed72410d351,14952540-d6ac-5b34-aa69-63b8e3d3f99a,7,7,ዛፍ ቢቈረጥ ደግሞ ያቈጠቍጥ ዘንድ፥ ተስፋ አለው፤
dbc219a7-179f-58f3-a493-62c4f5ef23f6,22c8ac20-a7e6-5c82-ae6a-2ed72410d351,14952540-d6ac-5b34-aa69-63b8e3d3f99a,8,8,ሥሩም በምድር ውስጥ ቢያረጅ፥
57508256-ebcc-5f6f-aa62-5c65693bcc43,22c8ac20-a7e6-5c82-ae6a-2ed72410d351,14952540-d6ac-5b34-aa69-63b8e3d3f99a,9,9,ከውኃ ሽታ የተነሣ ያቈጠቍጣል፤
29e18c92-f5d0-5a4c-a85a-16d0ac8c224a,22c8ac20-a7e6-5c82-ae6a-2ed72410d351,14952540-d6ac-5b34-aa69-63b8e3d3f99a,10,10,ሰው ግን ከሞተ ፈጽሞ ይተላል፤
b113decb-6e1c-573e-abc9-dbfc95fd9021,22c8ac20-a7e6-5c82-ae6a-2ed72410d351,14952540-d6ac-5b34-aa69-63b8e3d3f99a,11,11,ባሕር ይጐድላል፤
df406444-b8da-5b8f-a4c9-7010b882d5df,22c8ac20-a7e6-5c82-ae6a-2ed72410d351,14952540-d6ac-5b34-aa69-63b8e3d3f99a,12,12,ሰውም ከተኛ በኋላ
a662c419-bfb0-561e-a446-f2d2dfafef91,22c8ac20-a7e6-5c82-ae6a-2ed72410d351,14952540-d6ac-5b34-aa69-63b8e3d3f99a,13,13,“በመቃብር ውስጥ ምነው በጠበቅኸኝ ኖሮ!
b6c0e445-0eff-5e43-a1d6-3566c8c60a98,22c8ac20-a7e6-5c82-ae6a-2ed72410d351,14952540-d6ac-5b34-aa69-63b8e3d3f99a,14,14,ሰው የሕይወቱን ዘመን ፈጽሞ ከሞተ በኋላ በሕይወት የሚኖር ቢሆን
0930e376-deed-5238-a1e6-17e4c29146c9,22c8ac20-a7e6-5c82-ae6a-2ed72410d351,14952540-d6ac-5b34-aa69-63b8e3d3f99a,15,15,በጠራኸኝም ጊዜ በመለስሁልህ ነበር፤
72c12f6c-667e-58f4-a0c0-60af46bd3101,22c8ac20-a7e6-5c82-ae6a-2ed72410d351,14952540-d6ac-5b34-aa69-63b8e3d3f99a,16,16,አሁን ግን ኀጢአቶችን ቈጥረሃል፤
e38f7633-6b3f-5f1b-a83f-54e4370ea427,22c8ac20-a7e6-5c82-ae6a-2ed72410d351,14952540-d6ac-5b34-aa69-63b8e3d3f99a,17,17,መተላለፌን በከረጢት ውስጥ አትመሃል፥
b6dc8177-5b54-5e39-a728-b9f1f2db5fc0,22c8ac20-a7e6-5c82-ae6a-2ed72410d351,14952540-d6ac-5b34-aa69-63b8e3d3f99a,18,18,ተራራ ሲወድቅ ይጠፋል፥
d3191043-5353-5b6b-a077-f8d5bdc9e963,22c8ac20-a7e6-5c82-ae6a-2ed72410d351,14952540-d6ac-5b34-aa69-63b8e3d3f99a,19,19,“ውኆች ድንጋዮችን ይፍቃሉ፤
feb7aa2a-9a65-5b3c-a8e9-88ce724b128b,22c8ac20-a7e6-5c82-ae6a-2ed72410d351,14952540-d6ac-5b34-aa69-63b8e3d3f99a,20,20,ለዘለዓለም ታስወግደዋለህ፥ እርሱም ያልፋል፤
b5d213ed-8e74-5f82-af34-d774da160a94,22c8ac20-a7e6-5c82-ae6a-2ed72410d351,14952540-d6ac-5b34-aa69-63b8e3d3f99a,21,21,ልጆቹ ቢበዙ አያያቸውም
d68765c7-943e-5ddf-ae86-3480b3d70ded,22c8ac20-a7e6-5c82-ae6a-2ed72410d351,14952540-d6ac-5b34-aa69-63b8e3d3f99a,22,22,ነገር ግን የገዛ ሥጋው በሕማም ይሠቃያል፥
47a5828b-6fc9-5fc1-a511-8effe1eb134f,234bd3d6-5516-5625-a254-1e9d8a31002f,ef1a1226-11f7-59f9-a105-37d86c21b260,1,1,ቴማናዊውም ኤልፋዝ መለሰ፥ እንዲህም አለ፦
ea0b8d30-1d2b-5105-a35c-1ecf38c53b9c,234bd3d6-5516-5625-a254-1e9d8a31002f,ef1a1226-11f7-59f9-a105-37d86c21b260,2,2,“በውኑ ጠቢብ ሰው እንደ ነፋስ በሆነ ዕውቀት ይመልሳልን?
248639c3-53f1-5fee-a1ee-158d3232cb46,234bd3d6-5516-5625-a254-1e9d8a31002f,ef1a1226-11f7-59f9-a105-37d86c21b260,3,3,ከከንቱ ነገር፥
cb11880f-de40-56c0-aea1-ecbe441f4d6f,234bd3d6-5516-5625-a254-1e9d8a31002f,ef1a1226-11f7-59f9-a105-37d86c21b260,4,4,አንተ እግዚአብሔርን መፍራት ትተሃልን?
bd7a9157-0578-5a73-af30-d97ee7546c0b,234bd3d6-5516-5625-a254-1e9d8a31002f,ef1a1226-11f7-59f9-a105-37d86c21b260,5,5,ከአፍህ ንግግር የተነሣ መጠንህ ይታወቃል፥
93fd4364-d858-5e0a-a5aa-9f5e2df97473,234bd3d6-5516-5625-a254-1e9d8a31002f,ef1a1226-11f7-59f9-a105-37d86c21b260,6,6,የሚፈርድብህ አፍህ ነው እንጂ እኔ አይደለሁም፤
9bf081d2-2bfb-54e1-aec2-f004244aa8b7,234bd3d6-5516-5625-a254-1e9d8a31002f,ef1a1226-11f7-59f9-a105-37d86c21b260,7,7,በውኑ ከሰው ቀድመህ የተፈጠርህ ሰው አንተ ነህን?
768e60da-115b-5e81-af03-407902b11bd6,234bd3d6-5516-5625-a254-1e9d8a31002f,ef1a1226-11f7-59f9-a105-37d86c21b260,8,8,የእግዚአብሔርንስ ትእዛዝ ሰምተሃልን?
bf941600-f390-53ce-a483-750cff50871e,234bd3d6-5516-5625-a254-1e9d8a31002f,ef1a1226-11f7-59f9-a105-37d86c21b260,9,9,እኛ የማናውቀውን አንተ ምን ታውቃለህ?
d404fd39-c792-51e8-a9a1-7286b4b226bd,234bd3d6-5516-5625-a254-1e9d8a31002f,ef1a1226-11f7-59f9-a105-37d86c21b260,10,10,በዕድሜ ከአባትህ የሚበልጡ፥
765502f0-042f-5037-acc4-c194019fe5ad,234bd3d6-5516-5625-a254-1e9d8a31002f,ef1a1226-11f7-59f9-a105-37d86c21b260,11,11,ጥቂት ብትበድል ተገረፍህ፥
623d1304-485d-5ef2-a9da-659021d911db,234bd3d6-5516-5625-a254-1e9d8a31002f,ef1a1226-11f7-59f9-a105-37d86c21b260,12,12,“ልብህስ ለምን ይደፍራል?
886db514-d3bc-57b1-a77f-6db6a38e5b8d,234bd3d6-5516-5625-a254-1e9d8a31002f,ef1a1226-11f7-59f9-a105-37d86c21b260,13,13,በእግዚአብሔር ፊት በቍጣ ትመልስ ዘንድ፤
bd73ee70-e4b4-5219-a80c-1c92cb2bb117,234bd3d6-5516-5625-a254-1e9d8a31002f,ef1a1226-11f7-59f9-a105-37d86c21b260,14,14,ንጹሕ ይሆን ዘንድ ሟች ሰው ማን ነው?
cc8813cc-5586-5013-ac3b-ae572681be61,234bd3d6-5516-5625-a254-1e9d8a31002f,ef1a1226-11f7-59f9-a105-37d86c21b260,15,15,እነሆ፥ በቅዱሳኑ እንኳ አይታመንም፤
3c94bd23-2a2b-5ce3-a117-45100c117627,234bd3d6-5516-5625-a254-1e9d8a31002f,ef1a1226-11f7-59f9-a105-37d86c21b260,16,16,ይልቁንስ አስጸያፊና የረከሰ፥
16018044-8f47-57d4-a1de-c82b7544e106,234bd3d6-5516-5625-a254-1e9d8a31002f,ef1a1226-11f7-59f9-a105-37d86c21b260,17,17,“ስማኝ ልንገርህ፥
24617e6b-8f2d-5bdb-a4b8-fc7d9e88518e,234bd3d6-5516-5625-a254-1e9d8a31002f,ef1a1226-11f7-59f9-a105-37d86c21b260,18,18,ጠቢባን የተናገሩትን፥
98642ba4-7937-5699-af9b-c182bdde166c,234bd3d6-5516-5625-a254-1e9d8a31002f,ef1a1226-11f7-59f9-a105-37d86c21b260,19,19,ምድር ለእነርሱ ብቻ ተሰጥታለችና፤
ff2dac17-3d43-557a-a373-0dc78c02529b,234bd3d6-5516-5625-a254-1e9d8a31002f,ef1a1226-11f7-59f9-a105-37d86c21b260,20,20,የኃጥእ ሰው ዕድሜው በጭንቅ ያልፋል፥
02486939-01d2-5ecf-a80f-7b488d0fa355,234bd3d6-5516-5625-a254-1e9d8a31002f,ef1a1226-11f7-59f9-a105-37d86c21b260,21,21,የሚያስደነግጥ ድምፅም በጆሮው ነው፤
0df9f8b9-8509-563c-a38e-c9d1a13b1d28,234bd3d6-5516-5625-a254-1e9d8a31002f,ef1a1226-11f7-59f9-a105-37d86c21b260,22,22,ከጨለማ ተመልሶ እንዲወጣ ተስፋ የለውም፥
a58e1c84-712c-54f3-a6ea-b25c322bc06f,234bd3d6-5516-5625-a254-1e9d8a31002f,ef1a1226-11f7-59f9-a105-37d86c21b260,23,23,ለአሞራዎችም ምግብ ሆኖ ተሰጥቶአል
8dc00e30-fa64-501b-ab90-9612a433a747,234bd3d6-5516-5625-a254-1e9d8a31002f,ef1a1226-11f7-59f9-a105-37d86c21b260,24,24,መከራና ጭንቀት ይመጡበታል፤
d05f4281-6d8a-579c-ac8a-2c3d46551db2,234bd3d6-5516-5625-a254-1e9d8a31002f,ef1a1226-11f7-59f9-a105-37d86c21b260,25,25,እጁን በእግዚአብሔር ላይ ዘርግቶአልና፥
877f48de-a01b-5008-ac53-904fe501ebe8,234bd3d6-5516-5625-a254-1e9d8a31002f,ef1a1226-11f7-59f9-a105-37d86c21b260,26,26,በደንዳና አንገቱና በወፍራሙ በጋሻው ጕብጕብ፥
47becf48-8d14-56df-aea0-a2c6c6bb9c44,234bd3d6-5516-5625-a254-1e9d8a31002f,ef1a1226-11f7-59f9-a105-37d86c21b260,27,27,በስብም ፊቱን ከድኖአልና
ea6f4927-3eff-582c-a29e-67faa41ec8e2,234bd3d6-5516-5625-a254-1e9d8a31002f,ef1a1226-11f7-59f9-a105-37d86c21b260,28,28,በተፈቱም ከተሞች ውስጥ ይኖራል፥
85f0d58d-2d5c-5387-aa43-8dc5b977f295,234bd3d6-5516-5625-a254-1e9d8a31002f,ef1a1226-11f7-59f9-a105-37d86c21b260,29,29,“እርሱ ባለጠጋ አይሆንም፤ ሀብቱም አይጸናም፤
b924abe3-cc2b-5e10-a2e5-9b4df34592bf,234bd3d6-5516-5625-a254-1e9d8a31002f,ef1a1226-11f7-59f9-a105-37d86c21b260,30,30,ከጨለማ በምንም አያመልጥም፤
4ec074c4-6c33-5908-a262-307f742608d5,234bd3d6-5516-5625-a254-1e9d8a31002f,ef1a1226-11f7-59f9-a105-37d86c21b260,31,31,ለመኖር ተስፋ አያደርግም፤
8a4237bf-f537-5cf4-a61a-317e92ae40ec,234bd3d6-5516-5625-a254-1e9d8a31002f,ef1a1226-11f7-59f9-a105-37d86c21b260,32,32,ቀኑ ሳይደርስ መከሩ ይጠፋል፥
8dc59acc-6e16-5550-a55e-2f339557d6ec,234bd3d6-5516-5625-a254-1e9d8a31002f,ef1a1226-11f7-59f9-a105-37d86c21b260,33,33,ጮርቃውም ይረግፋል፤
a0037a55-6f1d-54c9-ad66-d1bbb88398e6,234bd3d6-5516-5625-a254-1e9d8a31002f,ef1a1226-11f7-59f9-a105-37d86c21b260,34,34,ለኃጥኣን ሁሉ ሞት ምስክራቸው ነው፥
337bf0f8-f54b-5928-aec3-bb07a0cad601,234bd3d6-5516-5625-a254-1e9d8a31002f,ef1a1226-11f7-59f9-a105-37d86c21b260,35,35,በሆዳቸው ጭንቅትን ይፀንሳሉ፥
d3812965-8fa7-5f04-a76a-a5b804868b37,d5427562-9d21-5f76-a8ef-4a30e337acff,e6aaaf5a-4f80-5c2f-af0e-2d416c0aa59e,1,1,ኢዮብም መለሰ እንዲህም አለ፦
4cfb0485-93b3-5d6d-a062-b78d424ffb87,d5427562-9d21-5f76-a8ef-4a30e337acff,e6aaaf5a-4f80-5c2f-af0e-2d416c0aa59e,2,2,“እንደዚህ ያለ ብዙ ነገር ሰማሁ፤
fc03e690-be04-5c9d-a259-489803bfbc4a,d5427562-9d21-5f76-a8ef-4a30e337acff,e6aaaf5a-4f80-5c2f-af0e-2d416c0aa59e,3,3,የመጣላችሁን ሁሉ ያለ ልክ ትናገራላችሁ፦
b8d387f1-564b-5ef9-a4db-551bba883fce,d5427562-9d21-5f76-a8ef-4a30e337acff,e6aaaf5a-4f80-5c2f-af0e-2d416c0aa59e,4,4,እኔ ደግሞ እናንተ እንደምትናገሩ እናገር ነበር፤
0f8b4e09-eb69-5b3e-a467-8f79156fc6a9,d5427562-9d21-5f76-a8ef-4a30e337acff,e6aaaf5a-4f80-5c2f-af0e-2d416c0aa59e,5,5,እኔም ነገርን እነግራችሁ ነበር፤
dca3dd5f-6270-536e-aa26-c1a6331991a1,d5427562-9d21-5f76-a8ef-4a30e337acff,e6aaaf5a-4f80-5c2f-af0e-2d416c0aa59e,6,6,ባፌም ኀይል ቢኖረኝ ኖሮ፥
7b13b7d7-410c-5b3e-ab39-02607f9b1dcf,d5427562-9d21-5f76-a8ef-4a30e337acff,e6aaaf5a-4f80-5c2f-af0e-2d416c0aa59e,7,7,እኔ ብናገር ቍስሌ አይድንም፤
6fefbfeb-1457-5565-ae38-c55480d99f23,d5427562-9d21-5f76-a8ef-4a30e337acff,e6aaaf5a-4f80-5c2f-af0e-2d416c0aa59e,8,8,አሁን ግን የዕብድ ቍርጥራጭና ብጥስጣሽ አደረግኸኝ፤
98c9a11e-ba27-516a-ab26-7f31ea26d91b,d5427562-9d21-5f76-a8ef-4a30e337acff,e6aaaf5a-4f80-5c2f-af0e-2d416c0aa59e,9,9,ሐሰቴም በእኔ ላይ ተነሣች፤
4a9222bc-5687-5c50-a30d-deb3ce3956bf,d5427562-9d21-5f76-a8ef-4a30e337acff,e6aaaf5a-4f80-5c2f-af0e-2d416c0aa59e,10,10,በቍጣው ጣለኝ፤
7f17984a-2e64-519c-ad07-926894bf5efa,d5427562-9d21-5f76-a8ef-4a30e337acff,e6aaaf5a-4f80-5c2f-af0e-2d416c0aa59e,11,11,ዐይኖችን አፍዝዞ ጋረደኝ፤
051f7ac8-3469-539d-ac63-861cf1390c93,d5427562-9d21-5f76-a8ef-4a30e337acff,e6aaaf5a-4f80-5c2f-af0e-2d416c0aa59e,12,12,እግዚአብሔር ለጠማማ ሰው አሳልፎ ሰጠኝ፤
6a9519b0-3224-5e59-a583-efe547e40976,d5427562-9d21-5f76-a8ef-4a30e337acff,e6aaaf5a-4f80-5c2f-af0e-2d416c0aa59e,13,13,ተዘልዬ ስኖርም ጣለኝ፤ የራስ ጠጕሬን ይዞ ነጨው፤
abda8e56-ff42-529e-a447-271bf3b05864,d5427562-9d21-5f76-a8ef-4a30e337acff,e6aaaf5a-4f80-5c2f-af0e-2d416c0aa59e,14,14,በጦር ከበቡኝ፤
3b55014e-5c16-53d7-a9bc-a50bc6fcbd29,d5427562-9d21-5f76-a8ef-4a30e337acff,e6aaaf5a-4f80-5c2f-af0e-2d416c0aa59e,15,15,በውድቀት ላይ ውድቀትን አደረሱብኝ፤
f1ed97c8-353e-5160-abf0-1faf1c331f6d,d5427562-9d21-5f76-a8ef-4a30e337acff,e6aaaf5a-4f80-5c2f-af0e-2d416c0aa59e,16,16,በቍርበቴ ላይ ማቅ ሰፉ፤
0f416d42-7038-55d7-a568-4f3472ec021c,d5427562-9d21-5f76-a8ef-4a30e337acff,e6aaaf5a-4f80-5c2f-af0e-2d416c0aa59e,17,17,ሆዴ በልቅሶ ተቃጠለ፤
077a3f91-e2d2-51fe-a1c5-d990430cdf76,d5427562-9d21-5f76-a8ef-4a30e337acff,e6aaaf5a-4f80-5c2f-af0e-2d416c0aa59e,18,18,ነገር ግን በእጄ ዐመፅ የለም፤
0c46030b-5a48-5c16-a28d-d8ab51eb42d6,d5427562-9d21-5f76-a8ef-4a30e337acff,e6aaaf5a-4f80-5c2f-af0e-2d416c0aa59e,19,19,መሬት ሥጋዬን ይሸፍነው ይሆን?
0d71a100-1a4f-5fa1-a72e-2dbdd24272e0,d5427562-9d21-5f76-a8ef-4a30e337acff,e6aaaf5a-4f80-5c2f-af0e-2d416c0aa59e,20,20,“አሁንም፥ እነሆ፥ ምስክሬ በሰማይ አለ፤
0343717a-8abb-5340-ad9d-5a29ec34b788,d5427562-9d21-5f76-a8ef-4a30e337acff,e6aaaf5a-4f80-5c2f-af0e-2d416c0aa59e,21,21,ጸሎቴ ወደ እግዚአብሔር ትድረስ፥
78d0875d-6f13-5cbc-a045-6f103da879c8,d5427562-9d21-5f76-a8ef-4a30e337acff,e6aaaf5a-4f80-5c2f-af0e-2d416c0aa59e,22,22,የሰው ልጅ ከባልንጀራው ጋር እንደሚምዋገት፥
c85a6b51-e0cc-5965-a93f-61ee8d7d071b,d5427562-9d21-5f76-a8ef-4a30e337acff,e6aaaf5a-4f80-5c2f-af0e-2d416c0aa59e,23,23,የተቈጠሩ ዘመኖች ደረሱ፤
046b78fb-3369-568d-a52c-9ffe6a9d6e5d,44af2c32-f15c-586a-acab-f9488b1073aa,2cd936be-1b0d-5c71-ae50-ff704ae437c3,1,1,ነፍሴን የሚያወጣት ያስጨንቀኛል
a27ea812-bd01-593e-a011-a9df192939cc,44af2c32-f15c-586a-acab-f9488b1073aa,2cd936be-1b0d-5c71-ae50-ff704ae437c3,2,2,እየለመንሁ ደከምሁ፤
b1fbc965-613c-5a81-a395-2b9279435a6e,44af2c32-f15c-586a-acab-f9488b1073aa,2cd936be-1b0d-5c71-ae50-ff704ae437c3,3,3,ከእኔ ጋር አጋና የሚማታ ማን ነው?
576bdb4f-02e0-5852-a654-32538f00e540,44af2c32-f15c-586a-acab-f9488b1073aa,2cd936be-1b0d-5c71-ae50-ff704ae437c3,4,4,ልባቸውንም ከጥበብ ሰውረኸዋል፤
7eeae884-2b22-5be8-a9b9-437376db6965,44af2c32-f15c-586a-acab-f9488b1073aa,2cd936be-1b0d-5c71-ae50-ff704ae437c3,5,5,ለብዝበዛ ባልንጀሮቹን አሳልፎ የሚሰጥ ሰው፥
bac63949-d936-5cc3-af35-a2c9ac78e3c9,44af2c32-f15c-586a-acab-f9488b1073aa,2cd936be-1b0d-5c71-ae50-ff704ae437c3,6,6,ለአሕዛብም ምሳሌ አደረግኸኝ፤
fe0f01d3-c6a8-56b2-a357-32d39d5f006d,44af2c32-f15c-586a-acab-f9488b1073aa,2cd936be-1b0d-5c71-ae50-ff704ae437c3,7,7,ዐይኖች ከእንባ የተነሣ ፈዘዙ፥
3f58a78b-71c2-50d5-a7a9-79e96f981ab4,44af2c32-f15c-586a-acab-f9488b1073aa,2cd936be-1b0d-5c71-ae50-ff704ae437c3,8,8,ደስታዬን ተማምኛት ነበር፤ ነገር ግን ጠፋችብኝ፤
e98d9b4e-3810-5e3b-aac7-0217bb44811e,44af2c32-f15c-586a-acab-f9488b1073aa,2cd936be-1b0d-5c71-ae50-ff704ae437c3,9,9,ነገር ግን ወደ መንገዴ እንደ ምመለስ እተማመናለሁ፤
12db9083-c8d7-52d1-a7f5-56ea90515c96,44af2c32-f15c-586a-acab-f9488b1073aa,2cd936be-1b0d-5c71-ae50-ff704ae437c3,10,10,ነገር ግን እናንተ ሁሉ ወደዚህ መጥታችሁ ታዩኛላችሁ፤
5707fcbd-0e2d-50ae-ac6c-9dc01299fe9f,44af2c32-f15c-586a-acab-f9488b1073aa,2cd936be-1b0d-5c71-ae50-ff704ae437c3,11,11,“ዘመኖች በጩኸት አለቁ፤
ec6abda4-db6c-5c2c-add7-f5400faa9182,44af2c32-f15c-586a-acab-f9488b1073aa,2cd936be-1b0d-5c71-ae50-ff704ae437c3,12,12,ቀኑ ሌሊት ሆነብኝ።
d5d5283a-4321-595d-a126-6c130b18a217,44af2c32-f15c-586a-acab-f9488b1073aa,2cd936be-1b0d-5c71-ae50-ff704ae437c3,13,13,ብዘገይም ሲኦል ቤቴ ናት፤
0423f1f9-9599-5f4f-a5b7-2c144565c58f,44af2c32-f15c-586a-acab-f9488b1073aa,2cd936be-1b0d-5c71-ae50-ff704ae437c3,14,14,ሞትን፦ አንተ አባቴ ነህ አልሁት፤
e138a75a-dac8-5e72-af5c-98728f48a449,44af2c32-f15c-586a-acab-f9488b1073aa,2cd936be-1b0d-5c71-ae50-ff704ae437c3,15,15,እንግዲህ ተስፋዬ ወዴት ናት?
86d13bc3-6337-5479-a2e0-ec1a2746b406,44af2c32-f15c-586a-acab-f9488b1073aa,2cd936be-1b0d-5c71-ae50-ff704ae437c3,16,16,ከእኔስ ጋር ወደ መቃብር ትወርዳለችን?
c3df25cf-5504-5014-aeb2-800a9d076c36,fcff0589-9aa2-579b-a7cd-f5e2c590ead9,02041b15-cb19-5d54-acfa-63af4c30d2ed,1,1,አውኬናዊው በልዳዶስ መለሰ እንዲህም አለ፦
b3425f66-17aa-51ac-adbb-28489fb8eb67,fcff0589-9aa2-579b-a7cd-f5e2c590ead9,02041b15-cb19-5d54-acfa-63af4c30d2ed,2,2,“ዝም የማትለው እስከ መቼ ነው?
cc059881-64ce-559e-a0e4-2ef5f6a1ca81,fcff0589-9aa2-579b-a7cd-f5e2c590ead9,02041b15-cb19-5d54-acfa-63af4c30d2ed,3,3,ስለ ምንስ እንደ እንስሳ በፊትህ ዝም አልን?
741fb325-e020-56fc-add8-ab3aba58ebc0,fcff0589-9aa2-579b-a7cd-f5e2c590ead9,02041b15-cb19-5d54-acfa-63af4c30d2ed,4,4,መከራው ይገባሃል፤ አንተስ የሞትህ እንደ ሆነ ምንድን ነው?
f4c3df9b-633b-520f-aba7-63a18d968507,fcff0589-9aa2-579b-a7cd-f5e2c590ead9,02041b15-cb19-5d54-acfa-63af4c30d2ed,5,5,“የኀጢኣተኞች መብራት ይጠፋል፥
f53d98eb-f5a0-528a-a36d-65cb3cc9ad85,fcff0589-9aa2-579b-a7cd-f5e2c590ead9,02041b15-cb19-5d54-acfa-63af4c30d2ed,6,6,ብርሃኑ በድንኳኑ ውስጥ ይጨልማል፤
83898f69-3a30-5417-a3d3-b263c0cc852e,fcff0589-9aa2-579b-a7cd-f5e2c590ead9,02041b15-cb19-5d54-acfa-63af4c30d2ed,7,7,የተዋረዱ ሰዎች ንብረቱን ይወስዳሉ፤
3af547df-315a-5653-a48e-f0d71cb26b67,fcff0589-9aa2-579b-a7cd-f5e2c590ead9,02041b15-cb19-5d54-acfa-63af4c30d2ed,8,8,እግሩ በወጥመድ ትያዛለች፤
de868729-9c44-5084-a217-53a3a27daac4,fcff0589-9aa2-579b-a7cd-f5e2c590ead9,02041b15-cb19-5d54-acfa-63af4c30d2ed,9,9,አሽክላዎች በላዩ ይመጣሉ፤
4a57a920-febd-5f29-adc6-95d43a1b58e3,fcff0589-9aa2-579b-a7cd-f5e2c590ead9,02041b15-cb19-5d54-acfa-63af4c30d2ed,10,10,በምድር ላይ የሸምቀቆ ገመዱ ተሰውራለች፤
c38a7cab-5eab-5184-af91-9277e1d5ee64,fcff0589-9aa2-579b-a7cd-f5e2c590ead9,02041b15-cb19-5d54-acfa-63af4c30d2ed,11,11,መከራ በዙሪያው ታጠፋዋለች፤
6d9d5f94-6817-5d64-ac6e-635cb1b66ab3,fcff0589-9aa2-579b-a7cd-f5e2c590ead9,02041b15-cb19-5d54-acfa-63af4c30d2ed,12,12,ኀይሉ በራብ ትደክማለች።
60c6512a-0cc3-559c-af85-be87e3ec943f,fcff0589-9aa2-579b-a7cd-f5e2c590ead9,02041b15-cb19-5d54-acfa-63af4c30d2ed,13,13,ጭኖቹ ይበሰብሳሉ።
a4c0bba5-b9cb-5f7d-adbd-529401db2fe7,fcff0589-9aa2-579b-a7cd-f5e2c590ead9,02041b15-cb19-5d54-acfa-63af4c30d2ed,14,14,ጤንነት ከሥጋው ትርቃለች።
2510bec7-868f-5b6c-a383-af86bc918a83,fcff0589-9aa2-579b-a7cd-f5e2c590ead9,02041b15-cb19-5d54-acfa-63af4c30d2ed,15,15,በሌሊት በድንኳኑ ውስጥ ለእርሱ የማይሆነው ይኖራል፤
3a7efdb8-fde8-51b4-a6f0-d72336b32e6e,fcff0589-9aa2-579b-a7cd-f5e2c590ead9,02041b15-cb19-5d54-acfa-63af4c30d2ed,16,16,ሥሩ ከበታቹ ይደርቃል፤
9c01090a-13bb-573a-a795-76fcf1865e74,fcff0589-9aa2-579b-a7cd-f5e2c590ead9,02041b15-cb19-5d54-acfa-63af4c30d2ed,17,17,መታሰቢያውም ከምድር ይጠፋል፤
6d1d8a03-3fc9-580b-aa1c-f9c72ac9bde5,fcff0589-9aa2-579b-a7cd-f5e2c590ead9,02041b15-cb19-5d54-acfa-63af4c30d2ed,18,18,ከብርሃን ወደ ጨለማ አርቀው ያፈልሱታል።
cd88b085-d464-5f1f-a569-276eae3e84e3,fcff0589-9aa2-579b-a7cd-f5e2c590ead9,02041b15-cb19-5d54-acfa-63af4c30d2ed,19,19,ከሕዝቡ መካከል የሚራራለት የለም፤
1eb5bfbc-747d-5d80-a064-c1f3c73ee177,fcff0589-9aa2-579b-a7cd-f5e2c590ead9,02041b15-cb19-5d54-acfa-63af4c30d2ed,20,20,ነገር ግን ባዕድ በንብረቱ ላይ ተድላ ያደርጋል፤
92a1faf5-49fe-573e-a65a-e605eb9ae3e9,fcff0589-9aa2-579b-a7cd-f5e2c590ead9,02041b15-cb19-5d54-acfa-63af4c30d2ed,21,21,የኀጢኣተኞች ቤት እንዲህ ነው፤
651fdfa7-01af-5160-acb7-4622a4699af7,55828851-adae-573e-a202-7e0202e8de1a,da94abe6-3450-5e4e-a30f-84cf3d1a4bac,1,1,ኢዮብም መለሰ እንዲህም አለ፦
118e2e51-e289-58d0-aede-2dd50aaa4e5d,55828851-adae-573e-a202-7e0202e8de1a,da94abe6-3450-5e4e-a30f-84cf3d1a4bac,2,2,“ነፍሴን የምትነዘንዙአት፥
a33c5e03-2076-57e8-ae6a-00f38d63f184,55828851-adae-573e-a202-7e0202e8de1a,da94abe6-3450-5e4e-a30f-84cf3d1a4bac,3,3,ዐሥር ጊዜ ትናገሩኛላችሁ፥ ትሰድቡኛላችሁም፤
3c751c07-625b-5b3b-a6d5-2eb9a9c788b0,55828851-adae-573e-a202-7e0202e8de1a,da94abe6-3450-5e4e-a30f-84cf3d1a4bac,4,4,በእውነት እኔ ከበደልሁ፤
b031e429-daf0-5106-aa1b-6349946b020d,55828851-adae-573e-a202-7e0202e8de1a,da94abe6-3450-5e4e-a30f-84cf3d1a4bac,5,5,ወዮልኝ! አፋችሁን በእኔ ላይ ከፍ ከፍ ታደርጋላችሁና፤
cc811513-81a7-556a-a175-469316da1042,55828851-adae-573e-a202-7e0202e8de1a,da94abe6-3450-5e4e-a30f-84cf3d1a4bac,6,6,እንግዲህ እግዚአብሔር እንደ አወከኝ፥
78f9a5c2-7bc6-52d9-a331-17e27b551161,55828851-adae-573e-a202-7e0202e8de1a,da94abe6-3450-5e4e-a30f-84cf3d1a4bac,7,7,እነሆ፥ በዘለፋ እደክማለሁ፤
43a5791d-6ac3-5fe3-a617-3f90aa6e7a6d,55828851-adae-573e-a202-7e0202e8de1a,da94abe6-3450-5e4e-a30f-84cf3d1a4bac,8,8,ዙሪያዬ ታጥሯል፤ መተላለፊያም የለኝም፤
e64d946e-b835-5c76-a250-ffc0f4ebeda0,55828851-adae-573e-a202-7e0202e8de1a,da94abe6-3450-5e4e-a30f-84cf3d1a4bac,9,9,ክብሬን ገፈፈኝ፤
94c962b7-fac7-58fb-ac4f-6131a3ff556c,55828851-adae-573e-a202-7e0202e8de1a,da94abe6-3450-5e4e-a30f-84cf3d1a4bac,10,10,በዚህና በዚያ አፈረሰኝ፤ እኔም ሄድሁ፤
433e1106-7d11-5dc1-a671-43aa5ccaa69b,55828851-adae-573e-a202-7e0202e8de1a,da94abe6-3450-5e4e-a30f-84cf3d1a4bac,11,11,በታላቅ ቍጣም ያዘኝ
5930bfc2-4392-508d-ae56-0bb1dc00bb8d,55828851-adae-573e-a202-7e0202e8de1a,da94abe6-3450-5e4e-a30f-84cf3d1a4bac,12,12,ሠራዊቱ አብረው በእኔ ላይ መጡ፥
8e9b0cd8-68d1-52d3-a760-8faef1be2958,55828851-adae-573e-a202-7e0202e8de1a,da94abe6-3450-5e4e-a30f-84cf3d1a4bac,13,13,“ወንድሞች ተለዩኝ፥
5097619f-6fe7-59e8-aee5-07a26c101458,55828851-adae-573e-a202-7e0202e8de1a,da94abe6-3450-5e4e-a30f-84cf3d1a4bac,14,14,ዘመዶች አልተረዱኝም፥
912f50fe-f856-5770-a2b9-451a721c2223,55828851-adae-573e-a202-7e0202e8de1a,da94abe6-3450-5e4e-a30f-84cf3d1a4bac,15,15,ቤተሰቦችና ሴቶች አገልጋዮች ሊያዩኝ አልፈቀዱም፤
d368a87b-8449-5e76-ac76-fe9f420092da,55828851-adae-573e-a202-7e0202e8de1a,da94abe6-3450-5e4e-a30f-84cf3d1a4bac,16,16,አገልጋዮችን እጠራቸዋለሁ፤
228e1853-0073-5078-a8cc-e24a2e578bff,55828851-adae-573e-a202-7e0202e8de1a,da94abe6-3450-5e4e-a30f-84cf3d1a4bac,17,17,ሚስቴን እለማመጣታለሁ፤
af556c59-e9a4-518a-a046-ebb1d7b67cf5,55828851-adae-573e-a202-7e0202e8de1a,da94abe6-3450-5e4e-a30f-84cf3d1a4bac,18,18,ለዘለዓለም ተስፋ ቈረጡብኝ።
7c6eea03-57b4-5970-a27d-f83b64db37ae,55828851-adae-573e-a202-7e0202e8de1a,da94abe6-3450-5e4e-a30f-84cf3d1a4bac,19,19,ያዩኝ ሁሉ ተጸየፉኝ፤
2c99fab4-e749-57c0-a3b7-b16c817977b1,55828851-adae-573e-a202-7e0202e8de1a,da94abe6-3450-5e4e-a30f-84cf3d1a4bac,20,20,ቍርበቴ ከሥጋዬ ጋር ይበጣጠሳል።
321fe521-82d9-5b66-a39a-c1ae4fc87274,55828851-adae-573e-a202-7e0202e8de1a,da94abe6-3450-5e4e-a30f-84cf3d1a4bac,21,21,እናንተ ወዳጆቼ ሆይ፤ ማሩኝ፤ ማሩኝ፤
0afe1a48-dfcf-5df2-a521-217602469c72,55828851-adae-573e-a202-7e0202e8de1a,da94abe6-3450-5e4e-a30f-84cf3d1a4bac,22,22,ስለ ምን እናንተ እንደ እግዚአብሔር ታሳድዱኛላችሁ?
45f95761-b867-523f-afa4-0a0ccfc4b55a,55828851-adae-573e-a202-7e0202e8de1a,da94abe6-3450-5e4e-a30f-84cf3d1a4bac,23,23,ቃሌን ማን በጻፈው!
c4ec84c1-2727-5799-a9fb-a080f10f74fe,55828851-adae-573e-a202-7e0202e8de1a,da94abe6-3450-5e4e-a30f-84cf3d1a4bac,24,24,ማን በብረት ብርዕና በእርሳስ፥
e4d1d161-6cc0-59e1-a2e4-b9578d3f3d63,55828851-adae-573e-a202-7e0202e8de1a,da94abe6-3450-5e4e-a30f-84cf3d1a4bac,25,25,እኔን ግን የሚቤዠኝ ሕያው እንደ ሆነ፥
1d198d23-1a4a-5511-a676-acca15ebdadc,55828851-adae-573e-a202-7e0202e8de1a,da94abe6-3450-5e4e-a30f-84cf3d1a4bac,26,26,ይህ ቍርበቴም ከጠፋ በኋላ፥
71c5d893-37b1-5a93-a41f-2cea9f3c4a77,55828851-adae-573e-a202-7e0202e8de1a,da94abe6-3450-5e4e-a30f-84cf3d1a4bac,27,27,እኔ ራሴ አየዋለሁ፤ ዐይኖቼም ይመለከቱታል፤
0430eb13-63f6-5ee7-a164-6727c0da7409,55828851-adae-573e-a202-7e0202e8de1a,da94abe6-3450-5e4e-a30f-84cf3d1a4bac,28,28,“በፊቱ ምን እንናገራለን?
def86071-79ff-5b15-a5ba-1177303dc4a0,55828851-adae-573e-a202-7e0202e8de1a,da94abe6-3450-5e4e-a30f-84cf3d1a4bac,29,29,እናንተ ሐሣርን ፍሩአት፥
86fff09e-d82e-5f36-a884-1111452e7669,e12bfda3-03c1-56a8-ac32-a09bd8414298,f20250b5-5cf2-56cb-a63a-d6780cbb7a17,1,1,አሜናዊውም ሶፋር መለሰ፤ እንዲህም አለ፦
be7a7d1f-7d9f-5c8a-aede-69d1183322ac,e12bfda3-03c1-56a8-ac32-a09bd8414298,f20250b5-5cf2-56cb-a63a-d6780cbb7a17,2,2,“እንደዚህ እንደምትመልስ አልጠረጠርሁህም ነበር፤
1ea8ab36-9928-563a-a2f6-94a1fd3fdff5,e12bfda3-03c1-56a8-ac32-a09bd8414298,f20250b5-5cf2-56cb-a63a-d6780cbb7a17,3,3,የትምህርቴን ጥበብ ልንገርህ፤ ስማኝ፤
f74e5c72-51e9-5d2b-a32b-22c3b236bc92,e12bfda3-03c1-56a8-ac32-a09bd8414298,f20250b5-5cf2-56cb-a63a-d6780cbb7a17,4,4,ሰው በምድር ላይ ከተፈጠረ፥ ከድሮ ዘመን ጀምሮ፥
7e96b725-b20a-56ec-a54f-bfe255544078,e12bfda3-03c1-56a8-ac32-a09bd8414298,f20250b5-5cf2-56cb-a63a-d6780cbb7a17,5,5,የኀጢኣተኞች ደስታ ታላቅ ሰልፍ ነው፥
473b88ca-62fa-5d51-a5a6-602180137089,e12bfda3-03c1-56a8-ac32-a09bd8414298,f20250b5-5cf2-56cb-a63a-d6780cbb7a17,6,6,መባው ወደ ሰማይ ቢወጣ፥
38e68e71-3f41-5886-adaa-d2be6ad420f0,e12bfda3-03c1-56a8-ac32-a09bd8414298,f20250b5-5cf2-56cb-a63a-d6780cbb7a17,7,7,እነሆ ተደላድያለሁ በሚልበት ጊዜ ለዘለዓለም ይጠፋል።
aeafd8a1-dc16-5bbf-af32-3b98399c35f9,e12bfda3-03c1-56a8-ac32-a09bd8414298,f20250b5-5cf2-56cb-a63a-d6780cbb7a17,8,8,እንደ ሕልም ይበርራል፤ እርሱም አይገኝም፤
1fe7fef0-cc74-572e-a6b8-8841bcbcab3d,e12bfda3-03c1-56a8-ac32-a09bd8414298,f20250b5-5cf2-56cb-a63a-d6780cbb7a17,9,9,ዐይን አየችው፤ ነገር ግን ዳግመኛ አታየውም፤
6fff1ff4-742f-5691-a1be-c424cb5526c3,e12bfda3-03c1-56a8-ac32-a09bd8414298,f20250b5-5cf2-56cb-a63a-d6780cbb7a17,10,10,የተዋረዱ ሰዎች ልጆቹን ያጠፋሉ፤
d484b9da-7f8b-51ff-ad96-99ff327308dc,e12bfda3-03c1-56a8-ac32-a09bd8414298,f20250b5-5cf2-56cb-a63a-d6780cbb7a17,11,11,ጭንቀት በአጥንቶቹ ሞልቶአል፤
c43765d5-16df-51c1-aad4-6945737eb339,e12bfda3-03c1-56a8-ac32-a09bd8414298,f20250b5-5cf2-56cb-a63a-d6780cbb7a17,12,12,“ክፋት በአፉ ውስጥ ብትጣፍጠው፤
5f35f0da-9924-51a1-a80a-9a416a9d00d7,e12bfda3-03c1-56a8-ac32-a09bd8414298,f20250b5-5cf2-56cb-a63a-d6780cbb7a17,13,13,ቢጠብቃትም፥ ባይተዋትም፤
d3bff7a2-538c-5623-a98e-4b3d4e4ae534,e12bfda3-03c1-56a8-ac32-a09bd8414298,f20250b5-5cf2-56cb-a63a-d6780cbb7a17,14,14,ፈጽሞ ራሱን መርዳት አይችልም።
4b77c3c8-3c07-54a7-a266-8124d090ae30,e12bfda3-03c1-56a8-ac32-a09bd8414298,f20250b5-5cf2-56cb-a63a-d6780cbb7a17,15,15,በዐመፅ የሚሰበሰብ ሀብትም ይጠፋል፤
54d8e61f-fe5c-5614-ad04-cf0820a11ec3,e12bfda3-03c1-56a8-ac32-a09bd8414298,f20250b5-5cf2-56cb-a63a-d6780cbb7a17,16,16,የእባብን መርዝ ይጠባል፤
3dd6099c-78f8-573a-a694-1defb9938b40,e12bfda3-03c1-56a8-ac32-a09bd8414298,f20250b5-5cf2-56cb-a63a-d6780cbb7a17,17,17,የመንጋዎቹንም ጥጆች፥
78c24828-c1a5-5f36-a5eb-1e7ad7cb01f3,e12bfda3-03c1-56a8-ac32-a09bd8414298,f20250b5-5cf2-56cb-a63a-d6780cbb7a17,18,18,ለማይቀምሰው፥ ለማይታኘክና ለማይዋጥ ሀብት
0f7ecd58-858a-539e-abb6-32c292e68106,e12bfda3-03c1-56a8-ac32-a09bd8414298,f20250b5-5cf2-56cb-a63a-d6780cbb7a17,19,19,የደካሞችን ቤቶች አፍርሶአልና፤
f928f9eb-29cb-51d2-a452-0b1e6ebfa3a5,e12bfda3-03c1-56a8-ac32-a09bd8414298,f20250b5-5cf2-56cb-a63a-d6780cbb7a17,20,20,ለንብረቱ ጥበቃ የለውም፤
d37d17c1-787a-5a69-ad86-7f793c7a5558,e12bfda3-03c1-56a8-ac32-a09bd8414298,f20250b5-5cf2-56cb-a63a-d6780cbb7a17,21,21,ለሀብቱ ትርፍ የለውም፤
1429ef90-1943-5517-a935-a508cdfec77a,e12bfda3-03c1-56a8-ac32-a09bd8414298,f20250b5-5cf2-56cb-a63a-d6780cbb7a17,22,22,በጠገበ ጊዜ ይጨነቃል፤
5adebb8b-5c0c-5f2a-a0de-063d0defc2c8,e12bfda3-03c1-56a8-ac32-a09bd8414298,f20250b5-5cf2-56cb-a63a-d6780cbb7a17,23,23,“ሆዱን ቢያጠግብ፥
c8e951bd-7789-5b79-a1dd-3fd371087352,e12bfda3-03c1-56a8-ac32-a09bd8414298,f20250b5-5cf2-56cb-a63a-d6780cbb7a17,24,24,ከሰይፍም ኀይል አያመልጥም፤
3044dda6-8e4b-517d-acfd-7f7c9a806f47,e12bfda3-03c1-56a8-ac32-a09bd8414298,f20250b5-5cf2-56cb-a63a-d6780cbb7a17,25,25,ቀስቱም በሥጋው ውስጥ ያልፋል።
cd348d17-0eb1-5fe4-a745-09403754022e,e12bfda3-03c1-56a8-ac32-a09bd8414298,f20250b5-5cf2-56cb-a63a-d6780cbb7a17,26,26,ጨለማ ሁሉ ይጠብቀዋል፤
dfe58967-a9dc-5a0b-afcd-da0194ffbb35,e12bfda3-03c1-56a8-ac32-a09bd8414298,f20250b5-5cf2-56cb-a63a-d6780cbb7a17,27,27,ሰማይ ኀጢኣቱን ይገልጥበታል፤
b3a77d58-9a7f-52b5-a944-5dfe889840b4,e12bfda3-03c1-56a8-ac32-a09bd8414298,f20250b5-5cf2-56cb-a63a-d6780cbb7a17,28,28,ጥፋትም ቤቱን ወደ ፍጻሜ ያመጣታል።
501394f9-c6b4-556b-a781-5e6d8c79dbff,e12bfda3-03c1-56a8-ac32-a09bd8414298,f20250b5-5cf2-56cb-a63a-d6780cbb7a17,29,29,ከእግዚአብሔር ዘንድ የኀጢአተኛ ሰው እድል ፋንታው፥
8a93e446-15d5-5e2b-aa4a-5c5398c7adce,7a6d0dfa-1ff5-5048-a7e6-c7c15ab82d88,a85cec68-30b9-5b73-add2-43509cc4c339,1,1,ኢዮብም መለሰ፤ እንዲህም አለ፦
fc20531f-3908-5402-a13d-18a82f4f63ae,7a6d0dfa-1ff5-5048-a7e6-c7c15ab82d88,a85cec68-30b9-5b73-add2-43509cc4c339,2,2,“እኛ አጽናናነው እንዳትሉኝ፥
505d8285-ac91-53d1-af16-4c4b62a22322,7a6d0dfa-1ff5-5048-a7e6-c7c15ab82d88,a85cec68-30b9-5b73-add2-43509cc4c339,3,3,እናገር ዘንድ ዝም በሉ፤
d5fc53f6-e189-5f21-a061-837482c9f679,7a6d0dfa-1ff5-5048-a7e6-c7c15ab82d88,a85cec68-30b9-5b73-add2-43509cc4c339,4,4,ሰው የሚዘልፈኝ አይደለም፤
d483fcc8-90f7-581b-ae4f-4b5ecc01d6b6,7a6d0dfa-1ff5-5048-a7e6-c7c15ab82d88,a85cec68-30b9-5b73-add2-43509cc4c339,5,5,ወደ እኔ ተመልከቱ፥ ተደነቁም፤
ad516849-6e26-5e3e-ae9a-ac1d73defe38,7a6d0dfa-1ff5-5048-a7e6-c7c15ab82d88,a85cec68-30b9-5b73-add2-43509cc4c339,6,6,እኔ ባሰብሁ ቍጥር እጨነቃለሁ፤
44f3c475-8298-5cfa-a9c3-dc87ef64b15e,7a6d0dfa-1ff5-5048-a7e6-c7c15ab82d88,a85cec68-30b9-5b73-add2-43509cc4c339,7,7,ስለ ምን ኀጢኣተኞች በሕይወት ይኖራሉ?
9f9bfd1e-92e8-534b-a31f-1dd5ffaedef3,7a6d0dfa-1ff5-5048-a7e6-c7c15ab82d88,a85cec68-30b9-5b73-add2-43509cc4c339,8,8,ዘራቸው በፊታቸው ከእነርሱ ጋር ጸንቶ ይኖራል፤
e3d1e11e-d4c1-5d56-ae40-52e425c6ef18,7a6d0dfa-1ff5-5048-a7e6-c7c15ab82d88,a85cec68-30b9-5b73-add2-43509cc4c339,9,9,ቤታቸው በብልፅግና የተሞላ ነው፤ የሚያስፈራቸውም የለም።
e681b5dc-f498-5648-aaff-548b60ccb1dd,7a6d0dfa-1ff5-5048-a7e6-c7c15ab82d88,a85cec68-30b9-5b73-add2-43509cc4c339,10,10,በሬዎቻቸው አይመክኑም፤
b41cc0d2-2726-5939-a9dc-0e4d9878c188,7a6d0dfa-1ff5-5048-a7e6-c7c15ab82d88,a85cec68-30b9-5b73-add2-43509cc4c339,11,11,እነርሱም እንደ በጎች ለዘለዓለም ይጠበቃሉ፤
2b322755-a0e3-5c94-a1a8-b7ea64ea2beb,7a6d0dfa-1ff5-5048-a7e6-c7c15ab82d88,a85cec68-30b9-5b73-add2-43509cc4c339,12,12,በገናና መሰንቆ ይዘው ይዘምራሉ፤
d1034035-c1ed-59c7-aed9-387d34f4b135,7a6d0dfa-1ff5-5048-a7e6-c7c15ab82d88,a85cec68-30b9-5b73-add2-43509cc4c339,13,13,ዕድሜያቸውንም በተድላ ይፈጽማሉ፤
af80dd4b-d725-5f00-a2e2-2b587645d6c1,7a6d0dfa-1ff5-5048-a7e6-c7c15ab82d88,a85cec68-30b9-5b73-add2-43509cc4c339,14,14,እግዚአብሔርንም፦ እንዲህ ይሉታል፦ ከእኛ ዘንድ ራቅ፤
f4fa5f42-9b46-51d1-a4e1-2fb1b86ffa2a,7a6d0dfa-1ff5-5048-a7e6-c7c15ab82d88,a85cec68-30b9-5b73-add2-43509cc4c339,15,15,እንገዛለትስ ዘንድ እርሱ ምን ይችላል?
0a7e03b8-a557-5c34-a233-b3298cca03c0,7a6d0dfa-1ff5-5048-a7e6-c7c15ab82d88,a85cec68-30b9-5b73-add2-43509cc4c339,16,16,“እነሆ፥ በጎነታቸው በእጃቸው ውስጥ አለች፤
9e4845da-f316-5c77-acc2-c2c11d9f659b,7a6d0dfa-1ff5-5048-a7e6-c7c15ab82d88,a85cec68-30b9-5b73-add2-43509cc4c339,17,17,የኃጥኣን መብራት ትጠፋለች፤
867c4581-1ad2-527b-ae76-14cc3ff98c51,7a6d0dfa-1ff5-5048-a7e6-c7c15ab82d88,a85cec68-30b9-5b73-add2-43509cc4c339,18,18,በነፋስም ፊት እንደ ገለባ፥
cb81bd5e-844e-51a8-a2b6-3c529216ab08,7a6d0dfa-1ff5-5048-a7e6-c7c15ab82d88,a85cec68-30b9-5b73-add2-43509cc4c339,19,19,ልጆቹ ሀብቱን አያገኙም።
2041593e-2abc-515f-a466-3d325efc75f5,7a6d0dfa-1ff5-5048-a7e6-c7c15ab82d88,a85cec68-30b9-5b73-add2-43509cc4c339,20,20,ዐይኖቹ ልጆቹ ሲወጉ ያያሉ፤
89723c66-e6a5-5ffa-a8a5-33ac2c98b27c,7a6d0dfa-1ff5-5048-a7e6-c7c15ab82d88,a85cec68-30b9-5b73-add2-43509cc4c339,21,21,የወደደውን በቤቱ ውስጥ ያደርጋል።
4605f022-3060-57a9-a954-4e83666e5555,7a6d0dfa-1ff5-5048-a7e6-c7c15ab82d88,a85cec68-30b9-5b73-add2-43509cc4c339,22,22,ጥንቱን ዕውቀትንና ምክርን የሚያስተምር እግዚአብሔር አይደለምን?
46634648-69cc-5a7a-a90d-d44f3eff002e,7a6d0dfa-1ff5-5048-a7e6-c7c15ab82d88,a85cec68-30b9-5b73-add2-43509cc4c339,23,23,አንድ ሰው በሰላም ተዘልሎ ሲቀመጥ፥
63b6c572-f3b4-5fa3-aab2-67e444f773b2,7a6d0dfa-1ff5-5048-a7e6-c7c15ab82d88,a85cec68-30b9-5b73-add2-43509cc4c339,24,24,በውስጡ ስብ ሞልቶአል፥
62d582fd-da8a-5521-a79f-add12c931421,7a6d0dfa-1ff5-5048-a7e6-c7c15ab82d88,a85cec68-30b9-5b73-add2-43509cc4c339,25,25,ሌላውም ሰው መልካምን ነገር ከቶ ሳይበላ
bde6193f-5f74-5c85-a17d-a0ca97b4aeca,7a6d0dfa-1ff5-5048-a7e6-c7c15ab82d88,a85cec68-30b9-5b73-add2-43509cc4c339,26,26,ሁሉም በአፈር ውስጥ በአንድ ላይ ይተኛሉ፤
c61af4dd-3de6-524a-ac99-fbdca724abd8,7a6d0dfa-1ff5-5048-a7e6-c7c15ab82d88,a85cec68-30b9-5b73-add2-43509cc4c339,27,27,እነሆ፥ ደፍራችሁ፥
27266580-b3d0-5568-a48c-1473e339fd33,7a6d0dfa-1ff5-5048-a7e6-c7c15ab82d88,a85cec68-30b9-5b73-add2-43509cc4c339,28,28,እናንተ፦ የአለቃው ቤት የት ነው?
b3038be4-6a07-5097-a1df-0f8881c0aaab,7a6d0dfa-1ff5-5048-a7e6-c7c15ab82d88,a85cec68-30b9-5b73-add2-43509cc4c339,29,29,መንገድ ዐላፊዎችን ጠይቋቸው፤
1de4cdb9-8c65-50dd-aaad-9c169037a7fe,7a6d0dfa-1ff5-5048-a7e6-c7c15ab82d88,a85cec68-30b9-5b73-add2-43509cc4c339,30,30,ኀጢአተኛውን ክፉ ቀን ትጠብቀዋለች፤
aa56b99d-019f-5bd5-a5a6-2c9005a8fbb9,7a6d0dfa-1ff5-5048-a7e6-c7c15ab82d88,a85cec68-30b9-5b73-add2-43509cc4c339,31,31,መንገዱን በፊቱ የሚናገር ማን ነው?
2b3fc825-3f87-5fae-a65b-0af5843a65e2,7a6d0dfa-1ff5-5048-a7e6-c7c15ab82d88,a85cec68-30b9-5b73-add2-43509cc4c339,32,32,እርሱን ግን ወደ መቃብር ይወስዱታል፤
5c409922-b20a-58df-a789-846e1f8c6f79,7a6d0dfa-1ff5-5048-a7e6-c7c15ab82d88,a85cec68-30b9-5b73-add2-43509cc4c339,33,33,የሸለቆው ጓል ይጣፍጥለታል፤
1fae0351-32ec-5eec-aea5-a8c7ca57a98c,7a6d0dfa-1ff5-5048-a7e6-c7c15ab82d88,a85cec68-30b9-5b73-add2-43509cc4c339,34,34,ለምን በከንቱ ታጽናኑኛላችሁ?
c1a76594-2d43-584e-a9a4-91bed098533d,e8862693-c4d9-5a64-a682-92356ae49523,f1e016f3-b0bf-5d3e-a896-28f013493852,1,1,ቴማናዊውም ኤልፋዝ መለሰ፥ እንዲህም አለ፦
6329d179-4ee0-54a5-a955-c48b2771d5d7,e8862693-c4d9-5a64-a682-92356ae49523,f1e016f3-b0bf-5d3e-a896-28f013493852,2,2,“በውኑ ማስተዋልንና ዕውቀትን የሚያስተምር፥
884b65bb-4cb8-52a5-a1fa-e13c50b8c826,e8862693-c4d9-5a64-a682-92356ae49523,f1e016f3-b0bf-5d3e-a896-28f013493852,3,3,አንተ በሥራህ ንጹሕ ከሆንህ እግዚአብሔርን ምን ያገደዋል?
73bc72a1-d3fb-5150-a2c3-14adde014160,e8862693-c4d9-5a64-a682-92356ae49523,f1e016f3-b0bf-5d3e-a896-28f013493852,4,4,አንተንስ ተቈጣጥሮ ይዘልፍሃልን?
06ea9199-ab1a-5761-ad9a-3e004c7ba0a7,e8862693-c4d9-5a64-a682-92356ae49523,f1e016f3-b0bf-5d3e-a896-28f013493852,5,5,“ክፋትህስ የበዛ አይደለምን?
57e33497-f63d-558d-a4b4-4cd6ddb2c5d4,e8862693-c4d9-5a64-a682-92356ae49523,f1e016f3-b0bf-5d3e-a896-28f013493852,6,6,የወንድሞችህን መያዣ በከንቱ ወስደሃል፥
c817875e-f6e8-5ef3-a5ac-fceca463654e,e8862693-c4d9-5a64-a682-92356ae49523,f1e016f3-b0bf-5d3e-a896-28f013493852,7,7,ለተጠማ ውኃ አላጠጣህም፥
752c4870-c9de-5f14-afe9-9b53332566be,e8862693-c4d9-5a64-a682-92356ae49523,f1e016f3-b0bf-5d3e-a896-28f013493852,8,8,ፊታቸውን አይተህ ያደነቅሃቸው አሉ፥
23c017bd-30a9-5772-a19f-22e089785edf,e8862693-c4d9-5a64-a682-92356ae49523,f1e016f3-b0bf-5d3e-a896-28f013493852,9,9,መበለቶችን ባዶአቸውን ሰድደሃቸዋል፥
9029f65c-bf5b-5d60-a62c-29a274180140,e8862693-c4d9-5a64-a682-92356ae49523,f1e016f3-b0bf-5d3e-a896-28f013493852,10,10,ስለዚህ አሽክላ ከብቦሃል፥
fe209972-512d-579f-a3e7-569160769764,e8862693-c4d9-5a64-a682-92356ae49523,f1e016f3-b0bf-5d3e-a896-28f013493852,11,11,ብርሃኑም ጨለማ ሆነብህ፥
b8efaa70-e73e-507e-aed7-72cfca9308cc,e8862693-c4d9-5a64-a682-92356ae49523,f1e016f3-b0bf-5d3e-a896-28f013493852,12,12,“ልዑል የወደደውን ያደርግ ዘንድ የሚገባው አይደለምን?
8618de96-920d-527b-a241-4f76c08067c5,e8862693-c4d9-5a64-a682-92356ae49523,f1e016f3-b0bf-5d3e-a896-28f013493852,13,13,አንተም እንዲህ ብለሃል፦ ኀያል እርሱ ምን ያውቃል?
b9194f9b-ac6c-5d26-a096-b49b587dcd68,e8862693-c4d9-5a64-a682-92356ae49523,f1e016f3-b0bf-5d3e-a896-28f013493852,14,14,የጠቈረ ደመና ጋርዶታል አያይምም፤
919f6ce4-4734-594d-a786-64d5c494202c,e8862693-c4d9-5a64-a682-92356ae49523,f1e016f3-b0bf-5d3e-a896-28f013493852,15,15,በውኑ ጻድቃን ሰዎች የረገጡአትን
f302e1a6-55ba-54c3-ae29-e822d4a3fd0a,e8862693-c4d9-5a64-a682-92356ae49523,f1e016f3-b0bf-5d3e-a896-28f013493852,16,16,ጊዜያቸው ሳይደርስ ተነጠቁ፤
6553de94-b3e5-562f-aadd-c19994ebd767,e8862693-c4d9-5a64-a682-92356ae49523,f1e016f3-b0bf-5d3e-a896-28f013493852,17,17,እግዚአብሔር ምን ያደርገናል?
5c812017-84e2-5c46-a8bb-e8d27f1c29ea,e8862693-c4d9-5a64-a682-92356ae49523,f1e016f3-b0bf-5d3e-a896-28f013493852,18,18,ነገር ግን ቤታቸውን በመልካም ነገር ሞላ፤
00af51b4-6ec1-59ee-a834-c55af8352f6e,e8862693-c4d9-5a64-a682-92356ae49523,f1e016f3-b0bf-5d3e-a896-28f013493852,19,19,ጻድቃንም አይተው ሳቁ፤
38aee1cd-39ba-52cc-ac47-127ddea6cd0f,e8862693-c4d9-5a64-a682-92356ae49523,f1e016f3-b0bf-5d3e-a896-28f013493852,20,20,በእውነት ሀብታቸው ጠፋ፥
bcdc4321-b932-5900-a767-87a7bb74eb3b,e8862693-c4d9-5a64-a682-92356ae49523,f1e016f3-b0bf-5d3e-a896-28f013493852,21,21,“አሁንም መታገሥ ትችል እንደ ሆነ፥
107b141b-322d-50d8-a916-45c38d050f26,e8862693-c4d9-5a64-a682-92356ae49523,f1e016f3-b0bf-5d3e-a896-28f013493852,22,22,ከአፉም ሕጉን ተቀበል፥
3401ffd0-eb82-5b35-ab1f-cb1eb529bb5b,e8862693-c4d9-5a64-a682-92356ae49523,f1e016f3-b0bf-5d3e-a896-28f013493852,23,23,ብትመለስ፥ በእግዚአብሔርም ፊት ራስህን ብታዋርድ፥
bf4cc09d-560e-5e84-a903-84a446d0e736,e8862693-c4d9-5a64-a682-92356ae49523,f1e016f3-b0bf-5d3e-a896-28f013493852,24,24,በዓለቱ ቋጥኝ ላይ ለራስህ መዝገብን ታኖራለህ።
a38e9b76-a7c2-5689-ac56-c9272e2c435b,e8862693-c4d9-5a64-a682-92356ae49523,f1e016f3-b0bf-5d3e-a896-28f013493852,25,25,ሁሉን የሚችል አምላክም ከጠላቶችህ ይረዳሃል።
13792061-97f0-5d6c-a9a5-1c346531e1f6,e8862693-c4d9-5a64-a682-92356ae49523,f1e016f3-b0bf-5d3e-a896-28f013493852,26,26,በዚያን ጊዜ በእግዚአብሔር ፊት ሞገስን ታገኛለህ።
48661754-8433-5d6d-a559-384e52f986da,e8862693-c4d9-5a64-a682-92356ae49523,f1e016f3-b0bf-5d3e-a896-28f013493852,27,27,ወደ እርሱም ትጸልያለህ፥ እርሱም ይሰማሃል፤
4cc79fb1-c05b-51ad-a076-cbda153532a6,e8862693-c4d9-5a64-a682-92356ae49523,f1e016f3-b0bf-5d3e-a896-28f013493852,28,28,የጽድቅህንም ብድራት ይሰጥሃል።
1a31d8fa-4703-5a1b-af75-970345c7fea7,e8862693-c4d9-5a64-a682-92356ae49523,f1e016f3-b0bf-5d3e-a896-28f013493852,29,29,ራስህን ብታዋርድ ሰውም ኰራብኝ ብትል፥
0c266edd-e18d-52b6-ab3d-ddeb6f1b8730,e8862693-c4d9-5a64-a682-92356ae49523,f1e016f3-b0bf-5d3e-a896-28f013493852,30,30,ንጹሕን ሰው ያድነዋል፤
729cf7b5-f82c-5f95-a41c-ac7f0a1357e6,d4b9302e-1f3d-5d75-ad92-afea83283943,c55a7cc9-2565-57e1-a8a6-d86364c6ec5f,1,1,ኢዮብም መለሰ፥ እንዲህም አለ፦
cf03f1b7-3e00-5c37-a997-32769fafbe29,d4b9302e-1f3d-5d75-ad92-afea83283943,c55a7cc9-2565-57e1-a8a6-d86364c6ec5f,2,2,“ዛሬም ዘለፋዬ ከእጄ እንደ ሆነ ዐወቅሁ።
acbdcde0-2d81-5db5-afa1-f1f386f81f35,d4b9302e-1f3d-5d75-ad92-afea83283943,c55a7cc9-2565-57e1-a8a6-d86364c6ec5f,3,3,እርሱን ወዴት እንደማገኘው ምነው ባወቅሁ!
20fee805-1f47-5150-af08-02369627bb85,d4b9302e-1f3d-5d75-ad92-afea83283943,c55a7cc9-2565-57e1-a8a6-d86364c6ec5f,4,4,የሠራሁት ቢኖር ይነግረኝ ነበረ፥
dc76b2bb-4418-55fc-aef5-0ca0aec19e67,d4b9302e-1f3d-5d75-ad92-afea83283943,c55a7cc9-2565-57e1-a8a6-d86364c6ec5f,5,5,የሚሰጠኝንም ፈውስ አውቅ ነበር፥
39bdf0aa-a1d6-5398-a792-920101a69308,d4b9302e-1f3d-5d75-ad92-afea83283943,c55a7cc9-2565-57e1-a8a6-d86364c6ec5f,6,6,በኀይሉ ብዛት ቢመጣብኝም እንኳ
a38cc932-99d6-5937-a558-275255a2c428,d4b9302e-1f3d-5d75-ad92-afea83283943,c55a7cc9-2565-57e1-a8a6-d86364c6ec5f,7,7,እውነትና ቅንነት ከእርሱ ዘንድ ናቸውና።
783ce65d-ad73-5ed7-a6b7-9510b553da64,d4b9302e-1f3d-5d75-ad92-afea83283943,c55a7cc9-2565-57e1-a8a6-d86364c6ec5f,8,8,እነሆ፥ ወደ ፊት እሄዳለሁ፥ እንግዲህም አልኖርም፤
a714df23-bb74-5875-a9b9-d0fc0162c4da,d4b9302e-1f3d-5d75-ad92-afea83283943,c55a7cc9-2565-57e1-a8a6-d86364c6ec5f,9,9,ወደሚሠራበትም ወደ ግራ ብሄድ አልመለከተውም፤
5a7805e5-d584-5a8f-acb4-8931438b6dfb,d4b9302e-1f3d-5d75-ad92-afea83283943,c55a7cc9-2565-57e1-a8a6-d86364c6ec5f,10,10,መንገዴን ፈጽሞ ዐወቀ፥
e6d490c1-8526-5389-a7d4-5d2885b54f38,d4b9302e-1f3d-5d75-ad92-afea83283943,c55a7cc9-2565-57e1-a8a6-d86364c6ec5f,11,11,እንደ ትእዛዙ እወጣለሁ፥
ef682d9e-96a6-59c2-aa45-02179faa2c5c,d4b9302e-1f3d-5d75-ad92-afea83283943,c55a7cc9-2565-57e1-a8a6-d86364c6ec5f,12,12,ከትእዛዙም አላለፍሁም፤
00a04f13-ccfa-5dc1-a4bc-533cb15b8e8f,d4b9302e-1f3d-5d75-ad92-afea83283943,c55a7cc9-2565-57e1-a8a6-d86364c6ec5f,13,13,“ስለ ፍርድ የሚከራከር ማን ነው?
be3a4007-e3f7-5a09-aa80-bbfef931517a,d4b9302e-1f3d-5d75-ad92-afea83283943,c55a7cc9-2565-57e1-a8a6-d86364c6ec5f,14,14,ስለዚህም እኔ ስለ እርሱ ቸኰልሁ፤
635ec52e-461b-5524-a1fc-8c2b7acb08f8,d4b9302e-1f3d-5d75-ad92-afea83283943,c55a7cc9-2565-57e1-a8a6-d86364c6ec5f,15,15,ስለዚህ በፊቱ ደነገጥሁ፤
9fcb3697-0cb6-5139-a292-7cd1ddc7fff6,d4b9302e-1f3d-5d75-ad92-afea83283943,c55a7cc9-2565-57e1-a8a6-d86364c6ec5f,16,16,እግዚአብሔር ግን ልቤን አቀለጠው፥
53deb74b-66c6-5734-a394-09c08a031d0c,d4b9302e-1f3d-5d75-ad92-afea83283943,c55a7cc9-2565-57e1-a8a6-d86364c6ec5f,17,17,ጨለማም እንደሚመጣብኝ፥
6ed32860-f43f-5b19-adfb-4d19117c0547,4b8e37cc-8668-5863-a582-200074926f68,13786185-c7f9-5ddd-aea5-97773e58a709,1,1,“እግዚአብሔር ዘመኖችን ለምን ረሳቸው?
ef799a05-b5a0-558e-ab43-7624dbe16c8f,4b8e37cc-8668-5863-a582-200074926f68,13786185-c7f9-5ddd-aea5-97773e58a709,2,2,ኃጥኣን የድንበሩን ምልክት አለፉ፤
c69fe60c-0746-5304-a906-3e987f3dba66,4b8e37cc-8668-5863-a582-200074926f68,13786185-c7f9-5ddd-aea5-97773e58a709,3,3,የድሃአደጎቹን አህያ ይነዳሉ
cda24d0e-bf5d-52f6-aabe-1a225c8abe56,4b8e37cc-8668-5863-a582-200074926f68,13786185-c7f9-5ddd-aea5-97773e58a709,4,4,ደካሞችን ከእውነት መንገድ ያወጣሉ፤
f483b1aa-fb2e-5b77-ad23-002f8a0930a1,4b8e37cc-8668-5863-a582-200074926f68,13786185-c7f9-5ddd-aea5-97773e58a709,5,5,እነሆ፥ በምድረ በዳ እንዳሉ እንደ ሜዳ አህዮች ሆኑ።
8ffc450b-71fa-52e2-a90c-c34fa23026d6,4b8e37cc-8668-5863-a582-200074926f68,13786185-c7f9-5ddd-aea5-97773e58a709,6,6,“የራሳቸው ያልሆነውን እርሻ ያለ ሰዓቱ ያጭዳሉ።
a467260e-47dc-59bd-a9b1-9e404c631178,4b8e37cc-8668-5863-a582-200074926f68,13786185-c7f9-5ddd-aea5-97773e58a709,7,7,ብዙዎችን የተራቈቱትንም ያለ ልብስ ያሳድሩአቸዋል።
fa2a4f8e-78d7-5a2f-a2cb-aab5dfc8c02f,4b8e37cc-8668-5863-a582-200074926f68,13786185-c7f9-5ddd-aea5-97773e58a709,8,8,በካፊያና ከተራሮች በሚወርድ ጠል ይረጥባሉ፤
4b64b698-9471-540c-a532-de5f092bb831,4b8e37cc-8668-5863-a582-200074926f68,13786185-c7f9-5ddd-aea5-97773e58a709,9,9,ድሃአደጉን ልጅ ከጡቱ ይነጥላሉ፤
c001a336-bc27-58bb-a3fc-2dbd2f65dba8,4b8e37cc-8668-5863-a582-200074926f68,13786185-c7f9-5ddd-aea5-97773e58a709,10,10,ችግረኞችን በደሉአቸው፥ ጣሉአቸውም፤
c846b0a6-c0a9-5f3f-a2e3-f7c7f5658097,4b8e37cc-8668-5863-a582-200074926f68,13786185-c7f9-5ddd-aea5-97773e58a709,11,11,በጠባብ ቦታ በዐመፅ ይሸምቃሉ፥
c7ba7a45-6741-55b0-a478-34c1d2649389,4b8e37cc-8668-5863-a582-200074926f68,13786185-c7f9-5ddd-aea5-97773e58a709,12,12,ድሆችን ከከተማውና ከገዛ ቤቶቻቸው አባረሩአቸው
922f8529-a0fa-58ed-a0b6-067367f0a796,4b8e37cc-8668-5863-a582-200074926f68,13786185-c7f9-5ddd-aea5-97773e58a709,13,13,“እግዚአብሔር ግን እነዚህን ለምን አልገሠጻቸውም?
49ed03d1-37f9-554e-a7b4-df1d91908d1f,4b8e37cc-8668-5863-a582-200074926f68,13786185-c7f9-5ddd-aea5-97773e58a709,14,14,ሥራቸውንም ዐውቆ ለጨለማ ዳረጋቸው።
f6a5812d-89bf-593d-aee4-a077bed75eeb,4b8e37cc-8668-5863-a582-200074926f68,13786185-c7f9-5ddd-aea5-97773e58a709,15,15,የአመንዝራም ዐይን ድግዝግዝታን ይጠብቃል፦
06533604-8325-5cf4-ae13-e3a4f1397506,4b8e37cc-8668-5863-a582-200074926f68,13786185-c7f9-5ddd-aea5-97773e58a709,16,16,በጨለማ ቤቶችን ይነድላል፤
b99df18c-380d-50c8-a11c-ccceddb3fccb,4b8e37cc-8668-5863-a582-200074926f68,13786185-c7f9-5ddd-aea5-97773e58a709,17,17,የጥዋት ብርሃን ለእነርሱ ሁሉ እንደ ሞት ጥላ ነው፤
85d29d7d-8577-5769-a751-01159e821198,4b8e37cc-8668-5863-a582-200074926f68,13786185-c7f9-5ddd-aea5-97773e58a709,18,18,እርሱ በውኃ ፊት ላይ በርሮ ያልፋል፤
bf9716be-e6bc-598f-ab9e-e4d92abd06fd,4b8e37cc-8668-5863-a582-200074926f68,13786185-c7f9-5ddd-aea5-97773e58a709,19,19,ተክላቸው በምድር ላይ ሲደርቅ ያያሉ።
3042d117-9cce-580a-aca5-48d30ae0ae8c,4b8e37cc-8668-5863-a582-200074926f68,13786185-c7f9-5ddd-aea5-97773e58a709,20,20,ከዚህም በኋላ ኀጢአቱን ያስባል።
1664aea7-ae10-5eac-a9f4-f7b050c0acab,4b8e37cc-8668-5863-a582-200074926f68,13786185-c7f9-5ddd-aea5-97773e58a709,21,21,ለማትወልደው ለመካኒቱ በጎነትን አላደረገላትም፤
da43c3c6-79d0-5bcd-a017-6fb51f0c2ef3,4b8e37cc-8668-5863-a582-200074926f68,13786185-c7f9-5ddd-aea5-97773e58a709,22,22,ነገር ግን ረዳት የሌላቸውን በቍጣው አጠፋቸው።
ca4b0b1e-36b8-5e05-aab2-22ccdbb06aaf,4b8e37cc-8668-5863-a582-200074926f68,13786185-c7f9-5ddd-aea5-97773e58a709,23,23,በታመመም ጊዜ መዳንን ተስፋ አያደርግም።
87469df0-d901-5152-a6f5-465529bfd214,4b8e37cc-8668-5863-a582-200074926f68,13786185-c7f9-5ddd-aea5-97773e58a709,24,24,ከፍ ከፍ ባለ ጊዜም ብዙዎችን አስጨነቃቸው።
3ec9a396-cccf-5a01-ab8a-be70c8005245,4b8e37cc-8668-5863-a582-200074926f68,13786185-c7f9-5ddd-aea5-97773e58a709,25,25,እንዲህስ ባይሆን ሐሰተኛ ነህ የሚለኝ፥
16392013-e579-5418-aa76-ad20dd219587,e0e73172-eb27-53f9-ac18-4c872505ddc8,a0692c2c-222e-5f9c-a065-14d84cb1249a,1,1,አውኬናዊውም በልዳዶስ መለሰ እንዲህም አለ፦
b6903b3b-0c67-54b4-ad4a-2cc0b0a61e22,e0e73172-eb27-53f9-ac18-4c872505ddc8,a0692c2c-222e-5f9c-a065-14d84cb1249a,2,2,“ጥንቱን መፈራት በእርሱ ዘንድ ያለ አይደለምን?
14ebd691-3615-5e42-aeaa-e246b2d54581,e0e73172-eb27-53f9-ac18-4c872505ddc8,a0692c2c-222e-5f9c-a065-14d84cb1249a,3,3,ለሌቦች ዕረፍትን የሚሰጥ እንዳለ የሚመስለው አይኑር።
2267fffe-050b-59f7-ae90-5475c5ea9fd2,e0e73172-eb27-53f9-ac18-4c872505ddc8,a0692c2c-222e-5f9c-a065-14d84cb1249a,4,4,ጻድቅ ሰው በእግዚአብሔር ፊት እንዴት ንጹሕ ይሆናል?
92b398d0-695a-580f-a5ec-b24d27f8500c,e0e73172-eb27-53f9-ac18-4c872505ddc8,a0692c2c-222e-5f9c-a065-14d84cb1249a,5,5,እነሆ፥ ጨረቃ እንኳ ይሰወራል፤ አያበራምም፤
782023fe-7154-5257-aa01-66f8f554e4bc,e0e73172-eb27-53f9-ac18-4c872505ddc8,a0692c2c-222e-5f9c-a065-14d84cb1249a,6,6,ይልቁንስ ፈራሽ የሆነ ሰው፥
766ba82c-994a-5373-a1b2-50010fa834a0,d542dd86-c97e-545b-af57-a8620b28fe43,3d5b99f9-8190-5319-a2bd-037ce8efefdf,1,1,ኢዮብም መለሰ፥ እንዲህም አለ፦
2e0e4dfa-e381-5022-a7c4-e33bb55127bb,d542dd86-c97e-545b-af57-a8620b28fe43,3d5b99f9-8190-5319-a2bd-037ce8efefdf,2,2,“ማንን ትደግፋለህ? ማንንስ ልትረዳ ትወድዳለህ?
be936b5b-dca1-525f-ac8b-1306bb2c8e6f,d542dd86-c97e-545b-af57-a8620b28fe43,3d5b99f9-8190-5319-a2bd-037ce8efefdf,3,3,ለማንስ ታማክራለህ?
97d30386-130b-58be-ae1f-4cf03bdbbf10,d542dd86-c97e-545b-af57-a8620b28fe43,3d5b99f9-8190-5319-a2bd-037ce8efefdf,4,4,ነገርን ለማን ትናገራለህ?
ad939243-59b0-546c-a12c-5de0cdff2399,d542dd86-c97e-545b-af57-a8620b28fe43,3d5b99f9-8190-5319-a2bd-037ce8efefdf,5,5,ኀያላን ከውኆች በታች፥
b36964e2-6236-5cd1-ae8d-93f5513810a3,d542dd86-c97e-545b-af57-a8620b28fe43,3d5b99f9-8190-5319-a2bd-037ce8efefdf,6,6,ሲኦል በፊቱ ራቁቱን ነው፥
412a7cac-8b6b-545a-a678-d0de91140dd7,d542dd86-c97e-545b-af57-a8620b28fe43,3d5b99f9-8190-5319-a2bd-037ce8efefdf,7,7,ሰማይን በባዶ ስፍራ ላይ ይዘረጋል፥
dcd8292a-fafa-56ac-a083-d7c3fc1e76df,d542dd86-c97e-545b-af57-a8620b28fe43,3d5b99f9-8190-5319-a2bd-037ce8efefdf,8,8,ውኃውን በደመና ውስጥ ይቋጥራል፥
05a51cfb-c249-5df3-aac4-3e40fe4370f2,d542dd86-c97e-545b-af57-a8620b28fe43,3d5b99f9-8190-5319-a2bd-037ce8efefdf,9,9,የዙፋኑን ፊት ይከድናል፥
9ea8046b-2f2f-5f26-acc3-209c066c8bb4,d542dd86-c97e-545b-af57-a8620b28fe43,3d5b99f9-8190-5319-a2bd-037ce8efefdf,10,10,ብርሃን ከጨለማ እስከሚለይበት ዳርቻ ድረስ፥
0656f54a-4ca2-54be-aeb0-8a31948069ea,d542dd86-c97e-545b-af57-a8620b28fe43,3d5b99f9-8190-5319-a2bd-037ce8efefdf,11,11,የሰማይ አዕማድ ይንቀጠቀጣሉ፥
0d544932-6c54-5e24-a5d4-5aa7512b0980,d542dd86-c97e-545b-af57-a8620b28fe43,3d5b99f9-8190-5319-a2bd-037ce8efefdf,12,12,በኀይሉ ባሕርን ጸጥ ያደርጋል፥
fe7d0a7d-e170-50f1-adc5-b29476bcc302,d542dd86-c97e-545b-af57-a8620b28fe43,3d5b99f9-8190-5319-a2bd-037ce8efefdf,13,13,የሲኦል በረኞች ለእርሱ አደሉ።
40770743-103c-5add-a361-c93084eeb651,d542dd86-c97e-545b-af57-a8620b28fe43,3d5b99f9-8190-5319-a2bd-037ce8efefdf,14,14,እነሆ ይህ የመንገዱ ክፍል ነው፤
bdd4f7be-b963-56d3-a89e-6db35a25ab2b,5d537c31-b0fa-5738-a188-6a3a83b6eedb,9a12f11e-8ffc-5134-a3ab-bfa256dd1676,1,1,ኢዮብም ምሳሌውን ይመስል ዘንድ ደገመ እንዲህም አለ፦
d70b69a8-c4a5-53ab-adec-cf43ffcb1890,5d537c31-b0fa-5738-a188-6a3a83b6eedb,9a12f11e-8ffc-5134-a3ab-bfa256dd1676,2,2,“እንደዚህ የፈረደብኝ ሕያው እግዚአብሔርን!
60e1d62d-7a2b-5ac1-ad3c-afa3e3da525a,5d537c31-b0fa-5738-a188-6a3a83b6eedb,9a12f11e-8ffc-5134-a3ab-bfa256dd1676,3,3,እስትንፋሴ በእኔ ውስጥ ገና ሳለች፥
4014f5a2-104b-5a31-ac74-e53987422c11,5d537c31-b0fa-5738-a188-6a3a83b6eedb,9a12f11e-8ffc-5134-a3ab-bfa256dd1676,4,4,አንደበቴ ዐመፅን አይናገርም፤
88d029e4-feff-571f-a89d-264bcfe2e101,5d537c31-b0fa-5738-a188-6a3a83b6eedb,9a12f11e-8ffc-5134-a3ab-bfa256dd1676,5,5,እናንተን ማጽደቅ ከእኔ ዘንድ ይራቅ፤
fa5dd241-d7ef-577d-ad3e-04b9654e8783,5d537c31-b0fa-5738-a188-6a3a83b6eedb,9a12f11e-8ffc-5134-a3ab-bfa256dd1676,6,6,ጽድቅን እየሠራሁ አልጠፋም፤
68fe98c6-640b-5624-ae9e-7de4b38eb7ce,5d537c31-b0fa-5738-a188-6a3a83b6eedb,9a12f11e-8ffc-5134-a3ab-bfa256dd1676,7,7,ጠላቶች እንደ ኀጢአተኞች ውድቀት፥
d4bcebea-cfa7-502c-ae8c-003be6e1315c,5d537c31-b0fa-5738-a188-6a3a83b6eedb,9a12f11e-8ffc-5134-a3ab-bfa256dd1676,8,8,“ኀጢአተኛ ድኅነትን ተስፋ ያደርግ ዘንድ ለምን ደጅ ይጠናል?
b9bca068-ee0f-55df-a222-995f6238b7f8,5d537c31-b0fa-5738-a188-6a3a83b6eedb,9a12f11e-8ffc-5134-a3ab-bfa256dd1676,9,9,በውኑ መከራ በመጣበትስ ጊዜ፥
e79f32d1-49a9-5acd-a464-1315cc1de8c6,5d537c31-b0fa-5738-a188-6a3a83b6eedb,9a12f11e-8ffc-5134-a3ab-bfa256dd1676,10,10,በእርሱ ዘንድስ ባለሟልነትን ያገኛልን?
65835f2f-bf28-5bda-a1aa-1fc24bb80816,5d537c31-b0fa-5738-a188-6a3a83b6eedb,9a12f11e-8ffc-5134-a3ab-bfa256dd1676,11,11,እኔ ግን በእግዚአብሔር እጅ ምን እንዳለ አስተምራችኋለሁ፤
c4526384-13a8-5d2e-a53e-0d731085dfac,5d537c31-b0fa-5738-a188-6a3a83b6eedb,9a12f11e-8ffc-5134-a3ab-bfa256dd1676,12,12,እነሆ፥ ሁላችሁም፥
d0389653-6d78-50eb-a34a-dc21bde6795d,5d537c31-b0fa-5738-a188-6a3a83b6eedb,9a12f11e-8ffc-5134-a3ab-bfa256dd1676,13,13,ይህች ከእግዚአብሔር ዘንድ የኀጢአተኛ እድል ፋንታ ናት፥
d4f6a7af-1079-564d-a862-f69fe2fe1660,5d537c31-b0fa-5738-a188-6a3a83b6eedb,9a12f11e-8ffc-5134-a3ab-bfa256dd1676,14,14,ልጆቹ ቢበዙ ለጥፋት ይሆናሉ፤
efb639b3-09a5-5dd9-ab61-32c79194cebc,5d537c31-b0fa-5738-a188-6a3a83b6eedb,9a12f11e-8ffc-5134-a3ab-bfa256dd1676,15,15,ለእርሱም የቀሩት ፈጽመው ይሞታሉ።
910a563b-1371-5bc5-aa2c-64e2c1efe219,5d537c31-b0fa-5738-a188-6a3a83b6eedb,9a12f11e-8ffc-5134-a3ab-bfa256dd1676,16,16,እርሱ ብርን እንደ አፈር ቢሰበስብ፥
82c34714-db9a-5519-a530-17c5b11022ba,5d537c31-b0fa-5738-a188-6a3a83b6eedb,9a12f11e-8ffc-5134-a3ab-bfa256dd1676,17,17,ይህን ሁሉ ጻድቃን ይወስዱታል።
9e509566-d66d-5cc9-a969-a07f408afa89,5d537c31-b0fa-5738-a188-6a3a83b6eedb,9a12f11e-8ffc-5134-a3ab-bfa256dd1676,18,18,ቤቱ እንደ ሸረሪት ድር፥
88caaf6d-ebee-5c81-a34b-597e2cbbdb38,5d537c31-b0fa-5738-a188-6a3a83b6eedb,9a12f11e-8ffc-5134-a3ab-bfa256dd1676,19,19,ባለጠጋ ይተኛል፥ የሚያነቃውም የለም፤
a312fa0f-19ab-5f02-a517-3168d1a86aeb,5d537c31-b0fa-5738-a188-6a3a83b6eedb,9a12f11e-8ffc-5134-a3ab-bfa256dd1676,20,20,ሥቃይ እንደ ጎርፍ ታገኘዋለች፤
f2776659-f9cf-598a-a98d-94c665e8b6ff,5d537c31-b0fa-5738-a188-6a3a83b6eedb,9a12f11e-8ffc-5134-a3ab-bfa256dd1676,21,21,የሚያቃጥል ነፋስ ያነሣዋል፥
bc9ea0e1-024f-5d78-a667-8e3e10993352,5d537c31-b0fa-5738-a188-6a3a83b6eedb,9a12f11e-8ffc-5134-a3ab-bfa256dd1676,22,22,በእርሱም ላይ የማያውቀው ይመጣበታል፤
95990739-4ccc-5a1f-adac-67ec561fddca,5d537c31-b0fa-5738-a188-6a3a83b6eedb,9a12f11e-8ffc-5134-a3ab-bfa256dd1676,23,23,በእርሱም እጁን ያጨበጭብበታል፤
ec0f2960-54b0-59e3-af73-9c9cbfb25788,3fc203e3-d5c5-5905-a789-5c518e60962d,36ff7134-ed40-5d3c-a2b6-1151d54ea6da,1,1,“በእውነቱ ብር የሚወጣበት ቦታ አለ፥
32094c05-534c-5443-a12f-0425426d5d51,3fc203e3-d5c5-5905-a789-5c518e60962d,36ff7134-ed40-5d3c-a2b6-1151d54ea6da,2,2,ብረትም ከመሬት ውስጥ ይወጣል፤
60da1af8-40cb-566b-a40d-c77d42fd8587,3fc203e3-d5c5-5905-a789-5c518e60962d,36ff7134-ed40-5d3c-a2b6-1151d54ea6da,3,3,ለጨለማ ወሰንን ያደርጋል፤
78c831c6-dde8-5312-a9a7-b8c0bf756a17,3fc203e3-d5c5-5905-a789-5c518e60962d,36ff7134-ed40-5d3c-a2b6-1151d54ea6da,4,4,በአፈር ምክንያት እንደሚከፈል ወንዝ
3184495a-7641-551f-a965-bc220888ca68,3fc203e3-d5c5-5905-a789-5c518e60962d,36ff7134-ed40-5d3c-a2b6-1151d54ea6da,5,5,እንጀራ ከምድር ውስጥ ይወጣል፤
a253ec60-8c17-5ea1-a1ea-15a61a312061,3fc203e3-d5c5-5905-a789-5c518e60962d,36ff7134-ed40-5d3c-a2b6-1151d54ea6da,6,6,ድንጋይዋ እንደ ሰንፔር፥
4a0a3847-1781-5242-a6c7-3a2f3741e0c9,3fc203e3-d5c5-5905-a789-5c518e60962d,36ff7134-ed40-5d3c-a2b6-1151d54ea6da,7,7,መንገድዋን ዎፍ አያውቀውም፥
b1763f7b-1515-5040-ab9e-51ca8f4fe563,3fc203e3-d5c5-5905-a789-5c518e60962d,36ff7134-ed40-5d3c-a2b6-1151d54ea6da,8,8,የትዕቢተኞች ልጆች አልረገጡአትም፥
680db855-a70d-5b93-a2f4-9ec639868f36,3fc203e3-d5c5-5905-a789-5c518e60962d,36ff7134-ed40-5d3c-a2b6-1151d54ea6da,9,9,ሰው ወደ ቡላድ ድንጋይ እጁን ይዘረጋል፥
c7a52545-92ac-5e39-aac8-3f1ca92bd08e,3fc203e3-d5c5-5905-a789-5c518e60962d,36ff7134-ed40-5d3c-a2b6-1151d54ea6da,10,10,ከድንጋይ ውስጥ መንዶልዶያ ይወቅራል፤
8ab0a5a6-bec4-5f4f-a2c4-6137b2f8b967,3fc203e3-d5c5-5905-a789-5c518e60962d,36ff7134-ed40-5d3c-a2b6-1151d54ea6da,11,11,የፈሳሹንም ጥልቀት ይገልጣል።
4e442fa6-a31a-5bdf-a23a-dc53b5e2a913,3fc203e3-d5c5-5905-a789-5c518e60962d,36ff7134-ed40-5d3c-a2b6-1151d54ea6da,12,12,“ነገር ግን ጥበብ ወዴት ትገኛለች?
0470409b-5119-5251-adfe-486d8d2e8307,3fc203e3-d5c5-5905-a789-5c518e60962d,36ff7134-ed40-5d3c-a2b6-1151d54ea6da,13,13,ሟች ሰው መንገድዋን አያውቅም፤
55108d6f-0200-5db1-a4a8-8a84e11265ac,3fc203e3-d5c5-5905-a789-5c518e60962d,36ff7134-ed40-5d3c-a2b6-1151d54ea6da,14,14,ቀላይ፦ በእኔ ውስጥ የለችም ትላለች።
d64cf150-664d-59e1-a641-026826900de0,3fc203e3-d5c5-5905-a789-5c518e60962d,36ff7134-ed40-5d3c-a2b6-1151d54ea6da,15,15,ስለ እርስዋም ማንም ምዝምዝ ወርቅ አይሰጥም
aecc0866-03d6-50bd-abca-002e28a29089,3fc203e3-d5c5-5905-a789-5c518e60962d,36ff7134-ed40-5d3c-a2b6-1151d54ea6da,16,16,ከአፌር ወርቅም ጋር አትወዳደርም።
8769aab2-77e1-5b95-a24b-87f21ef2fda6,3fc203e3-d5c5-5905-a789-5c518e60962d,36ff7134-ed40-5d3c-a2b6-1151d54ea6da,17,17,ወርቅና ብርጭቆ አይወዳደሩአትም፥
d49a5325-5fea-5216-ae87-ee472be7b3fd,3fc203e3-d5c5-5905-a789-5c518e60962d,36ff7134-ed40-5d3c-a2b6-1151d54ea6da,18,18,ዛጎልና አልማዝ አይታሰቡም።
0920d8f3-2f60-580f-a62c-2797a368eccd,3fc203e3-d5c5-5905-a789-5c518e60962d,36ff7134-ed40-5d3c-a2b6-1151d54ea6da,19,19,የኢትዮጵያ ሉል አይተካከላትም፥
78954e14-819b-551c-ae88-b910bea6f1e0,3fc203e3-d5c5-5905-a789-5c518e60962d,36ff7134-ed40-5d3c-a2b6-1151d54ea6da,20,20,“እንግዲያ ጥበብ ከወዴት ትገኛለች?
59648260-0ffd-5806-a4a4-6d30ac1d5e88,3fc203e3-d5c5-5905-a789-5c518e60962d,36ff7134-ed40-5d3c-a2b6-1151d54ea6da,21,21,በሰው ሁሉ ዘንድ ተረስታለች፥
6053a353-c5d4-5604-a376-cd8783fc3d20,3fc203e3-d5c5-5905-a789-5c518e60962d,36ff7134-ed40-5d3c-a2b6-1151d54ea6da,22,22,ሞትና ሲኦል ወሬዋን በጆሮቻችን ሰማን ብለዋል።
430b68ce-f608-57fa-a737-60855e2f7d69,3fc203e3-d5c5-5905-a789-5c518e60962d,36ff7134-ed40-5d3c-a2b6-1151d54ea6da,23,23,“እግዚአብሔር መንገድዋን አሳመረ፥
9bf6f78e-55f8-5865-a98c-c32052d04305,3fc203e3-d5c5-5905-a789-5c518e60962d,36ff7134-ed40-5d3c-a2b6-1151d54ea6da,24,24,እርሱም በሰማይ ያለውን ይመለከታል፥
96aa5c66-1363-5c63-a88f-d5f6cac4407e,3fc203e3-d5c5-5905-a789-5c518e60962d,36ff7134-ed40-5d3c-a2b6-1151d54ea6da,25,25,ለነፋስ ሚዛንን
3e68ef52-89df-5bc6-abc5-c6b2e0a5dc45,3fc203e3-d5c5-5905-a789-5c518e60962d,36ff7134-ed40-5d3c-a2b6-1151d54ea6da,26,26,እነዚህን በፈጠረ ጊዜ እንዲሁ ዐውቆ ቈጠራቸው።
2b6c2ab2-ba3c-5998-aa78-9e97a52ae3b6,3fc203e3-d5c5-5905-a789-5c518e60962d,36ff7134-ed40-5d3c-a2b6-1151d54ea6da,27,27,በዚያን ጊዜ አያት፥ ገለጣትም፤
26e5a4ba-ce03-5d43-a56a-4da5b50864e2,3fc203e3-d5c5-5905-a789-5c518e60962d,36ff7134-ed40-5d3c-a2b6-1151d54ea6da,28,28,ሰውንም፦ ‘እነሆ፥ እግዚአብሔርን መፍራት ጥበብ ነው፤
b31f4fae-ee4a-56f8-aff3-0098e46bb3a1,37e42584-00f8-589d-ad8e-8af8d9ac9c33,9c8f7aea-f51b-5170-a46e-4ad51eeb2bde,1,1,ኢዮብም ምሳሌውን ይመስል ዘንድ ደገመ፥ እንዲህም አለ፦
b501caf2-9812-55d0-ad1e-5790e47b988e,37e42584-00f8-589d-ad8e-8af8d9ac9c33,9c8f7aea-f51b-5170-a46e-4ad51eeb2bde,2,2,“እግዚአብሔር ይጠብቀኝ እንደ ነበረው ጊዜ፥
89a4bfe1-020d-5c31-a4f9-3a6348543309,37e42584-00f8-589d-ad8e-8af8d9ac9c33,9c8f7aea-f51b-5170-a46e-4ad51eeb2bde,3,3,በራስጌዬ ላይ መብራቴ በበራ ጊዜ፥
65400e0a-d1c0-5224-ab23-4e0ae9504c4c,37e42584-00f8-589d-ad8e-8af8d9ac9c33,9c8f7aea-f51b-5170-a46e-4ad51eeb2bde,4,4,በበረከት ሁሉ በነበርሁ ጊዜ፥
24ff34c4-d843-5e2a-ad0f-92c6b50e57f6,37e42584-00f8-589d-ad8e-8af8d9ac9c33,9c8f7aea-f51b-5170-a46e-4ad51eeb2bde,5,5,ባለ ሀብት በነበርሁ ጊዜ፥
19a15590-8efe-5f55-acfd-262b682bc55e,37e42584-00f8-589d-ad8e-8af8d9ac9c33,9c8f7aea-f51b-5170-a46e-4ad51eeb2bde,6,6,ቅቤ በመንገዴ ይፈስስ በነበረ ጊዜ፥
fd65530e-4cc1-5328-a842-a71d95c6c868,37e42584-00f8-589d-ad8e-8af8d9ac9c33,9c8f7aea-f51b-5170-a46e-4ad51eeb2bde,7,7,ወደ ከተማዪቱ ገሥግሼ በወጣሁ ጊዜ፥
d9a840bb-4d48-595f-aadd-b09885a4f1f6,37e42584-00f8-589d-ad8e-8af8d9ac9c33,9c8f7aea-f51b-5170-a46e-4ad51eeb2bde,8,8,ጐበዛዝት እኔን አይተው ተሸሸጉ፥
ed36e7b6-1fe6-55fe-a034-df00aba2d1a1,37e42584-00f8-589d-ad8e-8af8d9ac9c33,9c8f7aea-f51b-5170-a46e-4ad51eeb2bde,9,9,ኀያላኑም ከመናገር ዝም አሉ፥
88fdb309-833b-5b3e-a874-8eb9c8d125b8,37e42584-00f8-589d-ad8e-8af8d9ac9c33,9c8f7aea-f51b-5170-a46e-4ad51eeb2bde,10,10,የሰሙኝም ብፁዕ ይሉኛል።
5d4b3a7a-06fa-57a1-a166-af42627bc215,37e42584-00f8-589d-ad8e-8af8d9ac9c33,9c8f7aea-f51b-5170-a46e-4ad51eeb2bde,11,11,የሰማችኝም ጆሮ ብፁዕ አለችኝ፥
dbd73107-94c4-566f-a083-5fbe0f52d72e,37e42584-00f8-589d-ad8e-8af8d9ac9c33,9c8f7aea-f51b-5170-a46e-4ad51eeb2bde,12,12,ድሃውን ከሚጨቁነው እጅ አድኛለሁና።
a742056f-a02a-57dd-a390-66ac18a501e1,37e42584-00f8-589d-ad8e-8af8d9ac9c33,9c8f7aea-f51b-5170-a46e-4ad51eeb2bde,13,13,ለሞት የቀረበው መረቀኝ፤
f6b7e43e-81e4-51a8-a76e-1e5820675932,37e42584-00f8-589d-ad8e-8af8d9ac9c33,9c8f7aea-f51b-5170-a46e-4ad51eeb2bde,14,14,ጽድቅን ለበስሁ፥
18da71e1-a150-51e8-a9a4-09a6ffcbce81,37e42584-00f8-589d-ad8e-8af8d9ac9c33,9c8f7aea-f51b-5170-a46e-4ad51eeb2bde,15,15,ለዕውራን ዐይን፥
8dd4e082-1055-5f7a-aea3-36e98800baf8,37e42584-00f8-589d-ad8e-8af8d9ac9c33,9c8f7aea-f51b-5170-a46e-4ad51eeb2bde,16,16,ለድሃዎች አባት ነበርሁ፥
6079f74e-1fba-502b-a57c-8449bff120e4,37e42584-00f8-589d-ad8e-8af8d9ac9c33,9c8f7aea-f51b-5170-a46e-4ad51eeb2bde,17,17,የኀጢአተኞችን መንጋጋ ሰበርሁ፥
d2df8381-8a6d-545a-a3e2-c0b039e35be2,37e42584-00f8-589d-ad8e-8af8d9ac9c33,9c8f7aea-f51b-5170-a46e-4ad51eeb2bde,18,18,እኔም እንደምሸመግልና እንደማረጅ፥
12058895-60ee-5292-a15a-3c1b04f7bc83,37e42584-00f8-589d-ad8e-8af8d9ac9c33,9c8f7aea-f51b-5170-a46e-4ad51eeb2bde,19,19,ውኃ በሥሬ ላይ ይፈስሳል፥
bd9fa656-09e6-5872-a48a-22c5990bafb2,37e42584-00f8-589d-ad8e-8af8d9ac9c33,9c8f7aea-f51b-5170-a46e-4ad51eeb2bde,20,20,ክብሬ በእኔ ዘንድ ታድሶአል፥
77617e42-3f22-5ba2-a748-3eaaf540f8e7,37e42584-00f8-589d-ad8e-8af8d9ac9c33,9c8f7aea-f51b-5170-a46e-4ad51eeb2bde,21,21,“ሰዎች እኔን ይሰሙኛል፥ ያዳምጡኝማል፥
2fe08668-2783-55dd-ab69-838e70300d41,37e42584-00f8-589d-ad8e-8af8d9ac9c33,9c8f7aea-f51b-5170-a46e-4ad51eeb2bde,22,22,በነገሬ ላይ ደግመው አይናገሩም፤
8628ee61-ce09-5f81-a00b-77c15d7cb350,37e42584-00f8-589d-ad8e-8af8d9ac9c33,9c8f7aea-f51b-5170-a46e-4ad51eeb2bde,23,23,የተጠማች ምድር ዝናምን ተስፋ እንደምታደርግ፥
af82b5a8-fac9-58cc-ae80-9b7c976de743,37e42584-00f8-589d-ad8e-8af8d9ac9c33,9c8f7aea-f51b-5170-a46e-4ad51eeb2bde,24,24,በእነርሱ ብስቅ አያምኑም፤
2da8c273-1e7d-51c5-a41f-ad989c9f38b6,37e42584-00f8-589d-ad8e-8af8d9ac9c33,9c8f7aea-f51b-5170-a46e-4ad51eeb2bde,25,25,መንገዳቸውን መረመርሁ፤
62c25ef8-3a19-5d25-a6cf-99d57ff6355e,1cbd2e74-41fd-5adb-a9b1-8af593e6d908,1f1b0c0d-5bc2-512d-a330-15a34a890493,1,1,“አሁን ግን በዕድሜ ከእኔ የሚያንሱ ለመዘባበት በእኔ ላይ ሳቁ፤
6a799c7d-7cc6-538a-a369-5998709b5360,1cbd2e74-41fd-5adb-a9b1-8af593e6d908,1f1b0c0d-5bc2-512d-a330-15a34a890493,2,2,የእጃቸው ብርታት ለእኔ ምንድን ነው?
212170d5-4546-58d3-a4a5-e0f69a97f7bb,1cbd2e74-41fd-5adb-a9b1-8af593e6d908,1f1b0c0d-5bc2-512d-a330-15a34a890493,3,3,ትላንት በድካምና በውርደት ከምድረ በዳ ያመለጡ፥
c2198375-a871-5f94-a6a6-aaefeea54762,1cbd2e74-41fd-5adb-a9b1-8af593e6d908,1f1b0c0d-5bc2-512d-a330-15a34a890493,4,4,እየዞሩ የሚለምኑና የሚበሉ
96cc019c-c1eb-5e9f-a2d3-e0c32e3bf9fd,1cbd2e74-41fd-5adb-a9b1-8af593e6d908,1f1b0c0d-5bc2-512d-a330-15a34a890493,5,5,“ሌቦች በእኔ ላይ ተነሡ፥
f56e7a57-721b-5375-a89c-7c538026b288,1cbd2e74-41fd-5adb-a9b1-8af593e6d908,1f1b0c0d-5bc2-512d-a330-15a34a890493,6,6,በሸለቆው ፈረፈርና በምድር ጕድጓድ ውስጥ
20642572-ef71-5c41-aedf-6fdf58585df1,1cbd2e74-41fd-5adb-a9b1-8af593e6d908,1f1b0c0d-5bc2-512d-a330-15a34a890493,7,7,በገደል ማሚቶው መካከል ይጮኻሉ፤
a1c6c72e-c1e3-5857-a1f5-1bc9e6fe2dc4,1cbd2e74-41fd-5adb-a9b1-8af593e6d908,1f1b0c0d-5bc2-512d-a330-15a34a890493,8,8,የሰነፎችና የክፉዎች ሰዎች ልጆች ናቸው፤
9cd998d4-7747-5629-a3ef-3c86ff41a063,1cbd2e74-41fd-5adb-a9b1-8af593e6d908,1f1b0c0d-5bc2-512d-a330-15a34a890493,9,9,አሁንም እኔ መዝፈኛና መተረቻ ሆንኋቸው።
8845cf65-c24a-58c0-a178-1d627ce636ea,1cbd2e74-41fd-5adb-a9b1-8af593e6d908,1f1b0c0d-5bc2-512d-a330-15a34a890493,10,10,ተጸየፉኝ፥ ከእኔም ራቁ፤
e81b87f7-3412-5a08-a229-c68ff905827c,1cbd2e74-41fd-5adb-a9b1-8af593e6d908,1f1b0c0d-5bc2-512d-a330-15a34a890493,11,11,የቀስቱን አፎት ከፍቶ ክፉ አደረገብኝ፤
4b73d378-ef1c-5b39-a42b-78cb5cfa7b4c,1cbd2e74-41fd-5adb-a9b1-8af593e6d908,1f1b0c0d-5bc2-512d-a330-15a34a890493,12,12,በኀይሉ ቀኝ ተነሣብኝ፤
1b790709-abcd-5827-a201-3f1c97bee97a,1cbd2e74-41fd-5adb-a9b1-8af593e6d908,1f1b0c0d-5bc2-512d-a330-15a34a890493,13,13,ፍለጋዬን አጠፋ፤
895319b3-6604-5eca-ada5-d26be8bb7b64,1cbd2e74-41fd-5adb-a9b1-8af593e6d908,1f1b0c0d-5bc2-512d-a330-15a34a890493,14,14,እንደ ወደደ አደረገብኝ፤
b3b6fa62-7e7e-51a2-af75-4f6ed4070d10,1cbd2e74-41fd-5adb-a9b1-8af593e6d908,1f1b0c0d-5bc2-512d-a330-15a34a890493,15,15,ድንጋጤ በላዬ ተመላለሰችብኝ፥
7d421b65-1676-5b35-a408-542de7989191,1cbd2e74-41fd-5adb-a9b1-8af593e6d908,1f1b0c0d-5bc2-512d-a330-15a34a890493,16,16,“አሁንም ነፍሴ በውስጤ ፈሰሰች፤
a611d4e3-67aa-5afc-a33d-6dfaffd3b9d9,1cbd2e74-41fd-5adb-a9b1-8af593e6d908,1f1b0c0d-5bc2-512d-a330-15a34a890493,17,17,በሌሊት ሁሉ አጥንቶች በደዌ ይነድዳሉ፥
d41aa870-8935-52c8-a392-7ab9d0e10f52,1cbd2e74-41fd-5adb-a9b1-8af593e6d908,1f1b0c0d-5bc2-512d-a330-15a34a890493,18,18,ከታላቁ ደዌ ኀይል የተነሣ ልብሴ ተበላሸች፤
5459888f-17f8-558d-af3a-08694eb59a52,1cbd2e74-41fd-5adb-a9b1-8af593e6d908,1f1b0c0d-5bc2-512d-a330-15a34a890493,19,19,እርሱ እንደ ጭቃ ረገጠኝ፥
9854fef5-69d1-5086-a783-985811333956,1cbd2e74-41fd-5adb-a9b1-8af593e6d908,1f1b0c0d-5bc2-512d-a330-15a34a890493,20,20,ወደ አንተ ጮኽሁ፥ አልሰማኸኝምም፤
159bee0a-c9ef-588a-a4bb-72fd2b8ced8f,1cbd2e74-41fd-5adb-a9b1-8af593e6d908,1f1b0c0d-5bc2-512d-a330-15a34a890493,21,21,ምሕረት የሌላቸው ሰዎች ደበደቡኝ፥
c10b6db6-c8d8-582e-a5a0-48c610699ac0,1cbd2e74-41fd-5adb-a9b1-8af593e6d908,1f1b0c0d-5bc2-512d-a330-15a34a890493,22,22,በኀዘን አኖርኸኝ፥
9a8b0319-ffda-5085-a8b8-122b3f7f9087,1cbd2e74-41fd-5adb-a9b1-8af593e6d908,1f1b0c0d-5bc2-512d-a330-15a34a890493,23,23,ሞት እንደሚያጠፋኝ አውቃለሁና
21f8000e-b315-503e-ac0a-3e19bc147763,1cbd2e74-41fd-5adb-a9b1-8af593e6d908,1f1b0c0d-5bc2-512d-a330-15a34a890493,24,24,እኔ ራሴ ልታነቅ በወደድሁ ነበር
600dbb35-9672-57b4-aeb4-bbd1b633bfa6,1cbd2e74-41fd-5adb-a9b1-8af593e6d908,1f1b0c0d-5bc2-512d-a330-15a34a890493,25,25,ረዳት ለሌለው ሰው አለቀስሁ
d847a2d8-8578-5c35-a068-e30fc107b15d,1cbd2e74-41fd-5adb-a9b1-8af593e6d908,1f1b0c0d-5bc2-512d-a330-15a34a890493,26,26,ነገር ግን በጎ ነገርን በተጠባበቅኋት ጊዜ
f0ac804d-1e7d-5f09-aab0-d2aef88d3606,1cbd2e74-41fd-5adb-a9b1-8af593e6d908,1f1b0c0d-5bc2-512d-a330-15a34a890493,27,27,ሆዴ ፈላች፥ አላረፈችምም፤
c4e932f2-9a42-5fed-a556-5f842fc1e449,1cbd2e74-41fd-5adb-a9b1-8af593e6d908,1f1b0c0d-5bc2-512d-a330-15a34a890493,28,28,በጠባቡ ሄድሁ፥ የሚያሰፋልኝም አጣሁ፥
f363e750-f37f-598f-ab36-652921dec201,1cbd2e74-41fd-5adb-a9b1-8af593e6d908,1f1b0c0d-5bc2-512d-a330-15a34a890493,29,29,ለሌሊት ዎፍ ወንድም፥
ac3412c6-6b2f-5f78-a26a-9130d591fd3f,1cbd2e74-41fd-5adb-a9b1-8af593e6d908,1f1b0c0d-5bc2-512d-a330-15a34a890493,30,30,ቍርበቴ እጅግ ጠቈረ፥
4d90eb51-45ad-50cf-a243-802662789ea1,1cbd2e74-41fd-5adb-a9b1-8af593e6d908,1f1b0c0d-5bc2-512d-a330-15a34a890493,31,31,ስለዚህ ሕማሜ መሰንቆ፥
78247af9-a142-50c1-a2d0-2996642908ef,9576bd51-cdf8-5f84-acad-604892287dd7,8e5091f0-7aa6-594d-aa55-38a2be2b156f,1,1,“ከዐይኔ ጋር ቃል ኪዳን አደረግሁ፥
4faf7fff-8266-5e90-ab50-8c32250aafeb,9576bd51-cdf8-5f84-acad-604892287dd7,8e5091f0-7aa6-594d-aa55-38a2be2b156f,2,2,የእግዚአብሔር እድል ፋንታ ከላይ፥
7a53edfe-8e8e-5570-ac73-39ccf9592e3f,9576bd51-cdf8-5f84-acad-604892287dd7,8e5091f0-7aa6-594d-aa55-38a2be2b156f,3,3,ሞት ለዐመፀኛ፥
b026171f-efdd-5340-a10b-fc159987f5b0,9576bd51-cdf8-5f84-acad-604892287dd7,8e5091f0-7aa6-594d-aa55-38a2be2b156f,4,4,እርሱ መንገዴን የሚያይ አይደለምን?
ea94aa23-b532-5b40-a05f-6b5c0412687c,9576bd51-cdf8-5f84-acad-604892287dd7,8e5091f0-7aa6-594d-aa55-38a2be2b156f,5,5,ከፌዘኞች ጋር ሄጄ እንደ ሆነ፥
3d19e7c6-11b8-5ef5-aa94-18d00e478dd1,9576bd51-cdf8-5f84-acad-604892287dd7,8e5091f0-7aa6-594d-aa55-38a2be2b156f,6,6,በእውነተኛ ሚዛን ልመዘን፥
7964e6b8-8be6-5bf8-ae83-adcbb42d86d4,9576bd51-cdf8-5f84-acad-604892287dd7,8e5091f0-7aa6-594d-aa55-38a2be2b156f,7,7,እርምጃዬ ከመንገዱ ፈቀቅ ብሎ እንደ ሆነ፥
f65537ad-1591-5fd8-a502-7df826cf0c5e,9576bd51-cdf8-5f84-acad-604892287dd7,8e5091f0-7aa6-594d-aa55-38a2be2b156f,8,8,እኔ ልዝራ፥ ሌላ ሰውም ይብላው፤
dc24efb1-1515-5a8d-a578-07151dcbd808,9576bd51-cdf8-5f84-acad-604892287dd7,8e5091f0-7aa6-594d-aa55-38a2be2b156f,9,9,ልቤ ወደ ሌላ ወንድ ሚስት ተከትሎ እንደ ሆነ፥
0d60ed7c-22c1-5b90-a84b-3c00f3036704,9576bd51-cdf8-5f84-acad-604892287dd7,8e5091f0-7aa6-594d-aa55-38a2be2b156f,10,10,ሚስቴ ሌላውን ሰው ደስ ታሰኝ።
265cbde0-0b67-5af8-a281-062867b6a8ec,9576bd51-cdf8-5f84-acad-604892287dd7,8e5091f0-7aa6-594d-aa55-38a2be2b156f,11,11,የሌላውን ወንድ ሚስት ማርከስ፥
65c7d215-b9fa-5e45-ae97-1b588853f307,9576bd51-cdf8-5f84-acad-604892287dd7,8e5091f0-7aa6-594d-aa55-38a2be2b156f,12,12,ይህ በሕዋሳት ሁሉ የሚነድድ እሳት፥
a2ba799c-164c-57e1-aba7-74ba1ed16b5a,9576bd51-cdf8-5f84-acad-604892287dd7,8e5091f0-7aa6-594d-aa55-38a2be2b156f,13,13,“ወንድ ባሪያዬ ወይም ሴት ባሪያዬ በእኔ ዘንድ በተምዋገቱ ጊዜ፥
431278b9-4426-504d-a8e3-78810ab1da1b,9576bd51-cdf8-5f84-acad-604892287dd7,8e5091f0-7aa6-594d-aa55-38a2be2b156f,14,14,እግዚአብሔር በመረመረኝ ጊዜ ምን አደርጋለሁ?
b0f04f6d-7639-5018-a501-adbb84b367e5,9576bd51-cdf8-5f84-acad-604892287dd7,8e5091f0-7aa6-594d-aa55-38a2be2b156f,15,15,እኔን በማኅፀን የፈጠረ እነርሱንስ የፈጠረ አይደለምን?
c2846b6b-3893-566e-ac99-65d02d3b4515,9576bd51-cdf8-5f84-acad-604892287dd7,8e5091f0-7aa6-594d-aa55-38a2be2b156f,16,16,“ድሆች የሚሹትን እንዳያገኙ አድርጌ እንደ ሆነ፥
a7a8fecd-3940-5a03-aa62-b0f2b089253b,9576bd51-cdf8-5f84-acad-604892287dd7,8e5091f0-7aa6-594d-aa55-38a2be2b156f,17,17,እንጀራዬን ለብቻዬ በልቼ እንደ ሆነ፥
0a9bc0dc-7c06-5fda-a3ff-c6e536a44494,9576bd51-cdf8-5f84-acad-604892287dd7,8e5091f0-7aa6-594d-aa55-38a2be2b156f,18,18,እርሱን ከታናሽነቱ ጀምሮ እንደ አባቱ ከእኔው ጋር አሳድጌው ነበር፤
855a4317-5920-574c-a83c-255e9b1a2b31,9576bd51-cdf8-5f84-acad-604892287dd7,8e5091f0-7aa6-594d-aa55-38a2be2b156f,19,19,ራቁቱን የሆነው ሰው በብርድ ሲሞት አይቼ፥
359cc1e1-20ed-5c2d-acf1-89cfb66bd505,9576bd51-cdf8-5f84-acad-604892287dd7,8e5091f0-7aa6-594d-aa55-38a2be2b156f,20,20,ድሆች አልመረቁኝ እንደ ሆነ፥
65fa1f6b-8b67-587a-ae95-28e548909620,9576bd51-cdf8-5f84-acad-604892287dd7,8e5091f0-7aa6-594d-aa55-38a2be2b156f,21,21,ብዙ ረዳት እንዳለኝ ተማምኜ
dca067ce-2091-50b7-ac12-eed52db11c7f,9576bd51-cdf8-5f84-acad-604892287dd7,8e5091f0-7aa6-594d-aa55-38a2be2b156f,22,22,ትከሻዬ ከመሠረቷ ትውደቅ፥
080c7fec-c7dd-5d64-a350-f6e26fda5e2a,9576bd51-cdf8-5f84-acad-604892287dd7,8e5091f0-7aa6-594d-aa55-38a2be2b156f,23,23,የእግዚአብሔር ግርማ አስደንግጦኛልና፤
3deac53d-4f3c-5658-abcc-7a27baadfbae,9576bd51-cdf8-5f84-acad-604892287dd7,8e5091f0-7aa6-594d-aa55-38a2be2b156f,24,24,“ወርቄን በመሬት ውስጥ ቀብሬ እንደ ሆነ፥
223d6014-64a5-50fc-a3c2-37bfa18944e1,9576bd51-cdf8-5f84-acad-604892287dd7,8e5091f0-7aa6-594d-aa55-38a2be2b156f,25,25,ሀብቴ በበዛ ጊዜ፥ ደስ ብሎኝ እንደ ሆነ፥
91dc2cc4-2126-5ee8-a062-1075982f138e,9576bd51-cdf8-5f84-acad-604892287dd7,8e5091f0-7aa6-594d-aa55-38a2be2b156f,26,26,የሚያበራ ፀሐይ እንደሚጠፋ
f5303605-6112-5735-a333-9140fca91d0e,9576bd51-cdf8-5f84-acad-604892287dd7,8e5091f0-7aa6-594d-aa55-38a2be2b156f,27,27,ልቤ በስውር ተታልሎ እንደ ሆነ፥
5b06547c-8279-574f-a7c7-88c50febd290,9576bd51-cdf8-5f84-acad-604892287dd7,8e5091f0-7aa6-594d-aa55-38a2be2b156f,28,28,በልዑል እግዚአብሔር ፊት በዋሸሁ ነበርና
858e2bd5-37ce-5143-a70c-118de6ebc3d0,9576bd51-cdf8-5f84-acad-604892287dd7,8e5091f0-7aa6-594d-aa55-38a2be2b156f,29,29,በጠላቴ ውድቀት ደስ ብሎኝ እንደ ሆነ፥
abaaab51-522c-5298-a3ee-2f72858422d9,9576bd51-cdf8-5f84-acad-604892287dd7,8e5091f0-7aa6-594d-aa55-38a2be2b156f,30,30,ጆሮዬ መርገሜን ትስማ፤
0c0521cf-70e5-52c2-a14c-308a467bbf86,9576bd51-cdf8-5f84-acad-604892287dd7,8e5091f0-7aa6-594d-aa55-38a2be2b156f,31,31,“ቤተ ሰቦቼ እኔ ስራራላቸው፥
83b01e95-45fd-5eb7-a2ce-98dad1ccd6c2,9576bd51-cdf8-5f84-acad-604892287dd7,8e5091f0-7aa6-594d-aa55-38a2be2b156f,32,32,መጻተኛው ግን በሜዳ አያድርም ነበር፥
dffd5e62-d226-5644-a802-28d98acd92a5,9576bd51-cdf8-5f84-acad-604892287dd7,8e5091f0-7aa6-594d-aa55-38a2be2b156f,33,33,ታላቅ በደልም በድዬ እንደ ሆነ፥
6637675f-8ea2-57e4-a51d-fae80cea79cd,9576bd51-cdf8-5f84-acad-604892287dd7,8e5091f0-7aa6-594d-aa55-38a2be2b156f,34,34,ከብዙ ሕዝብ የተነሣ በፊታቸው ለመናገር አፍሬ እንደ ሆነ፥
dd8139f4-b6b8-53aa-ab74-8356bbd8a2e5,9576bd51-cdf8-5f84-acad-604892287dd7,8e5091f0-7aa6-594d-aa55-38a2be2b156f,35,35,የሚያደምጠኝን ማን በሰጠኝ!
3deac12f-34eb-59e1-a1ff-a83e882345f8,9576bd51-cdf8-5f84-acad-604892287dd7,8e5091f0-7aa6-594d-aa55-38a2be2b156f,36,36,በትከሻዬ ላይ እሸከመው ነበር፥
20bf2417-eb90-5244-aad2-49af86570e85,9576bd51-cdf8-5f84-acad-604892287dd7,8e5091f0-7aa6-594d-aa55-38a2be2b156f,37,37,ከባለ ዕዳዬ የምቀበለው ሳይኖር
dc796975-58f1-53bb-a98a-e64922ad49a5,9576bd51-cdf8-5f84-acad-604892287dd7,8e5091f0-7aa6-594d-aa55-38a2be2b156f,38,38,“እርሻዬ በእኔ ላይ ጮኻ እንደ ሆነ፥
2644a5e0-22df-5cb7-a759-1a521984adcd,9576bd51-cdf8-5f84-acad-604892287dd7,8e5091f0-7aa6-594d-aa55-38a2be2b156f,39,39,ፍሬዋን ለብቻዬ ያለ ዋጋ በልቼ እንደ ሆነ፥
fd56d704-fcf7-5441-a654-5e997b196328,9576bd51-cdf8-5f84-acad-604892287dd7,8e5091f0-7aa6-594d-aa55-38a2be2b156f,40,40,በስንዴ ፋንታ እንክርዳድ፥
483f8452-fe96-5ab1-af5f-d39b94823b8b,75d66621-a267-5dc2-aadc-1bee21861529,9a65bfa6-05a2-5d75-a9ce-0d49fa5de59f,1,1,ኢዮብም በፊታቸው ራሱን ጻድቅ አድርጎ ነበርና እነዚያ ሦስቱ ወዳጆቹ ለኢዮብ ለመመለስ ዝም አሉ።
f0f73888-5ddc-5775-a14f-92e6f769954d,75d66621-a267-5dc2-aadc-1bee21861529,9a65bfa6-05a2-5d75-a9ce-0d49fa5de59f,2,2,ከአውስጢድ ሀገር ከአራም ወገን የሆነ የቡዛዊው የባርክኤል ልጅ ኤሊዩስ ተቈጣ፥ በእግዚአብሔርም ፊት ራሱን ጻድቅ አድርጎ ነበርና ኢዮብን ተቈጣው።
a0171f16-2ace-5e89-ac8a-2259d8389eeb,75d66621-a267-5dc2-aadc-1bee21861529,9a65bfa6-05a2-5d75-a9ce-0d49fa5de59f,3,3,ደግሞም እንደ ኀጢአተኛ አደረጉት እንጂ ለኢዮብ የሚገባ መልስ መመለስ ስላልቻሉ በሦስቱ ባልንጀሮቹ ላይ ተቈጣ።
3d8e747d-4885-50b6-a3f6-8c6395ef797d,75d66621-a267-5dc2-aadc-1bee21861529,9a65bfa6-05a2-5d75-a9ce-0d49fa5de59f,4,4,ኤሊዩስ ግን ከእርሱ ይልቅ ሽማግሌዎች ነበሩና ለኢዮብ መልስ ለመስጠት ጠብቆ ነበር።
f2227372-5424-5f31-aafe-3329f7ffcd96,75d66621-a267-5dc2-aadc-1bee21861529,9a65bfa6-05a2-5d75-a9ce-0d49fa5de59f,5,5,ኤሊዩስም በእነዚህ በሦስቱ ሰዎች አፍ መልስ እንደሌለ ባየ ጊዜ በቍጣው ተቈጣቸው።
8d9a4f00-fbae-504e-a8ed-41657b4550db,75d66621-a267-5dc2-aadc-1bee21861529,9a65bfa6-05a2-5d75-a9ce-0d49fa5de59f,6,6,የቡዛዊው የባርክኤል ልጅ ኤልዩስም መለሰ፥ እንዲህም አለ፥ “እኔ በዕድሜዬ ታናሽ ነኝ፥ እናንተ ግን ሽማግሌዎች ናችሁ፤ ስለዚህም ዕውቀቴን እገልጥላችሁ ዘንድ ፈርቼ ዝም አልሁ።
afd96a29-2ecf-58c6-a641-57405c9e1d3e,75d66621-a267-5dc2-aadc-1bee21861529,9a65bfa6-05a2-5d75-a9ce-0d49fa5de59f,7,7,እንደዚህም አልሁ፥ “የሚናገሩ ዓመታት አይደሉም፥
82ba19f4-d48f-5a3b-ab89-47532277bd72,75d66621-a267-5dc2-aadc-1bee21861529,9a65bfa6-05a2-5d75-a9ce-0d49fa5de59f,8,8,ነገር ግን በሟች ሰው ውስጥ መንፈስ አለ፥
3642ce0f-1d4d-5f0d-a5c3-1ee01ede4d48,75d66621-a267-5dc2-aadc-1bee21861529,9a65bfa6-05a2-5d75-a9ce-0d49fa5de59f,9,9,በዕድሜ ያረጁ ጠቢባን አይደሉም፥
b86f8611-1158-5217-ad8b-af46598e2e37,75d66621-a267-5dc2-aadc-1bee21861529,9a65bfa6-05a2-5d75-a9ce-0d49fa5de59f,10,10,ነገር ግን፦ ስሙኝ፤
c211db93-e3cc-53a5-aba5-2410b2e6f96c,75d66621-a267-5dc2-aadc-1bee21861529,9a65bfa6-05a2-5d75-a9ce-0d49fa5de59f,11,11,እነሆ፥ ንግግሬን አድምጡኝ፤
fcf78b10-b798-5d70-ac81-e8b15ecd13a7,75d66621-a267-5dc2-aadc-1bee21861529,9a65bfa6-05a2-5d75-a9ce-0d49fa5de59f,12,12,እንዲሁም ልብ አደረግሁ፤
de513b69-7d00-54a2-a8d3-59ae5886e00d,75d66621-a267-5dc2-aadc-1bee21861529,9a65bfa6-05a2-5d75-a9ce-0d49fa5de59f,13,13,እናንተም፦ ከእግዚአብሔር ጥበብን አግኝተናል፤
66198618-1125-5fd2-a705-4a171745f6c9,75d66621-a267-5dc2-aadc-1bee21861529,9a65bfa6-05a2-5d75-a9ce-0d49fa5de59f,14,14,እናንተ ግን እንዲህ ያለ ነገር እንዲናገር
c8134bad-405c-52ba-ad03-b1da308aa2f9,75d66621-a267-5dc2-aadc-1bee21861529,9a65bfa6-05a2-5d75-a9ce-0d49fa5de59f,15,15,“እናንተ ፈራችሁ፥ ዳግመኛም አልመለሳችሁም፤
a79cec9f-a026-5c76-a6b5-b2e50bbd9848,75d66621-a267-5dc2-aadc-1bee21861529,9a65bfa6-05a2-5d75-a9ce-0d49fa5de59f,16,16,እኔ በትዕግሥት ጠበቅሁ እንጂ አልተናገርሁም።
4d053ea6-5a45-5ce9-a64c-e4a6da658f4d,75d66621-a267-5dc2-aadc-1bee21861529,9a65bfa6-05a2-5d75-a9ce-0d49fa5de59f,17,17,ኤልዩስም መለሰ፥ እንዲህም አለ፦
0af0b3f0-8122-58a4-a3b8-67996b9f4cef,75d66621-a267-5dc2-aadc-1bee21861529,9a65bfa6-05a2-5d75-a9ce-0d49fa5de59f,18,18,እኔ ቃል ተሞልቻለሁና፥
97451202-62ca-578b-a916-402754c76f6b,75d66621-a267-5dc2-aadc-1bee21861529,9a65bfa6-05a2-5d75-a9ce-0d49fa5de59f,19,19,በተሃ ጠጅ እንደ ተሞላና ሊቀደድ እንደ ቀረበ አቁማዳ፥
e13f3212-4bd9-5ad5-ade6-42c659ad0952,75d66621-a267-5dc2-aadc-1bee21861529,9a65bfa6-05a2-5d75-a9ce-0d49fa5de59f,20,20,ጥቂት እንድተነፍስ እናገራለሁ።
1914bf6b-ace2-5681-a410-02b647f40217,75d66621-a267-5dc2-aadc-1bee21861529,9a65bfa6-05a2-5d75-a9ce-0d49fa5de59f,21,21,ከሰው የተነሣ አላፍርምና፥
c0ae3518-ac96-5811-a3b7-babe11eb8a0d,75d66621-a267-5dc2-aadc-1bee21861529,9a65bfa6-05a2-5d75-a9ce-0d49fa5de59f,22,22,ለሰው ፊት ማድላትን አላውቅም፤
c48780ce-c9ed-55e2-af5b-e8866e263b55,c6fbe1fe-60d1-5cdf-a16c-47bad0306999,268810c1-2efb-54fb-a207-dc5f5fd9edf8,1,1,“ነገር ግን፥ ኢዮብ ሆይ፥ ቃሌን ስማ፥
b5876cbc-a623-54bb-a522-3d23fc5a5856,c6fbe1fe-60d1-5cdf-a16c-47bad0306999,268810c1-2efb-54fb-a207-dc5f5fd9edf8,2,2,እነሆ፥ አፌን ከፍቻለሁ፥
0696c8bb-06ae-58ee-a603-cfff10d857f7,c6fbe1fe-60d1-5cdf-a16c-47bad0306999,268810c1-2efb-54fb-a207-dc5f5fd9edf8,3,3,ልቤም ንጹሕ ነገርን ያስባል፥
f16bff1e-c56f-5ba0-ae53-569dfbce16b9,c6fbe1fe-60d1-5cdf-a16c-47bad0306999,268810c1-2efb-54fb-a207-dc5f5fd9edf8,4,4,የእግዚአብሔር መንፈስ ፈጠረኝ፥
50916a15-ce67-5d9d-a3ad-f56f23b79d9f,c6fbe1fe-60d1-5cdf-a16c-47bad0306999,268810c1-2efb-54fb-a207-dc5f5fd9edf8,5,5,በዚህ ነገር ልትመልስልኝ ትችል እንደ ሆነ ታገሠኝ፥
cbbd85c1-ff10-53bd-a64c-a240b508b784,c6fbe1fe-60d1-5cdf-a16c-47bad0306999,268810c1-2efb-54fb-a207-dc5f5fd9edf8,6,6,አንተ እንደ እኔ ከጭቃ የተፈጠርህ ነህ፥
58925bc2-2060-5ad1-ad8e-1dccba2f97f8,c6fbe1fe-60d1-5cdf-a16c-47bad0306999,268810c1-2efb-54fb-a207-dc5f5fd9edf8,7,7,እነሆ፥ ግርማዬ አታስፈራህም፥
3bbbb45a-cf41-5049-a5f2-407481c8233e,c6fbe1fe-60d1-5cdf-a16c-47bad0306999,268810c1-2efb-54fb-a207-dc5f5fd9edf8,8,8,ግፍህን ተናግረሃል፥
4a968031-f2b3-5745-a6ba-bd5129b6e847,c6fbe1fe-60d1-5cdf-a16c-47bad0306999,268810c1-2efb-54fb-a207-dc5f5fd9edf8,9,9,እኔ ንጹሕ ነኝ፥ አልበደልሁምና፤
b71415c4-0799-5747-abf1-ed1fd71935a2,c6fbe1fe-60d1-5cdf-a16c-47bad0306999,268810c1-2efb-54fb-a207-dc5f5fd9edf8,10,10,እነሆ፥ ምክንያት አግኝቶብኛል፥
28b5b69d-54ac-571d-a532-44c871954ede,c6fbe1fe-60d1-5cdf-a16c-47bad0306999,268810c1-2efb-54fb-a207-dc5f5fd9edf8,11,11,እግሬን በግንድ አጣበቀ፥
4a511c48-c0d1-5177-af3d-e903757ecf8e,c6fbe1fe-60d1-5cdf-a16c-47bad0306999,268810c1-2efb-54fb-a207-dc5f5fd9edf8,12,12,እነሆ፥ እኔ ጻድቅ ነኝ፥ ቃሌንም አይሰማኝም እንዴት ትላለህ?
639e2bae-9168-57d1-ab78-454aa89afc23,c6fbe1fe-60d1-5cdf-a16c-47bad0306999,268810c1-2efb-54fb-a207-dc5f5fd9edf8,13,13,አንተ፦ ‘ቃሌን ሁሉ ለምን አይሰማኝም?’ ትላለህ።
7c4a8335-7baf-5025-af49-97cdcebc7238,c6fbe1fe-60d1-5cdf-a16c-47bad0306999,268810c1-2efb-54fb-a207-dc5f5fd9edf8,14,14,እግዚአብሔር በሕልም ወይም በሌሊት ራእይ፥
b550a08d-076d-5bf0-af9c-2808e59271ca,c6fbe1fe-60d1-5cdf-a16c-47bad0306999,268810c1-2efb-54fb-a207-dc5f5fd9edf8,15,15,በአልጋ ላይ ተኝተው ሳሉ፥
8fe67ee0-adf0-51b7-a6b5-66f260f32e54,c6fbe1fe-60d1-5cdf-a16c-47bad0306999,268810c1-2efb-54fb-a207-dc5f5fd9edf8,16,16,በዚያን ጊዜ የሰዎችን ማስተዋል ይከፍታል፥
3daf9a00-5854-5b50-a1e0-b21559a61d19,c6fbe1fe-60d1-5cdf-a16c-47bad0306999,268810c1-2efb-54fb-a207-dc5f5fd9edf8,17,17,ሰውን ከኀጢአቱ ይመልሰው ዘንድ፥
f8682482-9d79-54a4-a3d0-523643345fb1,c6fbe1fe-60d1-5cdf-a16c-47bad0306999,268810c1-2efb-54fb-a207-dc5f5fd9edf8,18,18,ነፍሱን ከሞት ያድናታል፤
f8169499-c1cf-5439-ac0c-095bb4bdc649,c6fbe1fe-60d1-5cdf-a16c-47bad0306999,268810c1-2efb-54fb-a207-dc5f5fd9edf8,19,19,“ደግሞ በአልጋ ላይ በደዌ ይገሥጸዋል፥
4fd3f0a9-0fc3-53b6-a70e-bb5f3672d620,c6fbe1fe-60d1-5cdf-a16c-47bad0306999,268810c1-2efb-54fb-a207-dc5f5fd9edf8,20,20,ማንኛውንም መብል መቅመስ አይችልም።
f472fbbb-348c-50a0-aec1-3283e32aa6a3,c6fbe1fe-60d1-5cdf-a16c-47bad0306999,268810c1-2efb-54fb-a207-dc5f5fd9edf8,21,21,ሥጋው እስከሚያልቅ ድረስ፥
4bcb5baf-b5e9-5b34-ad54-9153b1f9090e,c6fbe1fe-60d1-5cdf-a16c-47bad0306999,268810c1-2efb-54fb-a207-dc5f5fd9edf8,22,22,ሰውነቱ ለሞት፥
d5bbebc1-1caf-5f82-adbc-046acb32a10c,c6fbe1fe-60d1-5cdf-a16c-47bad0306999,268810c1-2efb-54fb-a207-dc5f5fd9edf8,23,23,የሞት መላእክት ምንም ሺህ ቢሆኑ፥
ba5908a9-a05c-5c4e-a2f8-7e9be2eefe8b,c6fbe1fe-60d1-5cdf-a16c-47bad0306999,268810c1-2efb-54fb-a207-dc5f5fd9edf8,24,24,በሞት እንዳይጠፋ ይጠብቀዋል፥
b81c550d-78cc-54b9-a740-e30edf6f8827,c6fbe1fe-60d1-5cdf-a16c-47bad0306999,268810c1-2efb-54fb-a207-dc5f5fd9edf8,25,25,ሥጋውን እንደ ሕፃን ሥጋ ያለመልማል፤
bff40bfa-311f-55dc-aa38-0a2b5a55b734,c6fbe1fe-60d1-5cdf-a16c-47bad0306999,268810c1-2efb-54fb-a207-dc5f5fd9edf8,26,26,ወደ እግዚአብሔር ይጸልያል፥
e237be80-6493-5329-a7b3-e5dd18aa71c7,c6fbe1fe-60d1-5cdf-a16c-47bad0306999,268810c1-2efb-54fb-a207-dc5f5fd9edf8,27,27,ያንጊዜም ሰው ራሱን ይነቅፋል፤ እንዲህም ይላል፦
e1350449-7af5-51f2-a936-d969fc9058d4,c6fbe1fe-60d1-5cdf-a16c-47bad0306999,268810c1-2efb-54fb-a207-dc5f5fd9edf8,28,28,ነፍሴ ወደ ጥፋት እንዳትወርድ አድኖአታል፥
4352e7c1-0e2e-555f-af93-0e00c6fa9c5e,c6fbe1fe-60d1-5cdf-a16c-47bad0306999,268810c1-2efb-54fb-a207-dc5f5fd9edf8,29,29,“እነሆ፦ ሁሉን የሚችል እርሱ፥
017973f7-f433-570e-a639-5ea589c28b10,c6fbe1fe-60d1-5cdf-a16c-47bad0306999,268810c1-2efb-54fb-a207-dc5f5fd9edf8,30,30,ሕይወቴም በብርሃን ውስጥ ታመሰግን ዘንድ፥
2b8ee9e9-7141-5053-a27a-4900b9b3c883,c6fbe1fe-60d1-5cdf-a16c-47bad0306999,268810c1-2efb-54fb-a207-dc5f5fd9edf8,31,31,ኢዮብ ሆይ፥ አድምጥ፥ እኔንም ስማ፤
56e63275-3823-5e40-ade3-52cd35d6d768,c6fbe1fe-60d1-5cdf-a16c-47bad0306999,268810c1-2efb-54fb-a207-dc5f5fd9edf8,32,32,ነገር ቢኖርህ ተናገር፤
216edd68-962f-5731-a695-6f208fdcece3,c6fbe1fe-60d1-5cdf-a16c-47bad0306999,268810c1-2efb-54fb-a207-dc5f5fd9edf8,33,33,ያለዚያም እኔን ስማ፤
d4483538-92c5-5fea-a2bc-5d3c828e3611,24f666bf-43f4-5bb3-ad68-d6c1f2bf6e8e,78e36011-045d-5156-a31b-5a7e7c1687a6,1,1,ኤልዩስ ደግሞ መለሰ፥ እንዲህም አለ፦
ed7ecf1c-2ccd-59e5-adf8-4110a03b9c20,24f666bf-43f4-5bb3-ad68-d6c1f2bf6e8e,78e36011-045d-5156-a31b-5a7e7c1687a6,2,2,“እናንተ ጥበበኞች፥ ቃሌን ስሙ፤
34c8338e-1bbb-50c7-aa73-1eb13e9d2557,24f666bf-43f4-5bb3-ad68-d6c1f2bf6e8e,78e36011-045d-5156-a31b-5a7e7c1687a6,3,3,ጆሮ ቃልን ትለያለችና፥
11fb487f-fcbd-5e51-a561-e4c54e44f2de,24f666bf-43f4-5bb3-ad68-d6c1f2bf6e8e,78e36011-045d-5156-a31b-5a7e7c1687a6,4,4,ፍርድን ለራሳችን እንምረጥ፤
bbeceb2b-6b58-5a2e-afba-2638d4ab2b37,24f666bf-43f4-5bb3-ad68-d6c1f2bf6e8e,78e36011-045d-5156-a31b-5a7e7c1687a6,5,5,ኢዮብ እንዲህ ብሎአልና፦ እኔ ጻድቅ ነኝ፥
8df3ca62-21e7-5dc6-aa30-d9c631310d0f,24f666bf-43f4-5bb3-ad68-d6c1f2bf6e8e,78e36011-045d-5156-a31b-5a7e7c1687a6,6,6,ፍርዴን ሐሰተኛ አደረገብኝ፤
eb6181b8-288f-55e5-ab3b-82c6f2087866,24f666bf-43f4-5bb3-ad68-d6c1f2bf6e8e,78e36011-045d-5156-a31b-5a7e7c1687a6,7,7,መሣለቅን እንደ ውኃ የሚጠጣት፥
0cd204c5-e5ec-57ab-a102-33803e23aebf,24f666bf-43f4-5bb3-ad68-d6c1f2bf6e8e,78e36011-045d-5156-a31b-5a7e7c1687a6,8,8,ፈጽሞ ያልበደለ፥
d9c441f5-4a1e-51af-aa2c-4ad1fa20c4c4,24f666bf-43f4-5bb3-ad68-d6c1f2bf6e8e,78e36011-045d-5156-a31b-5a7e7c1687a6,9,9,ሰው ከእግዚአብሔር ጕብኝት ሲኖረው
f45037b1-a9da-58ba-ace5-20b6087ee6f1,24f666bf-43f4-5bb3-ad68-d6c1f2bf6e8e,78e36011-045d-5156-a31b-5a7e7c1687a6,10,10,“ሰለዚህ እናንተ አእምሮ ያላቸሁ ሰዎች ስሙኝ፤
b85962da-9e36-543c-ad35-6985e939c54c,24f666bf-43f4-5bb3-ad68-d6c1f2bf6e8e,78e36011-045d-5156-a31b-5a7e7c1687a6,11,11,ለሰው ሁሉ እንደ ሥራው ይመልስለታል፥
2dfc2de7-51cd-5698-a4c4-ca08a57fa720,24f666bf-43f4-5bb3-ad68-d6c1f2bf6e8e,78e36011-045d-5156-a31b-5a7e7c1687a6,12,12,በእውነት እግዚአብሔርን ግፍ እንደሚሠራ ታደርገዋለህን?
1bafb3de-11f1-5898-a7c8-fc176fc579c1,24f666bf-43f4-5bb3-ad68-d6c1f2bf6e8e,78e36011-045d-5156-a31b-5a7e7c1687a6,13,13,ከሰማይ በታች ያለውን ዓለም፥
899b6981-f017-5bad-a463-96a3b2c7b801,24f666bf-43f4-5bb3-ad68-d6c1f2bf6e8e,78e36011-045d-5156-a31b-5a7e7c1687a6,14,14,በእርሱ ያለ መንፈሱን፥
a8eb48f5-0601-50ae-a51a-697fe260cdb2,24f666bf-43f4-5bb3-ad68-d6c1f2bf6e8e,78e36011-045d-5156-a31b-5a7e7c1687a6,15,15,ሥጋ ለባሽ ሁሉ በአንድነት ይሞታል፥
8fce5ad9-bea6-55a1-ab60-5578b65241bb,24f666bf-43f4-5bb3-ad68-d6c1f2bf6e8e,78e36011-045d-5156-a31b-5a7e7c1687a6,16,16,ያለዚያ ግን ተመከር፥ ይህንም ስማ፤
622defaa-23c0-54b8-a55b-dd646ee9f741,24f666bf-43f4-5bb3-ad68-d6c1f2bf6e8e,78e36011-045d-5156-a31b-5a7e7c1687a6,17,17,ግፍን የሚጠላ፥ ክፉዎችንም የሚያጠፋ፥
e868fb13-3b66-5184-aea8-98de069b072a,24f666bf-43f4-5bb3-ad68-d6c1f2bf6e8e,78e36011-045d-5156-a31b-5a7e7c1687a6,18,18,ንጉሡን፦ በደለኛ ነህ የሚለው፥
3c574630-c104-50a4-a6b6-15c56a490fe8,24f666bf-43f4-5bb3-ad68-d6c1f2bf6e8e,78e36011-045d-5156-a31b-5a7e7c1687a6,19,19,እርሱ ግን የክቡርን ሰው ፊት አያፍርም።
8a1ea8b5-1d2b-5f86-a48f-aef777167f89,24f666bf-43f4-5bb3-ad68-d6c1f2bf6e8e,78e36011-045d-5156-a31b-5a7e7c1687a6,20,20,የሚጮኸውንና ሰውን የማይሰማውን ከንቱ ነገር ያገኘዋል፥
f5d765ce-b71e-51bf-a28a-5f6a98d96a6d,24f666bf-43f4-5bb3-ad68-d6c1f2bf6e8e,78e36011-045d-5156-a31b-5a7e7c1687a6,21,21,እርሱ የሰዎችን ሥራ ይመረምራል፥
92151161-e808-5078-afee-5fe69956d7b8,24f666bf-43f4-5bb3-ad68-d6c1f2bf6e8e,78e36011-045d-5156-a31b-5a7e7c1687a6,22,22,ኀጢአትን የሚሠሩ የሚሰወሩበት ቦታ የለም።
e5f1f63f-d0c6-5a4c-ac63-d52252f3a2ff,24f666bf-43f4-5bb3-ad68-d6c1f2bf6e8e,78e36011-045d-5156-a31b-5a7e7c1687a6,23,23,ሁሉን ከሚያይ ከእግዚአብሔር አያመልጡምና።
cd188894-2111-58bb-ac54-6c3d788f4c62,24f666bf-43f4-5bb3-ad68-d6c1f2bf6e8e,78e36011-045d-5156-a31b-5a7e7c1687a6,24,24,እግዚአብሔር ወደ ታች ወደ ሰዎች ይመለከታል፥
7c4a64c2-66a4-5688-af87-6fd219391008,24f666bf-43f4-5bb3-ad68-d6c1f2bf6e8e,78e36011-045d-5156-a31b-5a7e7c1687a6,25,25,ሥራቸውን ያውቃል፥
34d3f92f-9e7f-5d26-a01e-b223322d1036,24f666bf-43f4-5bb3-ad68-d6c1f2bf6e8e,78e36011-045d-5156-a31b-5a7e7c1687a6,26,26,ኃጥኣንን ያጠፋቸዋል፥
8fa544c5-4636-5268-a9c3-401b745e8d91,24f666bf-43f4-5bb3-ad68-d6c1f2bf6e8e,78e36011-045d-5156-a31b-5a7e7c1687a6,27,27,ከእግዚአብሔር ሕግ ፈቀቅ ያሉ፥
f71fdcec-5cbd-59a2-ae27-6ffd2d39bec8,24f666bf-43f4-5bb3-ad68-d6c1f2bf6e8e,78e36011-045d-5156-a31b-5a7e7c1687a6,28,28,እርሱም የድሆችን ጩኸት በእነርሱ ላይ ይመልሳል፥
65bccb24-1744-5d19-aa45-3cb12d47641a,24f666bf-43f4-5bb3-ad68-d6c1f2bf6e8e,78e36011-045d-5156-a31b-5a7e7c1687a6,29,29,“እርሱ ዕረፍትን ይሰጣል፤
bb653f0c-a6d2-5449-ad4d-de9a73a393c1,24f666bf-43f4-5bb3-ad68-d6c1f2bf6e8e,78e36011-045d-5156-a31b-5a7e7c1687a6,30,30,ስለ ሕዝቡም ክፋት፥
916d64a9-12f2-55bf-a231-b02ab065324c,24f666bf-43f4-5bb3-ad68-d6c1f2bf6e8e,78e36011-045d-5156-a31b-5a7e7c1687a6,31,31,“ኀያሉ እግዚአብሔርን፦ እንዲህ የሚል አለ፥
aad9708e-1039-5282-a304-61d44bb10c51,24f666bf-43f4-5bb3-ad68-d6c1f2bf6e8e,78e36011-045d-5156-a31b-5a7e7c1687a6,32,32,እኔ ራሴ አያለሁ፥
7478b259-8470-5167-aaa5-deecbedb6abc,24f666bf-43f4-5bb3-ad68-d6c1f2bf6e8e,78e36011-045d-5156-a31b-5a7e7c1687a6,33,33,በውኑ አንተ ከእኔ ትርቅ ዘንድ፥
c63c96a2-9c8f-503c-afc7-3cb915cb58b4,24f666bf-43f4-5bb3-ad68-d6c1f2bf6e8e,78e36011-045d-5156-a31b-5a7e7c1687a6,34,34,የልብ ጥበበኞች እንዲህ ይላሉና፦
f528b83a-be47-58a4-a87a-5bcf8961e5a9,24f666bf-43f4-5bb3-ad68-d6c1f2bf6e8e,78e36011-045d-5156-a31b-5a7e7c1687a6,35,35,ኢዮብ እንደ ጠቢብ በዕውቀት አይናገርም፥
17156b38-246b-5c27-a79a-d0ab6b41e6da,24f666bf-43f4-5bb3-ad68-d6c1f2bf6e8e,78e36011-045d-5156-a31b-5a7e7c1687a6,36,36,ነገር ግን ኢዮብ ሆይ፥ ተማር።
79ecfa9d-80a3-554b-a705-ecc9e891350c,24f666bf-43f4-5bb3-ad68-d6c1f2bf6e8e,78e36011-045d-5156-a31b-5a7e7c1687a6,37,37,በኀጢአቶችህ ላይ እንዳትጨምር፥
1996d7bd-4afb-5507-adaa-04c8f13a3cab,1af79cae-b27e-5417-adee-cee91ba58536,f5655bda-17c7-546c-ab7e-94acf10d2b6e,1,1,ኤልዩስም ደግሞ መለሰ፥ እንዲህም አለ፦
6d897a83-3c63-59ca-a4db-88071f648202,1af79cae-b27e-5417-adee-cee91ba58536,f5655bda-17c7-546c-ab7e-94acf10d2b6e,2,2,“አንተ ተዋቅሰህ ምን ትላለህ?
7212f120-f90c-556c-ab63-31b786f50c2b,1af79cae-b27e-5417-adee-cee91ba58536,f5655bda-17c7-546c-ab7e-94acf10d2b6e,3,3,ኀጢአት ብሠራስ ምን አደርጋለሁ? ትላለህ።
9daf118d-4a97-5b19-ac89-6e0487948dd5,1af79cae-b27e-5417-adee-cee91ba58536,f5655bda-17c7-546c-ab7e-94acf10d2b6e,4,4,እኔ ለአንተና ለሦስቱ ወዳጆችህ እመልሳለሁ።
474fd379-72c3-5c4a-ae9d-cc8317063e84,1af79cae-b27e-5417-adee-cee91ba58536,f5655bda-17c7-546c-ab7e-94acf10d2b6e,5,5,ወደ ሰማይ ተመልከት፥ እይም፤
32d99fe2-d404-5738-aabf-fb5502acbe2c,1af79cae-b27e-5417-adee-cee91ba58536,f5655bda-17c7-546c-ab7e-94acf10d2b6e,6,6,ኀጢአት ብትሠራ በእርሱ ላይ ምን ታደርጋለህ?
1ce89ab4-408a-532f-a34a-3e03cf272ce5,1af79cae-b27e-5417-adee-cee91ba58536,f5655bda-17c7-546c-ab7e-94acf10d2b6e,7,7,ጻድቅስ ብትሆን ምን ትሰጠዋለህ?
b6683e41-814b-5a53-a513-62ba0762d572,1af79cae-b27e-5417-adee-cee91ba58536,f5655bda-17c7-546c-ab7e-94acf10d2b6e,8,8,እንደ አንተ ያለውን ሰው ክፋትህ ይጎዳዋል፤
40149fa8-9918-58f3-acec-8e8bbebf8ad6,1af79cae-b27e-5417-adee-cee91ba58536,f5655bda-17c7-546c-ab7e-94acf10d2b6e,9,9,ከግፈኞች ብዛት የተነሣ ሰዎች ይጮኻሉ፤
c79183f3-4cfc-5565-a306-37770aca2d02,1af79cae-b27e-5417-adee-cee91ba58536,f5655bda-17c7-546c-ab7e-94acf10d2b6e,10,10,ነገር ግን በሌሊት ጥበቃን የሚያዝዝ ፈጣሪዬ እግዚአብሔር
1b4505f7-5b27-551a-a847-cc7c769475d8,1af79cae-b27e-5417-adee-cee91ba58536,f5655bda-17c7-546c-ab7e-94acf10d2b6e,11,11,እርሱም ከምድር እንስሶች ይልቅ፥
9f37f00a-4eba-545c-a368-7d769c9c060d,1af79cae-b27e-5417-adee-cee91ba58536,f5655bda-17c7-546c-ab7e-94acf10d2b6e,12,12,በዚያ ስለ ክፉ ሰዎች ስድብ ይጮኻሉ፥
a0ddd5d9-29e3-54c8-af7c-df681456590e,1af79cae-b27e-5417-adee-cee91ba58536,f5655bda-17c7-546c-ab7e-94acf10d2b6e,13,13,እግዚአብሔር በእውነት ክፉ ነገርን ሊያይ አይወድም።
14d473c3-bc16-53c9-ac9a-8188fa96bc29,1af79cae-b27e-5417-adee-cee91ba58536,f5655bda-17c7-546c-ab7e-94acf10d2b6e,14,14,ክፉ የሚሠሩትን አይሰማቸውም፥ እኔንም ያድነኛል፤
50034d83-41d5-586d-a9fb-bcb9ba1aa221,1af79cae-b27e-5417-adee-cee91ba58536,f5655bda-17c7-546c-ab7e-94acf10d2b6e,15,15,አሁን ቍጣውን የሚያውቅ የለምና፥
ce97e031-d4e0-5ae8-a59a-d0270085e18f,1af79cae-b27e-5417-adee-cee91ba58536,f5655bda-17c7-546c-ab7e-94acf10d2b6e,16,16,ኢዮብ ግን አፉን በከንቱ ይከፍታል፥
691ebf68-3150-5556-aa19-414eabd767c3,4de90f23-63a8-5c1b-aa1c-378dcc95478d,99a65249-f99e-5fc5-a863-4c9beabf3bad,1,1,ኤልዩስም ደግሞ መለሰ፥ እንዲህም አለ፦
b506da83-c103-5891-a58e-1d9ce0f47d64,4de90f23-63a8-5c1b-aa1c-378dcc95478d,99a65249-f99e-5fc5-a863-4c9beabf3bad,2,2,“ገና የምናገረው ነገር አለኝና ጥቂት ታገሠኝ፥
bd061d17-23a1-5648-a9cd-c81f4e9e3a48,4de90f23-63a8-5c1b-aa1c-378dcc95478d,99a65249-f99e-5fc5-a863-4c9beabf3bad,3,3,ዕውቀቴን ከሩቅ አመጣለሁ፥
4b0e99be-2d75-5b80-a951-2af51c144f5d,4de90f23-63a8-5c1b-aa1c-378dcc95478d,99a65249-f99e-5fc5-a863-4c9beabf3bad,4,4,ቃሌ ሐሰት ያይደለ እውነት ነው።
6a65ba41-6e29-504b-a806-b37250485096,4de90f23-63a8-5c1b-aa1c-378dcc95478d,99a65249-f99e-5fc5-a863-4c9beabf3bad,5,5,“በጥበብ ብርቱና ኀያል የሆነ እግዚአብሔር፥
eab0348c-e427-55c9-aee8-f1f74590fad1,4de90f23-63a8-5c1b-aa1c-378dcc95478d,99a65249-f99e-5fc5-a863-4c9beabf3bad,6,6,እርሱ የበደለኞችን ሕይወት አያድንም፤
f9d3f22d-91bd-5ae0-a1f7-5b7ed7dbf48c,4de90f23-63a8-5c1b-aa1c-378dcc95478d,99a65249-f99e-5fc5-a863-4c9beabf3bad,7,7,ዐይኑን ከጻድቃን ላይ አያርቅም፤
93ad0240-9a29-56e2-ac6d-0ccca80e968d,4de90f23-63a8-5c1b-aa1c-378dcc95478d,99a65249-f99e-5fc5-a863-4c9beabf3bad,8,8,በሰንሰለት እጃቸውን የታሠሩ
2c1a2af7-25ad-5fdc-a50c-8d0aee1eb415,4de90f23-63a8-5c1b-aa1c-378dcc95478d,99a65249-f99e-5fc5-a863-4c9beabf3bad,9,9,ሥራቸውንና መተላለፋቸውን ይነግራቸዋል፥
d8e4aa64-0b05-52a9-a4d8-fab938a2283f,4de90f23-63a8-5c1b-aa1c-378dcc95478d,99a65249-f99e-5fc5-a863-4c9beabf3bad,10,10,ጻድቃንን ግን ይሰማቸዋል፥
7f97e222-1893-5ce8-a865-396248128c07,4de90f23-63a8-5c1b-aa1c-378dcc95478d,99a65249-f99e-5fc5-a863-4c9beabf3bad,11,11,ቢሰሙና ቢያገለግሉትም፥
19d313b7-f215-58d2-aa4f-2c0efd12b2f4,4de90f23-63a8-5c1b-aa1c-378dcc95478d,99a65249-f99e-5fc5-a863-4c9beabf3bad,12,12,ኃጥኣንን ግን አያድናቸውም
aef74e6c-983e-5875-a82d-4f4c5353b417,4de90f23-63a8-5c1b-aa1c-378dcc95478d,99a65249-f99e-5fc5-a863-4c9beabf3bad,13,13,“ግብዞች ግን በልባቸው ቍጣን ያዘጋጃሉ፤
caf987a8-35da-58ef-a1b8-f67346b14fff,4de90f23-63a8-5c1b-aa1c-378dcc95478d,99a65249-f99e-5fc5-a863-4c9beabf3bad,14,14,ስለዚህም በሕፃንነታቸው ሳሉ ሰውነታቸው ትጠፋለች፥
c856f080-5dbf-56e5-aa56-3aa05f620e79,4de90f23-63a8-5c1b-aa1c-378dcc95478d,99a65249-f99e-5fc5-a863-4c9beabf3bad,15,15,የተቸገረውንና ረዳት የሌለውን አስጨንቀዋልና፥
8195ce92-4f86-51cb-a761-1bb50ef41a7c,4de90f23-63a8-5c1b-aa1c-378dcc95478d,99a65249-f99e-5fc5-a863-4c9beabf3bad,16,16,አንተን ግን ከጠላትህ አፍ አድኖሃል፥
2f6c1a2b-0018-5f9b-a0e2-315216b1a4f6,4de90f23-63a8-5c1b-aa1c-378dcc95478d,99a65249-f99e-5fc5-a863-4c9beabf3bad,17,17,ፍርድን ለጻድቃን አያዘገይምና።
c4ed39b3-e22b-5f24-ab2c-e50c700acdba,4de90f23-63a8-5c1b-aa1c-378dcc95478d,99a65249-f99e-5fc5-a863-4c9beabf3bad,18,18,ይበድሉ ዘንድ በተቀበሉት መማለጃ ኀጢአት ምክንያት
c19a6f06-f80f-5c11-ab3d-b5a211478ec8,4de90f23-63a8-5c1b-aa1c-378dcc95478d,99a65249-f99e-5fc5-a863-4c9beabf3bad,19,19,በጭንቀት ካሉ ከችግረኞች ልመና የተነሣ
f05c73f3-e3f4-5924-a80f-dbf1a6b21f09,4de90f23-63a8-5c1b-aa1c-378dcc95478d,99a65249-f99e-5fc5-a863-4c9beabf3bad,20,20,በእነርሱ ፋንታ ወገኖች እንዲገቡ፥
2e5b4561-5bcf-57ed-a4fb-18382fc8e108,4de90f23-63a8-5c1b-aa1c-378dcc95478d,99a65249-f99e-5fc5-a863-4c9beabf3bad,21,21,መልካምን አድርግ እንጂ፥
5c1a8b81-9f2f-5c00-a29f-2469032cc8cd,4de90f23-63a8-5c1b-aa1c-378dcc95478d,99a65249-f99e-5fc5-a863-4c9beabf3bad,22,22,“እነሆ፥ ኀያሉ እግዚአብሔር በኀይሉ ያጸናል።
422bc9ef-660e-55da-ad63-ed98d712fe6f,4de90f23-63a8-5c1b-aa1c-378dcc95478d,99a65249-f99e-5fc5-a863-4c9beabf3bad,23,23,ሥራውንስ የሚመረምር ማን ነው?
c6a90649-fdc4-5698-ae7b-2b61caab306e,4de90f23-63a8-5c1b-aa1c-378dcc95478d,99a65249-f99e-5fc5-a863-4c9beabf3bad,24,24,ሰዎች ሊሠሩት ከሞከሩት በላይ፥
b6c21ba8-5614-54f3-a7b2-90bbbb8b0dcd,4de90f23-63a8-5c1b-aa1c-378dcc95478d,99a65249-f99e-5fc5-a863-4c9beabf3bad,25,25,ሰው ሁሉ ራሱ፥
c456a8ef-31c9-58ac-a346-ee2b79940541,4de90f23-63a8-5c1b-aa1c-378dcc95478d,99a65249-f99e-5fc5-a863-4c9beabf3bad,26,26,እነሆ፥ ኀያሉ እግዚአብሔር ታላቅ ነው፥ እኛም አናውቀውም፤
49e705f9-2298-5047-acc3-7fbbe4d4deaf,4de90f23-63a8-5c1b-aa1c-378dcc95478d,99a65249-f99e-5fc5-a863-4c9beabf3bad,27,27,የዝናቡም ነጠብጣቦች በእርሱ ይቈጠራሉ።
e5218a45-7f35-558c-aa62-fd725360b5f4,4de90f23-63a8-5c1b-aa1c-378dcc95478d,99a65249-f99e-5fc5-a863-4c9beabf3bad,28,28,የጥንቱ ይበቅላል።
c852b500-7536-5487-ae9d-7181c385718a,4de90f23-63a8-5c1b-aa1c-378dcc95478d,99a65249-f99e-5fc5-a863-4c9beabf3bad,29,29,አንድ ሰው የደመናውን መዘርጋት፥
e8433f1e-40bb-51d3-aacf-4f34178fc899,4de90f23-63a8-5c1b-aa1c-378dcc95478d,99a65249-f99e-5fc5-a863-4c9beabf3bad,30,30,እነሆ፥ በዙሪያው ብርሃኑን ይዘረጋል
fa543cdf-b771-58e7-aee8-1a74df29e751,4de90f23-63a8-5c1b-aa1c-378dcc95478d,99a65249-f99e-5fc5-a863-4c9beabf3bad,31,31,በእነዚህ በአሕዛብ ላይ ይፈርዳል፤
70cd12d3-2462-5d9d-a8a6-f66a169698d3,4de90f23-63a8-5c1b-aa1c-378dcc95478d,99a65249-f99e-5fc5-a863-4c9beabf3bad,32,32,በእጁ ብርሃንን ይሰውራል፥
db32fed9-09d4-5918-ab40-137e008cfceb,4de90f23-63a8-5c1b-aa1c-378dcc95478d,99a65249-f99e-5fc5-a863-4c9beabf3bad,33,33,ስለ እርሱም ወዳጁ፥
9a375aba-b07f-5bd5-adab-e92b3ac92373,52a4500e-c456-5769-ad43-d41edca636cd,44907ac7-a087-5643-a906-ecdacee65172,1,1,“ስለዚህም ልቤ ደነገጠችብኝ፥
7cad3104-416f-5b77-acc8-4affdf9053cf,52a4500e-c456-5769-ad43-d41edca636cd,44907ac7-a087-5643-a906-ecdacee65172,2,2,የእግዚአብሔርን የቍጣውን ድምፅ ስማ፥
b00e8a52-bac2-51e4-aa7d-18bee76e2329,52a4500e-c456-5769-ad43-d41edca636cd,44907ac7-a087-5643-a906-ecdacee65172,3,3,እርሱን ወደ ሰማያት ሁሉ ታች፥
a4b07fa4-e0f9-5d72-a514-9be0e4afb1c8,52a4500e-c456-5769-ad43-d41edca636cd,44907ac7-a087-5643-a906-ecdacee65172,4,4,በስተኋላው ድምፅ ይጮኻል፤
ca0983b9-e3d7-56ec-a31d-a9856600613d,52a4500e-c456-5769-ad43-d41edca636cd,44907ac7-a087-5643-a906-ecdacee65172,5,5,ኀያሉ እግዚአብሔር በድምፁ ድንቅ አድርጎ ያንጐደጕዳል፤
83e4838f-f6b1-5661-a8e1-56bac1a7385c,52a4500e-c456-5769-ad43-d41edca636cd,44907ac7-a087-5643-a906-ecdacee65172,6,6,በረዶውንና ውሽንፍሩን፥ ብርቱውንም ዝናብ
e45086d7-ba60-56af-aa89-69cae056699b,52a4500e-c456-5769-ad43-d41edca636cd,44907ac7-a087-5643-a906-ecdacee65172,7,7,ሰው ሁሉ ደካማነቱን ያውቅ ዘንድ፥
d1d7b42d-0920-5a56-ad32-a949bf4edcaa,52a4500e-c456-5769-ad43-d41edca636cd,44907ac7-a087-5643-a906-ecdacee65172,8,8,አውሬዎቹም ወደ ጫካው ይገባሉ፥
15009bbf-02ce-5717-ad55-0a0dc8daabbd,52a4500e-c456-5769-ad43-d41edca636cd,44907ac7-a087-5643-a906-ecdacee65172,9,9,ከተሰወረ ማደሪያውም ችግር፥
78337e7f-13b4-53a6-a42c-26e9d40da9bc,52a4500e-c456-5769-ad43-d41edca636cd,44907ac7-a087-5643-a906-ecdacee65172,10,10,ከኀያሉ እግዚአብሔር እስትንፋስ ውርጭ ይመጣል።
7fbcac05-db74-5445-a3d7-b10a383d8fc4,52a4500e-c456-5769-ad43-d41edca636cd,44907ac7-a087-5643-a906-ecdacee65172,11,11,የተመረጡትን በደመና ይሰውራል፤
acca93b3-4e7a-5e4d-a9c5-7358e3737149,52a4500e-c456-5769-ad43-d41edca636cd,44907ac7-a087-5643-a906-ecdacee65172,12,12,እርሱም ሰው በሚኖርበት ዓለም ላይ፥
a1f2ff3d-8911-5f95-a71e-8173cb9e5284,52a4500e-c456-5769-ad43-d41edca636cd,44907ac7-a087-5643-a906-ecdacee65172,13,13,ይኸውም፥ ለተግሣጽ
b85b8519-3a89-590d-a2a7-21bb83b039f2,52a4500e-c456-5769-ad43-d41edca636cd,44907ac7-a087-5643-a906-ecdacee65172,14,14,“ኢዮብ ሆይ፥ ይህን ስማ፤
66f07afd-3096-5b48-a30f-b79e866a432b,52a4500e-c456-5769-ad43-d41edca636cd,44907ac7-a087-5643-a906-ecdacee65172,15,15,እግዚአብሔር ሥራውን እንዳከናወነ
dab6000c-dace-5e46-ae1a-bc0a3f19f9cd,52a4500e-c456-5769-ad43-d41edca636cd,44907ac7-a087-5643-a906-ecdacee65172,16,16,የደመናትን ክፍሎች፥
1ccb9e31-2c93-5595-a5e2-5868c72651cd,52a4500e-c456-5769-ad43-d41edca636cd,44907ac7-a087-5643-a906-ecdacee65172,17,17,የአዜብ ነፋስ በተኮሰ ጊዜ ያንተ ልብስህ የሞቀ ነው።
c95f7593-5988-53b6-afac-265fbdbad067,52a4500e-c456-5769-ad43-d41edca636cd,44907ac7-a087-5643-a906-ecdacee65172,18,18,እንደ ቀለጠ መስተዋት
90325f6f-aee2-5311-ab1c-85bd08b25321,52a4500e-c456-5769-ad43-d41edca636cd,44907ac7-a087-5643-a906-ecdacee65172,19,19,ስለዚህ ንገረኝ! ምን እንለዋለን?
d1580a99-40ad-5eb3-a3a9-32f88c92323a,52a4500e-c456-5769-ad43-d41edca636cd,44907ac7-a087-5643-a906-ecdacee65172,20,20,“ሰው በእኔ ዘንድ ሲቆም ዝም እል ዘንድ፥
b940f762-e3bb-59aa-a98d-cfa442f3e63b,52a4500e-c456-5769-ad43-d41edca636cd,44907ac7-a087-5643-a906-ecdacee65172,21,21,“ብርሃን ለሁሉ የሚታይ አይደለም
28402764-88ea-5e5e-a0ec-05ff70b9d5bb,52a4500e-c456-5769-ad43-d41edca636cd,44907ac7-a087-5643-a906-ecdacee65172,22,22,ከሰሜን እንደ ወርቅ የሚያበራ ደመና ይወጣል፤
3795debf-71e1-55f4-aec5-b4a213bb98fc,52a4500e-c456-5769-ad43-d41edca636cd,44907ac7-a087-5643-a906-ecdacee65172,23,23,በኀይል ከእርሱ ጋር እኩል የሚሆን፥
f4951b94-e190-5050-a8b7-34458a426659,52a4500e-c456-5769-ad43-d41edca636cd,44907ac7-a087-5643-a906-ecdacee65172,24,24,ስለዚህ ሰዎች ይፈሩታል፤
8428b80e-0796-5793-a7fa-30892633dce5,5a566598-4fa4-5adf-ab5c-21b702270721,9bc27a2b-0562-58fb-ab3e-b231518976d3,1,1,ኤልዩስ ንግግሩን ካቆመ በኋላ እግዚአብሔር በደመናና በዐውሎ ነፋስ ውስጥ ሆኖ ኢዮብን ጠየቀው፤ እንዲህም አለው፦
c5ecf273-1ad2-5788-a4bc-0f55ccc246f7,5a566598-4fa4-5adf-ab5c-21b702270721,9bc27a2b-0562-58fb-ab3e-b231518976d3,2,2,“ከእኔ ምክርን የሚሸሽግ፥
5eeab786-e207-528b-a5c1-dcd811288abe,5a566598-4fa4-5adf-ab5c-21b702270721,9bc27a2b-0562-58fb-ab3e-b231518976d3,3,3,እንግዲህ እንደ ሰው ወገብህን ታጠቅ፤
763323d7-bab8-5010-afde-f120b8fdc4b8,5a566598-4fa4-5adf-ab5c-21b702270721,9bc27a2b-0562-58fb-ab3e-b231518976d3,4,4,ምድርን በመሠረትሁ ጊዜ አንተ ወዴት ነበርህ?
59dfe91a-6c74-513e-aab5-d919912d99b7,5a566598-4fa4-5adf-ab5c-21b702270721,9bc27a2b-0562-58fb-ab3e-b231518976d3,5,5,ብታውቅ መስፈሪያዋን የወሰነ፥
cee9dd04-77e6-5a8b-a6bc-5897b528280b,5a566598-4fa4-5adf-ab5c-21b702270721,9bc27a2b-0562-58fb-ab3e-b231518976d3,6,6,መሠረቶችዋ በምን ላይ ተተክለው ነበር?
3ba5071f-9b5d-5827-a5c1-9dafb512fec1,5a566598-4fa4-5adf-ab5c-21b702270721,9bc27a2b-0562-58fb-ab3e-b231518976d3,7,7,ከዋክብት በተፈጠሩ ጊዜ
ef350974-4eb1-5807-ae22-809590cd914c,5a566598-4fa4-5adf-ab5c-21b702270721,9bc27a2b-0562-58fb-ab3e-b231518976d3,8,8,ከእናቷ ማኅፀን በወጣች ጊዜ፥
4ca3975c-7d6b-5948-a258-149c9f5907bf,5a566598-4fa4-5adf-ab5c-21b702270721,9bc27a2b-0562-58fb-ab3e-b231518976d3,9,9,ደመናውን ልብስ አደረግሁላት።
3fc22057-59ee-5da0-ac09-0148a37ae1c3,5a566598-4fa4-5adf-ab5c-21b702270721,9bc27a2b-0562-58fb-ab3e-b231518976d3,10,10,ድንበርም አደረግሁላት።
bb12b8a2-2f78-53cd-ad17-5e42f7f7f4c5,5a566598-4fa4-5adf-ab5c-21b702270721,9bc27a2b-0562-58fb-ab3e-b231518976d3,11,11,እስከዚህ ድረስ ድረሺ፥ ከወሰንሽም አትለፊ፤
19b27088-3ff6-5b83-aaaf-5ce30420cb61,5a566598-4fa4-5adf-ab5c-21b702270721,9bc27a2b-0562-58fb-ab3e-b231518976d3,12,12,“የንጋት ወገግታ በአንተ ተፈጥሮአልን?
89afcdac-9b18-50c7-a7cf-871645d34c60,5a566598-4fa4-5adf-ab5c-21b702270721,9bc27a2b-0562-58fb-ab3e-b231518976d3,13,13,የምድርን ዳርቻ ይይዝ ዘንድ፥
9bb2552a-0d36-5f7e-a73f-e169d00b99dd,5a566598-4fa4-5adf-ab5c-21b702270721,9bc27a2b-0562-58fb-ab3e-b231518976d3,14,14,አንተ ጭቃውን ከመሬት ወስደህ
86f2db89-1cef-54f6-a93a-db3f12fdfbea,5a566598-4fa4-5adf-ab5c-21b702270721,9bc27a2b-0562-58fb-ab3e-b231518976d3,15,15,የኃጥኣንን ብርሃናቸውን ከልክለሃልን?
05877633-956f-57a2-ab21-9c4327b6e935,5a566598-4fa4-5adf-ab5c-21b702270721,9bc27a2b-0562-58fb-ab3e-b231518976d3,16,16,ወደ ባሕር ምንጭስ ውስጥ ገብተሃልን?
e03485b6-43bb-59bb-a15f-8c4edab284d6,5a566598-4fa4-5adf-ab5c-21b702270721,9bc27a2b-0562-58fb-ab3e-b231518976d3,17,17,ከግርማህስ የተነሣ የሞት በሮች ተከፍተውልሃልን?
485c4513-be9d-5f98-abe4-da51fdbb5606,5a566598-4fa4-5adf-ab5c-21b702270721,9bc27a2b-0562-58fb-ab3e-b231518976d3,18,18,ከሰማይ በታች ያለ የምድርንስ ስፋት አስተውለሃልን?
8803ca7e-9279-5b5b-a6b0-42fe7f39821c,5a566598-4fa4-5adf-ab5c-21b702270721,9bc27a2b-0562-58fb-ab3e-b231518976d3,19,19,“የብርሃን ማደርያው ቦታ የት ነው?
ea210333-86ae-5adb-a167-ebb0aa21a679,5a566598-4fa4-5adf-ab5c-21b702270721,9bc27a2b-0562-58fb-ab3e-b231518976d3,20,20,ትችል እንደ ሆነ፥
67d979bd-dfa4-5d2e-a09b-7ed3dcd2fdab,5a566598-4fa4-5adf-ab5c-21b702270721,9bc27a2b-0562-58fb-ab3e-b231518976d3,21,21,በዚያን ጊዜ ተወልደህ ነበርና፥
7e316921-37cb-54e1-ab28-7d6f69d74047,5a566598-4fa4-5adf-ab5c-21b702270721,9bc27a2b-0562-58fb-ab3e-b231518976d3,22,22,በውኑ ወደ በረዶው ቤተ መዛግብት ገብተሃልን?
132bfbb2-2e05-5c2a-a541-292a98959710,5a566598-4fa4-5adf-ab5c-21b702270721,9bc27a2b-0562-58fb-ab3e-b231518976d3,23,23,ይህስ በጠላትህ ጊዜ
d55b485e-20be-5d3f-aa0f-35cc36efc1be,5a566598-4fa4-5adf-ab5c-21b702270721,9bc27a2b-0562-58fb-ab3e-b231518976d3,24,24,አመዳይ ከየት ይወጣል?
5329feb5-ebac-5007-adee-2d9fb19b5355,5a566598-4fa4-5adf-ab5c-21b702270721,9bc27a2b-0562-58fb-ab3e-b231518976d3,25,25,ለኀይለኛው ዝናብ መውረጃውን፥
8e46f842-88dc-5637-ab70-5e2f815cdd58,5a566598-4fa4-5adf-ab5c-21b702270721,9bc27a2b-0562-58fb-ab3e-b231518976d3,26,26,ማንም በሌለበት ምድር ላይ፥
733b1b89-a99f-5b51-adc3-2f551512f553,5a566598-4fa4-5adf-ab5c-21b702270721,9bc27a2b-0562-58fb-ab3e-b231518976d3,27,27,ባድማውንና ውድማውን ያጠግብ ዘንድ፥
65d42d17-648a-523f-a635-d480a796e955,5a566598-4fa4-5adf-ab5c-21b702270721,9bc27a2b-0562-58fb-ab3e-b231518976d3,28,28,የዝናብ አባቱ ማን ነው?
06c11ae5-5bff-5302-a954-21677ffa6e82,5a566598-4fa4-5adf-ab5c-21b702270721,9bc27a2b-0562-58fb-ab3e-b231518976d3,29,29,በረዶስ ከማን ማኅፀን ይወጣል?
bafd1d05-4434-57aa-a849-858d7ce33d4e,5a566598-4fa4-5adf-ab5c-21b702270721,9bc27a2b-0562-58fb-ab3e-b231518976d3,30,30,እርሱም እንደ ፈሳሽ ውኃ ይወርዳል።
98bdf5b3-faba-521b-af82-f4d32044750b,5a566598-4fa4-5adf-ab5c-21b702270721,9bc27a2b-0562-58fb-ab3e-b231518976d3,31,31,“በውኑ የሰባቱን ከዋክብት ዘለላ ታስር ዘንድ፥
825e08da-3660-54a0-ad08-4eb59df9b50b,5a566598-4fa4-5adf-ab5c-21b702270721,9bc27a2b-0562-58fb-ab3e-b231518976d3,32,32,ወይስ ማዛሮት የሚባሉትን ከዋክብት በጊዜያቸው ታወጣ ዘንድ፥
a0f00373-e2ad-5b17-a32f-a4c4d51eb923,5a566598-4fa4-5adf-ab5c-21b702270721,9bc27a2b-0562-58fb-ab3e-b231518976d3,33,33,የሰማይን ሥርዐት፥
730aa268-9381-5a40-a12d-59d2c916b5bd,5a566598-4fa4-5adf-ab5c-21b702270721,9bc27a2b-0562-58fb-ab3e-b231518976d3,34,34,ደመናውን በቃልህ ትጠራዋለህን?
5b08ac63-4e3f-5ffa-a3b3-012fe24334fa,5a566598-4fa4-5adf-ab5c-21b702270721,9bc27a2b-0562-58fb-ab3e-b231518976d3,35,35,መብረቁን ትልከዋለህን? እርሱስ ይሄዳልን?
ef46b014-3bcf-5513-a6d8-b8c30613b24a,5a566598-4fa4-5adf-ab5c-21b702270721,9bc27a2b-0562-58fb-ab3e-b231518976d3,36,36,ለሴቶች የፈትልን ጥበብና
38365ebe-bbbc-5255-a0fe-27ed17a46912,5a566598-4fa4-5adf-ab5c-21b702270721,9bc27a2b-0562-58fb-ab3e-b231518976d3,37,37,የሰማይን ደመና በጥበቡ ሊቈጥር የሚችል ማን ነው?
979c8df9-e97a-52f9-a0be-8d8d47f28445,5a566598-4fa4-5adf-ab5c-21b702270721,9bc27a2b-0562-58fb-ab3e-b231518976d3,38,38,እንደ ትቢያ በምድር ተዘርግቷል፤
2d099ba2-c35b-54b3-a153-15edbb91d587,5a566598-4fa4-5adf-ab5c-21b702270721,9bc27a2b-0562-58fb-ab3e-b231518976d3,39,39,“ለአንበሳዪቱ አደን ታድናለህን?
1ab5d10d-1224-531b-a44f-3fe4b22615ea,5a566598-4fa4-5adf-ab5c-21b702270721,9bc27a2b-0562-58fb-ab3e-b231518976d3,40,40,በዋሾቻቸው ውስጥ ተጋድመው
336284d7-2950-5085-a0c4-7d898c39cd90,5a566598-4fa4-5adf-ab5c-21b702270721,9bc27a2b-0562-58fb-ab3e-b231518976d3,41,41,ልጆቹ ወደ እግዚአብሔር ሲጮኹ፥
fac06826-e293-50be-a449-2c4c3a341bc1,2f79fb9f-b562-5d11-a95f-ec3a16584201,8d524c66-38f3-5f8c-acfb-c0931bd944c3,1,1,“ዋልያ የምትወልድበትን ጊዜ ታውቃለህን?
38c85c13-a9b9-5b69-ab6f-57ef58cea263,2f79fb9f-b562-5d11-a95f-ec3a16584201,8d524c66-38f3-5f8c-acfb-c0931bd944c3,2,2,እርስዋ የምትወልድበትንስ ሙሉ ወራት ትቈጥራለህን?
16714943-b344-5024-a1b0-cdf16ccb6755,2f79fb9f-b562-5d11-a95f-ec3a16584201,8d524c66-38f3-5f8c-acfb-c0931bd944c3,3,3,ልጆቻቸውንስ ያለ ፍርሃት አሳድገሃልን?
649b3ecd-809d-5ac4-a85d-cccba79eb465,2f79fb9f-b562-5d11-a95f-ec3a16584201,8d524c66-38f3-5f8c-acfb-c0931bd944c3,4,4,ልጆቻቸው ያመልጣሉ።
c967c7bd-764c-5c6a-a7a6-04e871461c85,2f79fb9f-b562-5d11-a95f-ec3a16584201,8d524c66-38f3-5f8c-acfb-c0931bd944c3,5,5,“የሜዳውንስ አህያ ነጻነት ማን አወጣው?
ff06f370-030d-59cd-a136-5266c2b0b60d,2f79fb9f-b562-5d11-a95f-ec3a16584201,8d524c66-38f3-5f8c-acfb-c0931bd944c3,6,6,በረሃውን ለእርሱ ቤት፥
9970b0d5-e97d-5870-a4b2-bbf5bb61a64d,2f79fb9f-b562-5d11-a95f-ec3a16584201,8d524c66-38f3-5f8c-acfb-c0931bd944c3,7,7,በከተማው ሕዝብ ውካታ ይዘብታል፤
35fef261-6707-5432-aec9-e87bb7207feb,2f79fb9f-b562-5d11-a95f-ec3a16584201,8d524c66-38f3-5f8c-acfb-c0931bd944c3,8,8,ተራራውን እንደ መሰምሪያው ይመለከተዋል፥
b8f96c1c-4f23-514a-a462-8d2631e1a46e,2f79fb9f-b562-5d11-a95f-ec3a16584201,8d524c66-38f3-5f8c-acfb-c0931bd944c3,9,9,“ጎሽ ያገለግልህ ዘንድ ይፈቅዳልን?
f5407782-1faa-500a-a5de-455ac4b0bec5,2f79fb9f-b562-5d11-a95f-ec3a16584201,8d524c66-38f3-5f8c-acfb-c0931bd944c3,10,10,በቀንበር ትጠምደዋለህን?
3718aab9-8b6c-5b1d-a1e7-3acc41c318c0,2f79fb9f-b562-5d11-a95f-ec3a16584201,8d524c66-38f3-5f8c-acfb-c0931bd944c3,11,11,ጕልበቱስ ብርቱ ስለሆነ ትታመነዋለህን?
01e14edb-d011-5df3-abf9-a5886cbee971,2f79fb9f-b562-5d11-a95f-ec3a16584201,8d524c66-38f3-5f8c-acfb-c0931bd944c3,12,12,ዘርህንስ ይመልስልህ ዘንድ፥
42144678-487e-5c70-acc2-28f495f8964a,2f79fb9f-b562-5d11-a95f-ec3a16584201,8d524c66-38f3-5f8c-acfb-c0931bd944c3,13,13,“ሰጎን ክንፍዋን በደስታ ታንቀሳቅሳለች፥
428ee75f-90af-5f31-a27b-da712151dbb4,2f79fb9f-b562-5d11-a95f-ec3a16584201,8d524c66-38f3-5f8c-acfb-c0931bd944c3,14,14,ዕንቍላልን በመሬት ላይ ትጥላለች፥
1987bede-cbd5-5b65-a030-2fcf9af6243c,2f79fb9f-b562-5d11-a95f-ec3a16584201,8d524c66-38f3-5f8c-acfb-c0931bd944c3,15,15,እግር ይሰብረው ዘንድ፥
a773adcd-0b85-5a47-a101-94a8ef4e0bc9,2f79fb9f-b562-5d11-a95f-ec3a16584201,8d524c66-38f3-5f8c-acfb-c0931bd944c3,16,16,የእርስዋ እንዳልሆኑ በልጆችዋ ላይ ትጨክናለች፤
3e37faed-9e13-5e35-a320-61ef4366e089,2f79fb9f-b562-5d11-a95f-ec3a16584201,8d524c66-38f3-5f8c-acfb-c0931bd944c3,17,17,እግዚአብሔር ጥበብን ከእርስዋ ከልክሎአልና፥
764053d3-e8b3-5717-a965-95d5af7d92fc,2f79fb9f-b562-5d11-a95f-ec3a16584201,8d524c66-38f3-5f8c-acfb-c0931bd944c3,18,18,በዘመንዋ ወደ ላይ ራስዋን ከፍ ከፍ ታደርጋለች፥
18c4b2c3-494d-5ec4-a4c2-46302eb27f01,2f79fb9f-b562-5d11-a95f-ec3a16584201,8d524c66-38f3-5f8c-acfb-c0931bd944c3,19,19,“ለፈረስ አንተ ጕልበቱን ሰጥተኸዋልን?
59e80db8-779f-5b2c-a9f1-6b138beec4d2,2f79fb9f-b562-5d11-a95f-ec3a16584201,8d524c66-38f3-5f8c-acfb-c0931bd944c3,20,20,በፍጹም የጦር መሣሪያ አስጊጠኸዋልን?
6c983e79-ce59-5ffe-ab54-0768993cfce0,2f79fb9f-b562-5d11-a95f-ec3a16584201,8d524c66-38f3-5f8c-acfb-c0931bd944c3,21,21,በኮቴው በሸለቆው ውስጥ ይጐደፍራል፥
2ba4fec3-f2fd-5486-a4d5-4a50a193e968,2f79fb9f-b562-5d11-a95f-ec3a16584201,8d524c66-38f3-5f8c-acfb-c0931bd944c3,22,22,በሚገናኘው ፍላጻ ላይ ይስቃል።
d8182aac-5954-5ae4-a16b-25c154bc6cb8,2f79fb9f-b562-5d11-a95f-ec3a16584201,8d524c66-38f3-5f8c-acfb-c0931bd944c3,23,23,ቀስትና ጦር በእርሱ ላይ ይበረታሉ፥
12c7204b-df44-5899-a1cf-3886640a87b5,2f79fb9f-b562-5d11-a95f-ec3a16584201,8d524c66-38f3-5f8c-acfb-c0931bd944c3,24,24,በቍጣውም መሬትን ያጠፋል፤
ab2e09c8-43fc-5407-acea-f9db2a1af827,2f79fb9f-b562-5d11-a95f-ec3a16584201,8d524c66-38f3-5f8c-acfb-c0931bd944c3,25,25,የመለከትም ድምፅ ሲሰማ፦ እሰይ ይላል፤
3d9d861e-d883-5af9-a076-ae1e53d72648,2f79fb9f-b562-5d11-a95f-ec3a16584201,8d524c66-38f3-5f8c-acfb-c0931bd944c3,26,26,“በውኑ ከጥበብህ የተነሣ ጭልፊት ያንዣብባልን?
e3f4c920-f0af-5479-a9c8-eeb69ba38431,2f79fb9f-b562-5d11-a95f-ec3a16584201,8d524c66-38f3-5f8c-acfb-c0931bd944c3,27,27,በአፍህ ትእዛዝ ንስር ከፍ ከፍ ይላልን?
f03e169e-b53c-5164-a155-ee2145eb1c30,2f79fb9f-b562-5d11-a95f-ec3a16584201,8d524c66-38f3-5f8c-acfb-c0931bd944c3,28,28,በዓለቱ ገደል ላይ ይኖራል፤
58253c85-aa68-551e-a341-245e7c6b7e17,2f79fb9f-b562-5d11-a95f-ec3a16584201,8d524c66-38f3-5f8c-acfb-c0931bd944c3,29,29,በዚያም ሆኖ የሚበላውን ይፈልጋል፤
76a82005-fdfa-5522-ab65-b9bd89417ced,2f79fb9f-b562-5d11-a95f-ec3a16584201,8d524c66-38f3-5f8c-acfb-c0931bd944c3,30,30,ጫጭቶቹም ወደ ደም ይሮጣሉ፥
04d8b859-032a-58f9-ab6b-360b24d580a6,0c721fe2-01ce-5f2d-a2c8-912cdac50abc,39a29c43-bc4a-5c81-ae78-190ada27d38b,1,1,እግዚአብሔርም መለሰ፥ ኢዮብንም እንዲህ አለው፦
9026f836-1fb7-59e4-ae14-0e0cf2f3f1df,0c721fe2-01ce-5f2d-a2c8-912cdac50abc,39a29c43-bc4a-5c81-ae78-190ada27d38b,2,2,“በውኑ የሚከራከር ሰው
c3e81256-b4a8-567b-a05e-851ebb66d84b,0c721fe2-01ce-5f2d-a2c8-912cdac50abc,ee1756f3-e491-510d-ad2e-61b3c51bed3b,1,3,ኢዮብም መለሰ፥ እግዚአብሔርንም እንዲህ አለው፦
0f61d216-4d4e-5f11-aabe-a4e4766184da,0c721fe2-01ce-5f2d-a2c8-912cdac50abc,ee1756f3-e491-510d-ad2e-61b3c51bed3b,2,4,“አንተ ስታስተምረኝ እኔ የምመልሰው ምን አለኝ?
38a9003a-a09b-57d0-a774-ee0e0014b98a,0c721fe2-01ce-5f2d-a2c8-912cdac50abc,ee1756f3-e491-510d-ad2e-61b3c51bed3b,3,5,አንድ ጊዜ ተናገርሁ፥
cbc69dd8-977a-5edc-ac64-348d57c7d937,0c721fe2-01ce-5f2d-a2c8-912cdac50abc,703a2768-6cfe-57ec-a925-52e0438b8e3d,1,6,እግዚአብሔርም እንደገና በደመና ውስጥ ሆኖ ለኢዮብ መለሰለት፥ እንዲህም አለ፦
4b13920b-c7fc-5e1f-a010-377ca7fa05a0,0c721fe2-01ce-5f2d-a2c8-912cdac50abc,703a2768-6cfe-57ec-a925-52e0438b8e3d,2,7,“እንግዲህ እንደ ወንድ ወገብህን ታጠቅ፤
47e384ce-103d-5b79-a686-6519b8e0e457,0c721fe2-01ce-5f2d-a2c8-912cdac50abc,703a2768-6cfe-57ec-a925-52e0438b8e3d,3,8,ወይም ፍርዴን መቃወምህን ተው፥
9fe63f95-c41d-5e0c-a752-5eb31397232c,0c721fe2-01ce-5f2d-a2c8-912cdac50abc,703a2768-6cfe-57ec-a925-52e0438b8e3d,4,9,እንደ እግዚአብሔር ክንድ ያለ ክንድ አለህን?
2a5ea748-7003-59e6-acc5-2ec72257c83a,0c721fe2-01ce-5f2d-a2c8-912cdac50abc,703a2768-6cfe-57ec-a925-52e0438b8e3d,5,10,እስኪ ልዕልናንና ኀይልን ተላበስ፤
cbe1f7c9-5bcf-5b4a-a883-46d68233ccee,0c721fe2-01ce-5f2d-a2c8-912cdac50abc,703a2768-6cfe-57ec-a925-52e0438b8e3d,6,11,የቍጣህን መላእክት ላክ፤
eb92202c-6c0b-59e2-aaa8-96ab467cd29e,0c721fe2-01ce-5f2d-a2c8-912cdac50abc,703a2768-6cfe-57ec-a925-52e0438b8e3d,7,12,ትዕቢተኛውን ሰው ዝቅ ዝቅ አድርገው፤
652554a1-3c80-5d97-a4c3-00d2fc72ecf0,0c721fe2-01ce-5f2d-a2c8-912cdac50abc,703a2768-6cfe-57ec-a925-52e0438b8e3d,8,13,በአፈር ውስጥ በአንድነት ሰውራቸው፤
b0d2295d-77b9-5339-afb6-c75f188209a1,0c721fe2-01ce-5f2d-a2c8-912cdac50abc,703a2768-6cfe-57ec-a925-52e0438b8e3d,9,14,በዚያን ጊዜ ቀኝ እጅህ ታድንህ ዘንድ እንድትችል፥
dc0b7445-e3ac-5f08-a93d-385a9907f96d,0c721fe2-01ce-5f2d-a2c8-912cdac50abc,703a2768-6cfe-57ec-a925-52e0438b8e3d,10,15,“እነሆ፥ በአንተ ዘንድ የዱር አውሬ አለ፤
597a40cd-fb7a-54fd-add3-71b4a2a1e9b9,0c721fe2-01ce-5f2d-a2c8-912cdac50abc,703a2768-6cfe-57ec-a925-52e0438b8e3d,11,16,እነሆ፥ ብርታቱ በወገቡ ውስጥ ነው፤
b7a94371-249e-55cf-af9c-934ab0f98fc0,0c721fe2-01ce-5f2d-a2c8-912cdac50abc,703a2768-6cfe-57ec-a925-52e0438b8e3d,12,17,ጅራቱን እንደ ጥድ ዛፍ ያወዛውዛል፤
d5982266-e1cf-5d2d-acf2-1d827e5264de,0c721fe2-01ce-5f2d-a2c8-912cdac50abc,703a2768-6cfe-57ec-a925-52e0438b8e3d,13,18,የጐድን አጥንቱ እንደ ናስ ነው፤
16bbdbbb-e7fa-5da0-aada-61a6209ff6c1,0c721fe2-01ce-5f2d-a2c8-912cdac50abc,703a2768-6cfe-57ec-a925-52e0438b8e3d,14,19,ይህ የእግዚአብሔር የፍጥረቱ አውራ ነው።
2777986e-1738-5622-aed4-d33f00abee26,0c721fe2-01ce-5f2d-a2c8-912cdac50abc,703a2768-6cfe-57ec-a925-52e0438b8e3d,15,20,ወደ ረዥም ተራራ በወጣ ጊዜም
18b3f5ec-e021-5bdb-a726-ff9fdc90b0f1,0c721fe2-01ce-5f2d-a2c8-912cdac50abc,703a2768-6cfe-57ec-a925-52e0438b8e3d,16,21,ጥላ ካለው ዛፍ በታች፥ በደንገል፥
86efefd0-55cb-556d-aeab-273429ae9c42,0c721fe2-01ce-5f2d-a2c8-912cdac50abc,703a2768-6cfe-57ec-a925-52e0438b8e3d,17,22,ጥላ ያለው ዛፍ በጥላው ይሰውረዋል፤
659faa83-b20b-5005-a564-d5a61a20b485,0c721fe2-01ce-5f2d-a2c8-912cdac50abc,703a2768-6cfe-57ec-a925-52e0438b8e3d,18,23,እነሆ፥ ወንዙ ቢጐርፍ አይደነግጥም፤
c31399a2-5816-5530-a838-184a388c2c5c,0c721fe2-01ce-5f2d-a2c8-912cdac50abc,703a2768-6cfe-57ec-a925-52e0438b8e3d,19,24,ዐይኑ እያየ በገመድ ይያዛልን?
cb3df4a6-d4a5-5155-a2dd-811b87b0a6a4,0c721fe2-01ce-5f2d-a2c8-912cdac50abc,703a2768-6cfe-57ec-a925-52e0438b8e3d,20,25,“በውኑ ዘንዶውን በመቃጥን ታወጣለህን?
8082318f-c513-5c3b-a651-1a32f5c4b3b8,0c721fe2-01ce-5f2d-a2c8-912cdac50abc,703a2768-6cfe-57ec-a925-52e0438b8e3d,21,26,ወይስ ስናጋ በጕንጩ ታደርጋለህን?
a5a4c048-0a97-50fa-ab5d-7909aefb3b5b,0c721fe2-01ce-5f2d-a2c8-912cdac50abc,703a2768-6cfe-57ec-a925-52e0438b8e3d,22,27,በውኑ ወደ አንተ እጅግ ይለምናልን?
0cb30f1f-cdc8-5794-a14a-0a92b818990c,0c721fe2-01ce-5f2d-a2c8-912cdac50abc,703a2768-6cfe-57ec-a925-52e0438b8e3d,23,28,በውኑ ከአንተ ጋር ቃል ኪዳን ይገባልን?
bd17a8ce-d9a0-5cf4-a098-02724b6a8652,0c721fe2-01ce-5f2d-a2c8-912cdac50abc,703a2768-6cfe-57ec-a925-52e0438b8e3d,24,29,ከዎፍ ጋር እንደምትጫወት ከእርሱ ጋር ትጫወታለህን?
68dbae9a-2eda-5cb7-a5a5-b353b7b4e970,0c721fe2-01ce-5f2d-a2c8-912cdac50abc,703a2768-6cfe-57ec-a925-52e0438b8e3d,25,30,አሕዛብ ይመገቡታልን?
d91726a5-540e-59ff-a011-c0d77a0a2cbd,0c721fe2-01ce-5f2d-a2c8-912cdac50abc,703a2768-6cfe-57ec-a925-52e0438b8e3d,26,31,ጀልባዎች ሁሉ ቢሰበሰቡ የጅራቱን ቍርበት ሊሸከሙት አይችሉም።
9f7f165c-73be-5be3-a0eb-e80a1d09ab3e,0c721fe2-01ce-5f2d-a2c8-912cdac50abc,703a2768-6cfe-57ec-a925-52e0438b8e3d,27,32,እጅህን በላዩ ጫን፤
88b4ec57-4df3-5636-a4ec-1d38975bf295,d75ecf61-404d-50d8-aabd-ba8b5ed05140,07741001-cb1b-5655-a194-c5fcef6908f1,1,1,አትፈራምን? ለእኔ አዘጋጅተሃልና።
b8d4a85c-60aa-5541-a844-03ec2ec4ff0d,d75ecf61-404d-50d8-aabd-ba8b5ed05140,07741001-cb1b-5655-a194-c5fcef6908f1,2,2,የሚከራከረኝና በሕይወት የሚኖርስ ማን ነው?
f2329595-10d8-5f63-ace2-727986bce975,d75ecf61-404d-50d8-aabd-ba8b5ed05140,07741001-cb1b-5655-a194-c5fcef6908f1,3,3,ስለ እርሱ ዝም አልልም፥
40c2a3a6-9267-5e1b-a87c-b85562b04689,d75ecf61-404d-50d8-aabd-ba8b5ed05140,07741001-cb1b-5655-a194-c5fcef6908f1,4,4,የፊቱን መጋረጃ ማን ይገልጣል?
69983640-89c6-5e37-a962-dd146fc17f8e,d75ecf61-404d-50d8-aabd-ba8b5ed05140,07741001-cb1b-5655-a194-c5fcef6908f1,5,5,የፊቱንስ ደጆች የሚከፍት ማን ነው?
6615dab3-3620-5a24-ac71-f2d5f0b6820c,d75ecf61-404d-50d8-aabd-ba8b5ed05140,07741001-cb1b-5655-a194-c5fcef6908f1,6,6,አንጀቶቹ የናስ አራዊት ናቸው፤
24198d8c-3710-593b-a7f4-0b9c80e1d61e,d75ecf61-404d-50d8-aabd-ba8b5ed05140,07741001-cb1b-5655-a194-c5fcef6908f1,7,7,እርስ በርሳቸው የተጣበቁ ናቸውና፥
86063e0b-917e-596b-ab0b-bf4673c023e6,d75ecf61-404d-50d8-aabd-ba8b5ed05140,07741001-cb1b-5655-a194-c5fcef6908f1,8,8,ሰውን ከወንድሙ ጋር አንድ ያደርጋል፤
2c78052b-3bbc-5c4b-adf1-e61935ac5ac8,d75ecf61-404d-50d8-aabd-ba8b5ed05140,07741001-cb1b-5655-a194-c5fcef6908f1,9,9,እንጥሽታው ብልጭታን ያወጣል፥
9f6605e9-e444-5433-ad83-1e9c2c0628ff,d75ecf61-404d-50d8-aabd-ba8b5ed05140,07741001-cb1b-5655-a194-c5fcef6908f1,10,10,ከአፉ የሚቃጠል መብራት ይወጣል
c3d0a47c-1e13-52b7-ab6a-52f6bd2f1091,d75ecf61-404d-50d8-aabd-ba8b5ed05140,07741001-cb1b-5655-a194-c5fcef6908f1,11,11,የከሰል እሳት እንደሚቃጠልበት ምድጃ
bbd21374-8c27-5919-ab0f-9183fa2f6148,d75ecf61-404d-50d8-aabd-ba8b5ed05140,07741001-cb1b-5655-a194-c5fcef6908f1,12,12,እስትንፋሱ እንደ ፍም ናት።
25287671-7d00-5b0c-a9b3-5d16ae25bbf4,d75ecf61-404d-50d8-aabd-ba8b5ed05140,07741001-cb1b-5655-a194-c5fcef6908f1,13,13,በአንገቱ ኀይል ታድራለች፤
f84a60a4-d94b-5a95-a922-d60927788073,d75ecf61-404d-50d8-aabd-ba8b5ed05140,07741001-cb1b-5655-a194-c5fcef6908f1,14,14,የአካሉ ሥጋም የተነባበረ ነው፤
67033cae-85d7-598a-a396-07d56d56eff5,d75ecf61-404d-50d8-aabd-ba8b5ed05140,07741001-cb1b-5655-a194-c5fcef6908f1,15,15,ልቡ እንደ ዋሻ ድንጋይ የደነደነ ነው፤
e3ddc5c2-2db5-536d-ab25-c36d4ae27964,d75ecf61-404d-50d8-aabd-ba8b5ed05140,07741001-cb1b-5655-a194-c5fcef6908f1,16,16,በተመለሰም ጊዜ አራዊትና እንስሳ ይፈራሉ፥
c7aef97c-ee76-59c9-a827-e430f1bcd287,d75ecf61-404d-50d8-aabd-ba8b5ed05140,07741001-cb1b-5655-a194-c5fcef6908f1,17,17,ሰይፍና ጦር፥ ፍላጻና መውጊያም ቢያገኙት
7d67e097-7ae4-50f5-ade7-7e7bf0cb2c18,d75ecf61-404d-50d8-aabd-ba8b5ed05140,07741001-cb1b-5655-a194-c5fcef6908f1,18,18,በእርሱ ዘንድ መውጊያና የብረት ልብስ እንደ ገለባ ናቸው።
ac381703-3bc5-59f7-ae1e-66dfdd852113,d75ecf61-404d-50d8-aabd-ba8b5ed05140,07741001-cb1b-5655-a194-c5fcef6908f1,19,19,የናስ ፍላጻ ሊበሳው አይችልም፤
6b3592c6-45fb-5880-a523-aeca9469b140,d75ecf61-404d-50d8-aabd-ba8b5ed05140,07741001-cb1b-5655-a194-c5fcef6908f1,20,20,ድጅኖ ቀሰም ይመስለዋል
acdfc6a4-e482-5f7c-a9b6-88c247205cdb,d75ecf61-404d-50d8-aabd-ba8b5ed05140,07741001-cb1b-5655-a194-c5fcef6908f1,21,21,መኝታው እንደ ስለታም ድንጋይ ነው፤
5770efb1-2155-5fa4-a3d7-53d72a317bdd,d75ecf61-404d-50d8-aabd-ba8b5ed05140,07741001-cb1b-5655-a194-c5fcef6908f1,22,22,ቀላይዋን እንደ ብረት ድስት ያፈላታል፤
7af5112c-d586-51f9-a258-b3bc5aac7d69,d75ecf61-404d-50d8-aabd-ba8b5ed05140,07741001-cb1b-5655-a194-c5fcef6908f1,23,23,የሲኦልም ጥልቀት እንደ ምርኮ ነው።
66435c69-bde8-52ef-a72a-e1b40351aff7,d75ecf61-404d-50d8-aabd-ba8b5ed05140,07741001-cb1b-5655-a194-c5fcef6908f1,24,24,በተፈጠረ ጊዜ መላእክቴ የሣቁበት፥
22502c9c-db8d-566b-ac23-8d4c46ccb32f,d75ecf61-404d-50d8-aabd-ba8b5ed05140,07741001-cb1b-5655-a194-c5fcef6908f1,25,25,ከፍ ያለውን ሁሉ ይመለከታል፤
0cbd6906-9a4d-563d-a685-d55f3b2124eb,84413c86-ae6b-52f8-af26-b0bd09b172cb,38853764-ee8e-5fef-add9-4eee92cdbcad,1,1,ኢዮብም መለሰ፥ እግዚአብሔርንም እንዲህ አለው፦
4eac8dce-be95-5b5d-ac10-bd5e06fb3b93,84413c86-ae6b-52f8-af26-b0bd09b172cb,38853764-ee8e-5fef-add9-4eee92cdbcad,2,2,“ሁሉን ታደርግ ዘንድ ቻይ እንደ ሆንህ፥ የሚሳንህም እንደሌለ ዐወቅሁ።
0cc6defa-e8d9-5fb0-ae3d-1a8ac2c38f7f,84413c86-ae6b-52f8-af26-b0bd09b172cb,38853764-ee8e-5fef-add9-4eee92cdbcad,3,3,ምክርን ከአንተ የሚሰውር፥ ቃሉንም ከአንተ የሚሸልግና የሚሸሽግ የሚመስለው ማን ነው? የማላስተውለውንና የማላውቀውንም ታላቅና ድንቅ ነገር የሚነግረኝ ማን ነው?
0c40935b-454b-5c53-a10a-8e79ba8f35c8,84413c86-ae6b-52f8-af26-b0bd09b172cb,38853764-ee8e-5fef-add9-4eee92cdbcad,4,4,“ጌታ ሆይ፥ እባክህ፥ ስማኝ፥ እኔም ልናገር፤ እጠይቅህማለሁ፥ አንተም አስተምረኝ።
b320f582-1170-5fa5-a8cc-38ef3a96cdc6,84413c86-ae6b-52f8-af26-b0bd09b172cb,38853764-ee8e-5fef-add9-4eee92cdbcad,5,5,መስማትንስ ስለ አንተ ቀድሞ በጆሮዬ ሰምቼ ነበር፤ አሁን ግን ዐይኔ አየችህ፤
919cbbb6-3836-5e3f-abd9-059f85996b51,84413c86-ae6b-52f8-af26-b0bd09b172cb,38853764-ee8e-5fef-add9-4eee92cdbcad,6,6,ስለዚህ ራሴን እንቃለሁ፤ ሰውነቴም ቀለጠ። እኔ አፈርና አመድ እንደ ሆንሁ አውቃለሁ።”
d156c2c7-c351-5b33-aa8e-96807aa32747,84413c86-ae6b-52f8-af26-b0bd09b172cb,3a82be6f-599a-572b-a976-d5c582652617,1,7,እግዚአብሔርም ይህን ቃል ለኢዮብ ከተናገረ በኋላ እግዚአብሔር ቴማናዊውን ኤልፋዝን እንዲህ አለው፥ “እንደ ባሪያዬ እንደ ኢዮብ አንዲት ቅን ነገርን በፊቴ አልተናገራችሁምና አንተና ሁለቱ ባልንጀሮችህ በድላችኋል።
d0889437-404d-5e2a-ab2b-719076365816,84413c86-ae6b-52f8-af26-b0bd09b172cb,3a82be6f-599a-572b-a976-d5c582652617,2,8,አሁን እንግዲህ ሰባት ወይፈኖችንና ሰባት አውራ በጎችን ይዛችሁ ወደ ባሪያዬ ወደ ኢዮብ ዘንድ ሂዱ፥ እርሱም የሚቃጠልን መሥዋዕት ስለ ራሳችሁ ያሳርግላችሁ። ባሪያዬም ኢዮብ ስለ እናንተ ይጸልይ፥ እኔም ፊቱን እቀበላለሁ። ስለ እርሱ ባይሆን ባጠፋኋችሁ ነበር። በባሪያዬ በኢዮብ ላይ ቅን ነገርን በፊቴ አልተናገራችሁምና።”
559297cd-7ae3-55f0-a74b-e4a90612ae6a,84413c86-ae6b-52f8-af26-b0bd09b172cb,3a82be6f-599a-572b-a976-d5c582652617,3,9,ቴማናዊውም ኤልፋዝ፥ አውኬናዊው በልዳዶስና፥ አሜናዊው ሶፋር ሄደው እግዚአብሔር እንዳዘዛቸው አደረጉ፤ ስለ ኢዮብም ሲል ኀጢአታቸውን ይቅር አላቸው።
2428fb22-9166-5d7e-a81f-7f117fe90e2f,84413c86-ae6b-52f8-af26-b0bd09b172cb,48f58ee1-b0d3-5be5-af17-c19673b9bedf,1,10,እግዚአብሔርም ኢዮብን አዳነው። ኢዮብም ስለ ወዳጆቹ ጸለየ፥ እግዚአብሔርም ኀጢአታቸውን ተወላቸው፤ እግዚአብሔርም ቀድሞ በነበረው ገንዘቡ ሁሉ ፋንታ ሁለት እጥፍ ከዚያም በላይ አድርጎ ለኢዮብ ሰጠው።
eac9b7ca-60a8-57bf-a515-473a3a969cb7,84413c86-ae6b-52f8-af26-b0bd09b172cb,48f58ee1-b0d3-5be5-af17-c19673b9bedf,2,11,ወንድሞቹና እኅቶቹ ቀድሞም ያውቁት የነበሩት ሁሉ የሆነውን ሁሉ በሰሙ ጊዜ ወደ እርሱ መጡ፥ በቤቱም ከእርሱ ጋር እንጀራ በሉ፥ ጠጡም፤ አጽናኑትም፤ እግዚአብሔርም ባመጣበት ክፉ ነገር ሁሉ አደነቁ፤ እያንዳንዳቸውም ጥማድ በሬ፥ አራት ድራህማ የሚመዝን ወርቅና ብር ሰጡት።
085a5f32-ec23-5415-aa14-52ec7f8893f2,84413c86-ae6b-52f8-af26-b0bd09b172cb,48f58ee1-b0d3-5be5-af17-c19673b9bedf,3,12,እግዚአብሔርም ከፊተኛው ይልቅ የኋለኛውን ለኢዮብ ባረከ፤ መንጋዎቹም ዐሥራ አራት ሺህ በጎች፥ ስድስት ሺህም ግመሎች፥ አንድ ሺህም ጥማድ በሬዎች፥ አንድ ሺህም እንስት አህዮች ነበሩ።
a5555ebd-6f51-5573-a98d-711d9207a129,84413c86-ae6b-52f8-af26-b0bd09b172cb,48f58ee1-b0d3-5be5-af17-c19673b9bedf,4,13,ደግሞም ሰባት ወንዶችና ሦስት ሴቶች ልጆች ተወለዱለት።
6ae2cae5-4bbd-5c99-a001-35e05b6c405e,84413c86-ae6b-52f8-af26-b0bd09b172cb,48f58ee1-b0d3-5be5-af17-c19673b9bedf,5,14,የመጀመሪያይቱን ስም ዕለት፥ የሁለተኛይቱንም ስም ቃስያ፥ የሦስተኛይቱንም ስም አማልትያስቂራስ ብሎ ሰየማቸው።
96a7c1ae-e761-586e-a191-f77064d0c85b,84413c86-ae6b-52f8-af26-b0bd09b172cb,48f58ee1-b0d3-5be5-af17-c19673b9bedf,6,15,ከሰማይ በታች እንደ ኢዮብ ሴቶች ልጆች ያሉ የተዋቡ ሴቶች በሀገሩ ሁሉ አልተገኙም፤ አባታቸውም ከወንድሞቻቸው ጋር ርስት ሰጣቸው።
37121e02-932b-5f9f-a694-c5e591aae7df,84413c86-ae6b-52f8-af26-b0bd09b172cb,48f58ee1-b0d3-5be5-af17-c19673b9bedf,7,16,ኢዮብም ከደዌው ከዳነ በኋላ መቶ ሰባ ዓመት ኖረ፥ ኢዮብም የኖረበት ዘመን ሁሉ ሁለት መቶ አርባ ነው። ልጆቹንና የልጅ ልጆቹንም እስከ አራት ትውልድ ድረስ አየ።
35804327-d1e6-5b85-ad68-08892925e4f3,84413c86-ae6b-52f8-af26-b0bd09b172cb,48f58ee1-b0d3-5be5-af17-c19673b9bedf,8,17,ኢዮብም ሸምግሎ ዕድሜም ጠግቦ ሞተ።
98034fd3-19d3-5a27-a2fd-689b6255c502,84413c86-ae6b-52f8-af26-b0bd09b172cb,48f58ee1-b0d3-5be5-af17-c19673b9bedf,9,18,እግዚአብሔር ከሚያነሣቸው ሰዎች ጋር ዳግመኛ እንደሚነሣ የተጻፈ ነው።
ab5cddae-db0e-510e-ac15-b325de855d79,84413c86-ae6b-52f8-af26-b0bd09b172cb,48f58ee1-b0d3-5be5-af17-c19673b9bedf,10,19,ይህ ሰው በሶርያው መጽሐፍ እንደዚህ ተገልጦአል። የኖረበትም ሀገሩ በኤዶምያስና በዐረብ አውራጃ ያለ አውስጢድ ነው።
408e2c38-0d18-57b7-a208-1ac2e3b4cfcd,84413c86-ae6b-52f8-af26-b0bd09b172cb,48f58ee1-b0d3-5be5-af17-c19673b9bedf,11,20,ስሙም ቀድሞ ኢዮባብ ነበረ፥ ዐረባዊት ሴትንም አገባ። ስሙ ሄኖን የሚባል ልጅንም ወለደችለት። እርሱም የኤሳው የልጅ ልጅ የዛራ ልጅ ነው። እናቱም ባሱራስ ትባል ነበር።
12a6f387-0798-5a82-abf3-10d35bc87f8b,84413c86-ae6b-52f8-af26-b0bd09b172cb,48f58ee1-b0d3-5be5-af17-c19673b9bedf,12,21,እርሱም ከአብርሃም አምስተኛ ነው። እርሱም በገዛት ሀገር በኤዶምያስ የነገሡ ነገሥታት እነዚህ ነበሩ።
e750b1e2-018d-56cf-a397-dc0e06a8a79d,84413c86-ae6b-52f8-af26-b0bd09b172cb,48f58ee1-b0d3-5be5-af17-c19673b9bedf,13,22,አስቀድሞ የነገሠ የቢዖር ልጅ ባላቅ ነው። የከተማዋም ስም ዲናባ ነበር።
5569df7e-be11-5376-a694-864b61bc108f,84413c86-ae6b-52f8-af26-b0bd09b172cb,48f58ee1-b0d3-5be5-af17-c19673b9bedf,14,23,ከባላቅም በኋላ ስሙ ኢዮብ ይባል የነበረው ኢዮባብ ነገሠ። ከእርሱም በኋላ በቴማን ሀገር የነገሠ አሶም ነበር።
bb9990ae-2942-5034-a933-ff117e6792a3,84413c86-ae6b-52f8-af26-b0bd09b172cb,48f58ee1-b0d3-5be5-af17-c19673b9bedf,15,24,ከእርሱም በኋላ በሞዓብ ምድረ በዳ የምድያምን ሰዎች የገደላቸው የበራድ ልጅ አዳድ ነበር፥ የከተማውም ስም ጌቴም ነበር።
43260cdf-27a4-5eee-ae56-ef70e8682b8c,84413c86-ae6b-52f8-af26-b0bd09b172cb,48f58ee1-b0d3-5be5-af17-c19673b9bedf,16,25,ወደ እርሱ የመጡ ወዳጆቹም አንዱ ከዔሳው ልጆች የተወለደ በቴማኖን የነገሠው ኤልፋዝ፥ በአውኪኒዮን የተሾመው በልዳዶስና የአሜኔዎን ንጉሥ ሶፋር ነበሩ።
96378cf9-4953-56a5-ae15-592968696d09,d72fa03a-1ab4-5023-aef0-736d4bad06d3,f640edb7-c655-5503-a66f-ec664e730176,1,1,ምስጉን ነው በክፉዎች ምክር ያልኼደ በኀጢአተኛዎችም መንገድ ያልቆመ በዋዘኛዎችም ወንበር ያልተቀ መጠ
56cf8615-e799-5a6b-a467-7bba7f2ac5a6,d72fa03a-1ab4-5023-aef0-736d4bad06d3,f640edb7-c655-5503-a66f-ec664e730176,2,2,ነገር ግን በእግዚአብሔር ሕግ ደስ ይለዋል ሕጉንም በቀንና በሌሊት ያስባል
7e0e7d41-c535-51b4-ac4d-78bbf7b741b1,d72fa03a-1ab4-5023-aef0-736d4bad06d3,f640edb7-c655-5503-a66f-ec664e730176,3,3,ርሱም በውሃ ፈሳሾች ዳር እንደ ተተከለች ፍሬዋን በየጊዜዋ እንደምትሰጥ ቅጠሏም እንደማይረግፍ ዛ ፍ ይኾናል የሚሠራውም ዅሉ ይከናወንለታል
c639a34b-ad20-5f45-a194-5fe59c1380f1,d72fa03a-1ab4-5023-aef0-736d4bad06d3,f640edb7-c655-5503-a66f-ec664e730176,4,4,ክፉዎች እንዲህ አይደሉም ነገር ግን ነፋስ ጠርጎ እንደሚወስደው ትቢያ ናቸው
02889721-9a31-5f23-a3a0-f37e674fa5d2,d72fa03a-1ab4-5023-aef0-736d4bad06d3,f640edb7-c655-5503-a66f-ec664e730176,5,5,ስለዚህ ክፉዎች በፍርድ ኀጢአተኛዎችም በጻድቃን ማኅበር አይቆሙም
d859a031-d909-5889-adc2-52792c0041da,d72fa03a-1ab4-5023-aef0-736d4bad06d3,f640edb7-c655-5503-a66f-ec664e730176,6,6,እግዚአብሔር የጻድቃንን መንገድ ያውቃልና የክፉዎች መንገድ ግን ትጠፋለች
b9a0c42e-7996-5c28-a433-237dd701f5e5,614c2321-7940-588f-a12b-e691a9dd2ba0,438cc212-f8c0-53ec-aac3-dff8a7b56c37,1,1,አሕዛብ ለምን ያጕረመርማሉ ወገኖችስ ለምን ከንቱን ይናገራሉ
20110a76-d849-5782-a867-63619b035576,614c2321-7940-588f-a12b-e691a9dd2ba0,438cc212-f8c0-53ec-aac3-dff8a7b56c37,2,2,የምድር ነገሥታት ተነሡ አለቃዎችም በእግዚአብሔርና በመሲሑ ላይ እንዲህ ሲሉ ተማከሩ
8a4ad3fe-7691-5908-a222-1d5ca697b254,614c2321-7940-588f-a12b-e691a9dd2ba0,438cc212-f8c0-53ec-aac3-dff8a7b56c37,3,3,ማሰሪያቸውን እንበጥስ ገመዳቸውንም ከእኛ እንጣል
da9ea230-6ac9-5ee3-a825-0b49a90cbfd6,614c2321-7940-588f-a12b-e691a9dd2ba0,438cc212-f8c0-53ec-aac3-dff8a7b56c37,4,4,በሰማይ የሚኖር ርሱ ይሥቃል ጌታም ይሣለቅባቸዋል
7a3be352-7e45-5cd2-a9be-283ab654e753,614c2321-7940-588f-a12b-e691a9dd2ba0,438cc212-f8c0-53ec-aac3-dff8a7b56c37,5,5,በዚያን ጊዜ በቍጣው ይናገራቸዋል በመዓቱም ያውካቸዋል
610a9b99-bb49-5067-a058-4f8627f331d5,614c2321-7940-588f-a12b-e691a9dd2ba0,438cc212-f8c0-53ec-aac3-dff8a7b56c37,6,6,እኔ ግን ንጉሤን ሾምኹ በተቀደሰው ተራራዬ በጽዮን ላይ
b01bd80f-d23e-5518-af55-a8850e225a23,614c2321-7940-588f-a12b-e691a9dd2ba0,438cc212-f8c0-53ec-aac3-dff8a7b56c37,7,7,ትእዛዙን እናገራለኹ እግዚአብሔር አለኝ፦አንተ ልጄ ነኽ እኔ ዛሬ ወለድኹኽ
8dd99d13-6abc-5427-a4ac-f30c6b2b45b2,614c2321-7940-588f-a12b-e691a9dd2ba0,438cc212-f8c0-53ec-aac3-dff8a7b56c37,8,8,ለምነኝ አሕዛብን ለርስትኽ የምድርንም ዳርቻ ለግዛትኽ እሰጥኻለኹ
795f7439-a13b-58c7-adcd-4ea130223126,614c2321-7940-588f-a12b-e691a9dd2ba0,438cc212-f8c0-53ec-aac3-dff8a7b56c37,9,9,በብረት በትር ትጠብቃቸዋለኽ እንደ ሸክላ ሠሪ ዕቃዎች ትቀጠቅጣቸዋለኽ
0e9de80f-63e5-55ab-a4dc-fb793cc5f494,614c2321-7940-588f-a12b-e691a9dd2ba0,438cc212-f8c0-53ec-aac3-dff8a7b56c37,10,10,አኹንም እናንት ነገሥታት ልብ አድርጉ እናንት የምድር ፈራጆችም ተገሠጹ
fc46f976-9782-5d68-a838-36f78db34b26,614c2321-7940-588f-a12b-e691a9dd2ba0,438cc212-f8c0-53ec-aac3-dff8a7b56c37,11,11,ለእግዚአብሔር በፍርሀት ተገዙ በረዓድም ደስ ይበላችኹ
fe4b1072-142a-5eb3-a96a-0dec5a3c9c98,614c2321-7940-588f-a12b-e691a9dd2ba0,438cc212-f8c0-53ec-aac3-dff8a7b56c37,12,12,ተግሣጹን ተቀበሉ ጌታ እንዳይቈጣ እናንተም በመንገድ እንዳትጠፉ ቍጣው ፈጥና ትነዳ፟ለችና በርሱ የታመኑ ዅሉ የተመሰገኑ ናቸው
eb6214f0-eaf6-52d3-a077-3d7054b15b19,3199ceab-315d-5397-a2ba-8d891eea617c,c280445f-4ad1-57f7-aba2-b73e8bfb5b98,1,1,አቤቱ የሚያስጨንቁኝ ምንኛ በዙ! በእኔ ላይ የሚቆሙት ብዙ ናቸው
92eed20e-9403-594e-a16a-7a8759d63e00,3199ceab-315d-5397-a2ba-8d891eea617c,c280445f-4ad1-57f7-aba2-b73e8bfb5b98,2,2,ብዙ ሰዎች ነፍሴን፦አምላክሽ አያድንሽም አሏት
ad8090cb-75b2-5360-a584-44d213667b4a,3199ceab-315d-5397-a2ba-8d891eea617c,c280445f-4ad1-57f7-aba2-b73e8bfb5b98,3,3,አንተ ግን አቤቱ መጠጊያዬ ነኽ ክብሬንና ራሴንም ከፍ ከፍ የምታደርገው አንተ ነኽ
66896e80-3bcc-5483-a4c3-f7da1fc4ef61,3199ceab-315d-5397-a2ba-8d891eea617c,c280445f-4ad1-57f7-aba2-b73e8bfb5b98,4,4,በቃሌ ወደ እግዚአብሔር እጮኻለኹ ከተቀደሰ ተራራውም ይሰማኛል
ed827423-d74d-527b-a8bb-6908fc9c58f7,3199ceab-315d-5397-a2ba-8d891eea617c,c280445f-4ad1-57f7-aba2-b73e8bfb5b98,5,5,እኔ ተኛኹ አንቀላፋኹም እግዚአብሔርም ደግፎኛልና ነቃኹ
0c259bd6-cacf-56e4-a107-6efd83f1e364,3199ceab-315d-5397-a2ba-8d891eea617c,c280445f-4ad1-57f7-aba2-b73e8bfb5b98,6,6,ከሚከቡ፟ኝ ከአእላፍ ሕዝብ አልፈራም
482bbdb3-1ad8-5df7-a1b6-4bad4b3df325,3199ceab-315d-5397-a2ba-8d891eea617c,c280445f-4ad1-57f7-aba2-b73e8bfb5b98,7,7,ተነሥ አቤቱ አምላኬ ሆይ አድነኝ አንተ የጠላቶቼን መንጋጋ መትተኻልና የክፉዎችንም ጥርስ ሰብረኻ ልና
bbffdf5a-fb03-5af4-a114-ba05436bc6e4,3199ceab-315d-5397-a2ba-8d891eea617c,c280445f-4ad1-57f7-aba2-b73e8bfb5b98,8,8,ማዳን የእግዚአብሔር ነው በረከትኽም በሕዝብኽ ላይ ነው
10adbc58-193b-5331-ae5d-632410818133,1f77d61f-c4c6-5b0d-a433-5e5eea6b7d11,be52487a-3471-5a61-ab20-ae6695da0a06,1,1,የጽድቄ አምላክ በጠራኹት ጊዜ መለሰልኝ በጭንቀቴም አሰፋኽልኝ ማረኝ ጸሎቴንም ስማ
ad636f5e-cbbe-5e97-af6c-c885f67c1a44,1f77d61f-c4c6-5b0d-a433-5e5eea6b7d11,be52487a-3471-5a61-ab20-ae6695da0a06,2,2,እናንት የሰው ልጆች እስከ መቼ ድረስ ልባችኹን ታከብዳላችኹ
1ecae6b9-6183-5977-a9ba-79d9d8e9b36a,1f77d61f-c4c6-5b0d-a433-5e5eea6b7d11,be52487a-3471-5a61-ab20-ae6695da0a06,3,3,እግዚአብሔር በጻድቁ እንደ ተገለጠ ዕወቁ እግዚአብሔር ወደ ርሱ በተጣራኹ ጊዜ ይሰማኛል
c7b5f5f3-d605-5082-a9a4-ecca3c40d3e6,1f77d61f-c4c6-5b0d-a433-5e5eea6b7d11,be52487a-3471-5a61-ab20-ae6695da0a06,4,4,ተቈጡ ነገር ግን ኀጢአትን አታድርጉ በመኝታችኹ ሳላችኹ በልባችኹ ዐስቡ ዝም በሉ
d29c75fa-6f1e-5d09-a016-2975f47f58b7,1f77d61f-c4c6-5b0d-a433-5e5eea6b7d11,be52487a-3471-5a61-ab20-ae6695da0a06,5,5,የጽድቅን መሥዋዕት ሠዉ በእግዚአብሔርም ታመኑ
a24f3653-7b89-5b27-a834-8a394dab11e6,1f77d61f-c4c6-5b0d-a433-5e5eea6b7d11,be52487a-3471-5a61-ab20-ae6695da0a06,6,6,በጎውን ማን ያሳየናል የሚሉ ብዙ ናቸው አቤቱ የፊትኽ ብርሃን በላያችን ታወቀ
0e09470b-f9bf-5185-a879-a7056c9f308a,1f77d61f-c4c6-5b0d-a433-5e5eea6b7d11,be52487a-3471-5a61-ab20-ae6695da0a06,7,7,በልቤ ደስታን ጨመርኽ ከስንዴ ፍሬና ከወይን ከዘይትም ይልቅ በዛ
f6196b5d-21e2-5605-a79c-38cd521e8fe9,1f77d61f-c4c6-5b0d-a433-5e5eea6b7d11,be52487a-3471-5a61-ab20-ae6695da0a06,8,8,በሰላም እተኛለኹ አንቀላፋለኹም አቤቱ አንተ ብቻኽን በእምነት አሳድረኸኛልና
fc66366a-bdaa-5b75-a255-e99e1c7e61ae,2560c473-41c5-531b-a645-8f218ff54b14,fd2f22bf-09fe-5f8e-a3b6-7b17201dd956,1,1,አቤቱ ቃሌን አድምጥ ጩኸቴንም አስተውል
386feb2e-af15-5408-af2b-5ca9e9d355be,2560c473-41c5-531b-a645-8f218ff54b14,fd2f22bf-09fe-5f8e-a3b6-7b17201dd956,2,2,የልመናዬን ቃል አድምጥ ንጉሤና አምላኬ ሆይ አቤቱ ወዳንተ እጸልያለኹና
f6a9b106-cbe2-5653-aed0-a3e5b921642d,2560c473-41c5-531b-a645-8f218ff54b14,fd2f22bf-09fe-5f8e-a3b6-7b17201dd956,3,3,በማለዳ ድምፄን ትሰማለኽ በማለዳ በፊትኽ እቆማለኹ እጠብቃለኹም
9ccdf4ac-d82d-5659-ac34-ca867b9d747a,2560c473-41c5-531b-a645-8f218ff54b14,fd2f22bf-09fe-5f8e-a3b6-7b17201dd956,4,4,አንተ በደልን የማትወድ፟ አምላክ ነኽና ክፉ ከአንተ ጋራ አያድርም
d779a78f-2d25-5f82-ac20-71b36ec485dc,2560c473-41c5-531b-a645-8f218ff54b14,fd2f22bf-09fe-5f8e-a3b6-7b17201dd956,5,5,በከንቱ የሚመኩ በዐይኖችኽ ፊት አይኖሩም ክፉ አድራጊዎችን ዅሉ ጠላኽ
b3a364ad-6ef5-542b-a502-b5a81addb707,2560c473-41c5-531b-a645-8f218ff54b14,fd2f22bf-09fe-5f8e-a3b6-7b17201dd956,6,6,ሐሰትን የሚናገሩትን ታጠፋቸዋለኽ ደም አፍሳሹንና ሸንጋዩን ሰው እግዚአብሔር ይጸየፋል
f045241b-ca09-5051-a770-4793677a89b8,2560c473-41c5-531b-a645-8f218ff54b14,fd2f22bf-09fe-5f8e-a3b6-7b17201dd956,7,7,እኔ ግን በምሕረትኽ ብዛት ወደ ቤትኽ እገባለኹ አንተን በመፍራት ወደ ቅድስናኽ መቅደስ እሰግዳለ ኹ
4417d705-c413-596c-a8c7-5f254e7df8f5,2560c473-41c5-531b-a645-8f218ff54b14,fd2f22bf-09fe-5f8e-a3b6-7b17201dd956,8,8,አቤቱ ስለ ጠላቶቼ በጽድቅኽ ምራኝ መንገዴን በፊትኽ አቅና
c5ea0880-663b-5a7d-ace8-5318671dac6c,2560c473-41c5-531b-a645-8f218ff54b14,fd2f22bf-09fe-5f8e-a3b6-7b17201dd956,9,9,በአፋቸው እውነት የለምና ልባቸውም ከንቱ ነው ጕረሯቸው የተከፈተ መቃብር ነው በምላሳቸው ይሸነግ ላሉ
1d936307-a023-5adf-afb7-f8410e4613c8,2560c473-41c5-531b-a645-8f218ff54b14,fd2f22bf-09fe-5f8e-a3b6-7b17201dd956,10,10,አቤቱ ፍረድባቸው በምክራቸውም ይውደቁ ስለ ክፋታቸውም ብዛት አሳዳ፟ቸው እነርሱ ዐምፀውብኻልና
c5a9fcb8-bc17-5ef8-a428-873f3c923e8a,2560c473-41c5-531b-a645-8f218ff54b14,fd2f22bf-09fe-5f8e-a3b6-7b17201dd956,11,11,ባንተ የሚታመኑት ዅሉ ግን ደስ ይላቸዋል ለዘለዓለሙ ደስ ይላቸዋል እነርሱንም ትጠብቃለኽ ስምኽ ንም የሚወዱ ዅሉ ባንተ ይመካሉ
61324474-fe5a-522e-afa2-5b317c480c65,2560c473-41c5-531b-a645-8f218ff54b14,fd2f22bf-09fe-5f8e-a3b6-7b17201dd956,12,12,አንተ ጻድቁን ትባርከዋለኽና አቤቱ እንደ ጋሻ በሞገስ ከለልኸን
30a19380-5f75-5dce-a00e-252ed4acaad2,36ea182b-faf3-5879-a600-36cac4f63fa0,7e0e3158-d733-55ad-ae28-9f1b16a11366,1,1,አቤቱ በቍጣኽ አትቅሠፈኝ በመዓትኽም አትገሥጸኝ
2354c343-0417-5c55-aa98-119a4fe7316d,36ea182b-faf3-5879-a600-36cac4f63fa0,7e0e3158-d733-55ad-ae28-9f1b16a11366,2,2,ድውይ ነኝና አቤቱ ማረኝ ዐጥንቶቼ ታውከዋልና ፈውሰኝ
48908e15-d0c8-5136-a232-efbbae410859,36ea182b-faf3-5879-a600-36cac4f63fa0,7e0e3158-d733-55ad-ae28-9f1b16a11366,3,3,ነፍሴም እጅግ ታወከች አንተም አቤቱ እስከ መቼ ድረስ ነው
d1505250-8cd5-54a3-aa29-58f4dcd183f7,36ea182b-faf3-5879-a600-36cac4f63fa0,7e0e3158-d733-55ad-ae28-9f1b16a11366,4,4,አቤቱ ተመለስ ነፍሴንም አድናት ስለ ቸርነትኽም አድነኝ
ea87a3cc-1b5f-5f06-ae12-cb92e0b46391,36ea182b-faf3-5879-a600-36cac4f63fa0,7e0e3158-d733-55ad-ae28-9f1b16a11366,5,5,በሞት የሚያስብኽ የለምና በሲኦልም የሚያመሰግንኽ ማን ነው
3755af64-e884-5b3c-a61c-eb39262b78e6,36ea182b-faf3-5879-a600-36cac4f63fa0,7e0e3158-d733-55ad-ae28-9f1b16a11366,6,6,በጭንቀቴ ደክሜያለኹ ሌሊቱን ዅሉ ዐልጋዬን ዐጥባለኹ በዕንባዬም መኝታዬን አርሳለኹ
57ee80ce-f014-5478-ad4b-5000d9b5053a,36ea182b-faf3-5879-a600-36cac4f63fa0,7e0e3158-d733-55ad-ae28-9f1b16a11366,7,7,ዐይኔ ከቍጡ ዕንባ የተነሣ ታወከች ከጠላቶቼ ዅሉ የተነሣ አረጀኹ
2eb8c3af-3f2d-5e5d-a8bd-cdc8d083f37c,36ea182b-faf3-5879-a600-36cac4f63fa0,7e0e3158-d733-55ad-ae28-9f1b16a11366,8,8,ዐመፃን የምታደርጉ ዅሉ ከእኔ ራቁ እግዚአብሔር የልቅሶዬን ቃል ሰምቷልና
c2fc67a1-03c9-5fff-a128-bd631bc07895,36ea182b-faf3-5879-a600-36cac4f63fa0,7e0e3158-d733-55ad-ae28-9f1b16a11366,9,9,እግዚአብሔር ልመናዬን ሰማኝ እግዚአብሔር ጸሎቴን ተቀበለ
4a14cf60-76d1-517b-a217-1b9266f7fa2e,36ea182b-faf3-5879-a600-36cac4f63fa0,7e0e3158-d733-55ad-ae28-9f1b16a11366,10,10,ጠላቶቼ ዅሉ ይፈሩ እጅግም ይጐስቍሉ ወደ ዃላቸው ይመለሱ በፍጥነትም ይፈሩ
f47c9910-0ad1-5f8f-aaef-520980405556,e675cf92-c753-58c5-ac88-d52e201c1f67,7962b1f9-9c7f-5945-a936-bed92597d855,1,1,አቤቱ አምላኬ ባንተ ታመንኹ ከሚያሳድዱኝ ዅሉ አድነኝና አውጣኝ
3ac787d3-b5bc-55fb-a681-48876ea01c6b,e675cf92-c753-58c5-ac88-d52e201c1f67,7962b1f9-9c7f-5945-a936-bed92597d855,2,2,ነፍሴን እንደ አንበሳ ነጥቀው እንዳይሰብሯት የሚያድንና የሚታደግ ሳይኖር
fe37edfa-dba4-540c-a7a6-4a226517f031,e675cf92-c753-58c5-ac88-d52e201c1f67,7962b1f9-9c7f-5945-a936-bed92597d855,3,3,አቤቱ አምላኬ እንዲህስ ካደረግኹ ዐመፃም በእጄ ቢኖር
fc367208-8eb9-5a06-a43d-81e18c60fc9c,e675cf92-c753-58c5-ac88-d52e201c1f67,7962b1f9-9c7f-5945-a936-bed92597d855,4,4,ክፉ ላደረጉብኝም ክፉን መልሼላቸው ብኾን ጠላቴንም በከንቱ ገፍቼው ብኾን
62d0508f-d26d-53b4-a77a-0d210e12dd4e,e675cf92-c753-58c5-ac88-d52e201c1f67,7962b1f9-9c7f-5945-a936-bed92597d855,5,5,ጠላት ነፍሴን ያሳዳ፟ት ያግኛትም ሕይወቴንም በምድር ላይ ይርገጣት ክብሬንም በትቢያ ላይ ያዋርዳ ት
23370e81-3fa4-55f4-a9a5-783bf44704d5,e675cf92-c753-58c5-ac88-d52e201c1f67,7962b1f9-9c7f-5945-a936-bed92597d855,6,6,አቤቱ በመዓትኽ ተነሥ በጠላቶቼ ላይ በቍጣ ተነሣባቸው አቤቱ አምላኬ ባዘዝኸው ትእዛዝ ንቃ
78e1b56a-11ec-5a07-aed8-91f70bdea96b,e675cf92-c753-58c5-ac88-d52e201c1f67,7962b1f9-9c7f-5945-a936-bed92597d855,7,7,የአሕዛብም ጉባኤ ይከብ፟ኻል በእነርሱም ላይ ወደ ከፍታ ተመለስ
f2157d3c-4a7c-5691-a34c-ecfd9b08e4bb,e675cf92-c753-58c5-ac88-d52e201c1f67,7962b1f9-9c7f-5945-a936-bed92597d855,8,8,እግዚአብሔር በአሕዛብ ይፈርዳል አቤቱ እንደ ጽድቄ ፍረድልኝ እንደ የዋህነቴም ይኹንልኝ
aa5ff7f5-61a9-5475-aab2-a12231831c11,e675cf92-c753-58c5-ac88-d52e201c1f67,7962b1f9-9c7f-5945-a936-bed92597d855,9,9,የኃጥኣን ክፋት ይጥፋ ጻድቁን ግን አቅና እግዚአብሔር ልቡናንና ኵላሊትን ይመረምራል
b33c34c4-1e64-5437-abd7-84577ff2db83,e675cf92-c753-58c5-ac88-d52e201c1f67,7962b1f9-9c7f-5945-a936-bed92597d855,10,10,እግዚአብሔር የጽድቅ ጋሻዬ ነው ልበ ቅኖችን የሚያድናቸው
014490b7-2192-5cd1-a685-d97a0a339f16,e675cf92-c753-58c5-ac88-d52e201c1f67,7962b1f9-9c7f-5945-a936-bed92597d855,11,11,እግዚአብሔር የእውነት ዳኛ ነው ኀይለኛም ታጋሽም ነው ዅልጊዜም አይቈጣም
13151cc3-aea1-5380-a56e-ca11bf8e8852,e675cf92-c753-58c5-ac88-d52e201c1f67,7962b1f9-9c7f-5945-a936-bed92597d855,12,12,ባትመለሱ ግን ሰይፉን ይስላል ቀስቱን ገተረ አዘጋጀም
5a217637-2256-5766-aa30-985e0354eb52,e675cf92-c753-58c5-ac88-d52e201c1f67,7962b1f9-9c7f-5945-a936-bed92597d855,13,13,የሞት መሣሪያንም አዘጋጀበት ፍላጻዎቹንም የሚቃጠሉ አደረገ
b4b6df7a-2adf-5c0b-a7bc-b0afb0b70b73,e675cf92-c753-58c5-ac88-d52e201c1f67,7962b1f9-9c7f-5945-a936-bed92597d855,14,14,እንሆ በዐመፃ ተጨነቀ ጕዳትን ፀነሰ ኀጢአትንም ወለደ
dc28c2c7-1f2b-59f0-aca1-dc2820298b79,e675cf92-c753-58c5-ac88-d52e201c1f67,7962b1f9-9c7f-5945-a936-bed92597d855,15,15,ጕድጓድን ማሰ ቈፈረም ባደረገውም ጕድጓድ ይወድቃል
bc666a34-8982-5926-a421-42617fe86428,e675cf92-c753-58c5-ac88-d52e201c1f67,7962b1f9-9c7f-5945-a936-bed92597d855,16,16,ጕዳቱ በራሱ ይመለሳል ዐመፃውም በዐናቱ ላይ ትወርዳለች
00b440be-cd7f-5d35-a508-d51f224488be,e675cf92-c753-58c5-ac88-d52e201c1f67,7962b1f9-9c7f-5945-a936-bed92597d855,17,17,እግዚአብሔርን እንደ ጽድቁ መጠን አመሰግናለኹ ለልዑል እግዚአብሔርም ስም እዘምራለኹ
c7d29bed-3eac-5ec1-a9f4-826fc8edaad4,71942d41-586f-5fea-a121-76ef23c4e9e4,90f82410-fc1e-5380-abeb-ffc5776f103f,1,1,አቤቱ ጌታችን ስምኽ በምድር ዅሉ እጅግ ተመሰገነ ምስጋናኽ በሰማዮች ላይ ከፍ ከፍ ብሏልና
2a9f99e8-cb73-5e3e-a9b3-29781f9eda5e,71942d41-586f-5fea-a121-76ef23c4e9e4,90f82410-fc1e-5380-abeb-ffc5776f103f,2,2,ከሕፃናትና ከሚጠቡ ልጆች አፍ ምስጋናን አዘጋጀኽ ስለ ጠላትኽ ጠላትንና ቂመኛን ለማጥፋት
439b2cdd-d6fc-5425-a69b-469029f24d39,71942d41-586f-5fea-a121-76ef23c4e9e4,90f82410-fc1e-5380-abeb-ffc5776f103f,3,3,የጣቶችኽን ሥራ ሰማዮችን ባየኹ ጊዜ ጨረቃንና ከዋክብትን አንተ የሠራኻቸውን
f3572417-2916-5818-a592-4f8f58a37ee1,71942d41-586f-5fea-a121-76ef23c4e9e4,90f82410-fc1e-5380-abeb-ffc5776f103f,4,4,ታስበው ዘንድ ሰው ምንድር ነው ትጐበኘውም ዘንድ የሰው ልጅ ምንድር ነው
fe3f7263-964b-5709-a180-f0728a5a8d4d,71942d41-586f-5fea-a121-76ef23c4e9e4,90f82410-fc1e-5380-abeb-ffc5776f103f,5,5,ከመላእክት እጅግ ጥቂት አሳነስኸው በክብርና በምስጋና ዘውድ ከለልኸው
78c1637d-37ef-5814-ad4b-6bd331fc95a8,71942d41-586f-5fea-a121-76ef23c4e9e4,90f82410-fc1e-5380-abeb-ffc5776f103f,6,6,በእጆችኽም ሥራ ዅሉ ላይ ሾምኸው ዅሉን ከእግሮቹ በታች አስገዛኽለት
52ef4646-2b8f-5896-a40f-68bad50d6960,71942d41-586f-5fea-a121-76ef23c4e9e4,90f82410-fc1e-5380-abeb-ffc5776f103f,7,7,በጎችንም ላሞችንም ዅሉ ደግሞም የምድረ በዳውን እንስሳዎች
9692fee9-28b4-5a1e-a01e-a30c1f10fff6,71942d41-586f-5fea-a121-76ef23c4e9e4,90f82410-fc1e-5380-abeb-ffc5776f103f,8,8,የሰማይንም ወፎች የባሕርንም ዓሣዎች በባሕር መንገድ የሚኼደውንም ዅሉ፦
1d750b9f-231b-512f-acb2-5e3c2b49dae2,71942d41-586f-5fea-a121-76ef23c4e9e4,90f82410-fc1e-5380-abeb-ffc5776f103f,9,9,አቤቱ ጌታችን ስምኽ በምድር ዅሉ እጅግ ተመሰገነ
6698c576-c99f-57c9-a2df-d0093f175739,f8b5acd8-a940-5949-a362-4ad14700a209,455ca479-25d8-5c76-a98c-d768fe03d9cb,1,1,አቤቱ በልቤ ዅሉ አመሰግንኻለኹ ተኣምራትኽንም ዅሉ እነግራለኹ
f19aff15-7c19-52b2-ae7b-370c97e26f76,f8b5acd8-a940-5949-a362-4ad14700a209,455ca479-25d8-5c76-a98c-d768fe03d9cb,2,2,ባንተ ደስ ይለኛል ሐሤትንም አደርጋለኹ ልዑል ሆይ ለስምኽ እዘምራለኹ
400de315-a51f-52a8-aa74-efbb4f4d782e,f8b5acd8-a940-5949-a362-4ad14700a209,455ca479-25d8-5c76-a98c-d768fe03d9cb,3,3,ጠላቶቼ ወደ ዃላ በተመለሱ ጊዜ ይሰናከላሉ ከፊትኽም ይጠፋሉ
3be1f209-cf8d-5251-ac8e-e137c79182cf,f8b5acd8-a940-5949-a362-4ad14700a209,455ca479-25d8-5c76-a98c-d768fe03d9cb,4,4,ፍርዴንና በቀሌን አድርገኽልኛልና ጽድቅን እየፈረድኽ በዙፋንኽ ላይ ተቀመጥኽ
bc00cd0d-00be-5d67-ad72-56fd72757aed,f8b5acd8-a940-5949-a362-4ad14700a209,455ca479-25d8-5c76-a98c-d768fe03d9cb,5,5,አሕዛብን ገሠጽኽ ዝንጉዎችንም አጠፋኽ ስማቸውንም ለዘለዓለም ደመሰስኽ
992adc3a-d922-5de4-a00b-0ee5efef79a6,f8b5acd8-a940-5949-a362-4ad14700a209,455ca479-25d8-5c76-a98c-d768fe03d9cb,6,6,ጠላቶች በጦር ለዘለዓለም ጠፉ ከተማዎቻቸውንም አፈረስኽ ዝክራቸውም በአንድነት ጠፋ
941b7fab-dff4-55dd-acb0-b0b31c12a165,f8b5acd8-a940-5949-a362-4ad14700a209,455ca479-25d8-5c76-a98c-d768fe03d9cb,7,7,እግዚአብሔር ግን ለዘለዓለም ይኖራል ዙፋኑንም ለመፍረድ አዘጋጀ
8bbd27bc-aa02-515a-a11d-3cc1dab2b016,f8b5acd8-a940-5949-a362-4ad14700a209,455ca479-25d8-5c76-a98c-d768fe03d9cb,8,8,ርሱም ዓለምን በጽድቅ ይፈርዳታል አሕዛብንም በቅንነት ይዳኛቸዋል
